#! FIELDS time refcv.mean refcv.morethan
 0.000000 0.632902 264.949814
 1.000000 0.667512 275.066451
 2.000000 0.671949 276.293380
 3.000000 0.671859 276.936024
 4.000000 0.678476 277.740828
 5.000000 0.688259 278.970474
 6.000000 0.697865 280.983826
 7.000000 0.696371 280.529869
 8.000000 0.698897 280.774850
 9.000000 0.702409 281.899260
 10.000000 0.700813 281.421681
 11.000000 0.693650 280.594819
 12.000000 0.703443 281.580882
 13.000000 0.695640 281.096559
 14.000000 0.701577 281.715307
 15.000000 0.695048 281.107753
 16.000000 0.694929 280.769207
 17.000000 0.692254 280.543687
 18.000000 0.701776 281.592221
 19.000000 0.702566 281.877346
 20.000000 0.700714 281.515117
 21.000000 0.691995 280.469336
 22.000000 0.703694 281.877976
 23.000000 0.709326 282.260105
 24.000000 0.701228 281.438005
 25.000000 0.708192 282.500190
 26.000000 0.700513 281.405194
 27.000000 0.708705 282.397240
 28.000000 0.709201 282.165205
 29.000000 0.707961 282.215721
 30.000000 0.714877 283.052087
 31.000000 0.706311 281.892785
 32.000000 0.707370 282.200494
 33.000000 0.708558 282.248304
 34.000000 0.698210 280.794106
 35.000000 0.696306 280.934230
 36.000000 0.701372 281.484887
 37.000000 0.704969 281.876673
 38.000000 0.702917 281.621745
 39.000000 0.710830 282.502906
 40.000000 0.703465 281.999124
 41.000000 0.709170 282.382407
 42.000000 0.703602 281.642437
 43.000000 0.706850 282.267207
 44.000000 0.710177 282.591435
 45.000000 0.707106 282.329912
 46.000000 0.706709 282.323634
 47.000000 0.714039 283.026005
 48.000000 0.696184 281.165313
 49.000000 0.708063 282.493608
 50.000000 0.715494 282.927537
 51.000000 0.709005 282.720891
 52.000000 0.713040 282.895386
 53.000000 0.714931 283.151769
 54.000000 0.705117 282.238476
 55.000000 0.708228 282.407131
 56.000000 0.712533 283.047509
 57.000000 0.711797 282.660515
 58.000000 0.700695 281.626349
 59.000000 0.706782 282.268768
 60.000000 0.707241 282.089267
 61.000000 0.715285 283.026913
 62.000000 0.709034 282.455032
 63.000000 0.709486 282.593616
 64.000000 0.704219 282.154322
 65.000000 0.717708 283.503451
 66.000000 0.718888 283.309373
 67.000000 0.716527 283.231094
 68.000000 0.715066 283.006646
 69.000000 0.714204 283.051488
 70.000000 0.712609 282.915478
 71.000000 0.723847 283.681337
 72.000000 0.713700 283.076874
 73.000000 0.706555 282.376736
 74.000000 0.717315 283.338119
 75.000000 0.715070 283.108975
 76.000000 0.719410 283.347639
 77.000000 0.722818 283.766921
 78.000000 0.715477 283.069422
 79.000000 0.722165 283.776945
 80.000000 0.719838 283.724710
 81.000000 0.718116 283.407836
 82.000000 0.718088 283.383356
 83.000000 0.725428 283.944695
 84.000000 0.724073 283.939517
 85.000000 0.720187 283.557004
 86.000000 0.723585 283.762833
 87.000000 0.716813 283.172340
 88.000000 0.722213 283.672500
 89.000000 0.711996 282.716995
 90.000000 0.719130 283.306093
 91.000000 0.726941 283.940415
 92.000000 0.728478 283.795649
 93.000000 0.720095 283.479485
 94.000000 0.723331 283.711525
 95.000000 0.717061 283.166181
 96.000000 0.717686 283.095833
 97.000000 0.719289 283.473656
 98.000000 0.714683 282.944646
 99.000000 0.716814 283.283902
 100.000000 0.720628 283.379973
 101.000000 0.723513 283.491140
 102.000000 0.715979 283.140501
 103.000000 0.722362 283.825035
 104.000000 0.721294 283.587383
 105.000000 0.732373 284.271895
 106.000000 0.733088 284.211339
 107.000000 0.725943 283.703459
 108.000000 0.720379 283.475688
 109.000000 0.723506 283.832748
 110.000000 0.723136 283.704000
 111.000000 0.730437 284.076941
 112.000000 0.728917 283.768747
 113.000000 0.728752 283.949704
 114.000000 0.724376 283.661198
 115.000000 0.727436 283.833931
 116.000000 0.726121 283.920661
 117.000000 0.738569 284.628694
 118.000000 0.731545 284.016817
 119.000000 0.724684 283.612503
 120.000000 0.716975 283.116961
 121.000000 0.725382 283.660714
 122.000000 0.711249 282.463515
 123.000000 0.715484 282.856356
 124.000000 0.715307 282.758233
 125.000000 0.721159 283.248980
 126.000000 0.716662 282.863643
 127.000000 0.714253 282.698736
 128.000000 0.705761 281.849017
 129.000000 0.723227 283.613097
 130.000000 0.732567 284.097697
 131.000000 0.722437 283.396466
 132.000000 0.717392 282.868862
 133.000000 0.715241 282.340261
 134.000000 0.723126 283.350197
 135.000000 0.724591 283.568823
 136.000000 0.719828 283.216213
 137.000000 0.722433 283.402423
 138.000000 0.721067 283.133378
 139.000000 0.722379 283.455352
 140.000000 0.714058 282.674936
 141.000000 0.712056 282.620524
 142.000000 0.720072 283.423464
 143.000000 0.716739 282.840188
 144.000000 0.707226 281.685995
 145.000000 0.716963 283.016645
 146.000000 0.718813 282.893736
 147.000000 0.711135 282.559400
 148.000000 0.722389 283.254124
 149.000000 0.701707 281.282964
 150.000000 0.713924 282.856194
 151.000000 0.718023 283.045084
 152.000000 0.716703 283.093871
 153.000000 0.715539 282.689321
 154.000000 0.715334 282.546924
 155.000000 0.710066 282.385009
 156.000000 0.711050 282.531748
 157.000000 0.718421 282.916798
 158.000000 0.718696 282.909235
 159.000000 0.717695 283.344844
 160.000000 0.720307 283.170702
 161.000000 0.719453 283.317940
 162.000000 0.707238 282.150579
 163.000000 0.709087 282.407378
 164.000000 0.721906 283.530303
 165.000000 0.709829 282.425035
 166.000000 0.705611 282.133836
 167.000000 0.701072 281.539524
 168.000000 0.700401 281.126675
 169.000000 0.720675 283.334107
 170.000000 0.719758 283.247724
 171.000000 0.702112 281.524719
 172.000000 0.710400 282.293754
 173.000000 0.714417 282.674726
 174.000000 0.709386 282.130629
 175.000000 0.709664 281.939234
 176.000000 0.719303 282.972377
 177.000000 0.714049 282.615021
 178.000000 0.721482 283.127741
 179.000000 0.711358 282.096558
 180.000000 0.724324 283.301800
 181.000000 0.710765 282.428949
 182.000000 0.714548 282.820646
 183.000000 0.713858 282.544281
 184.000000 0.717172 282.999543
 185.000000 0.709742 282.636369
 186.000000 0.711024 282.463461
 187.000000 0.711622 282.470854
 188.000000 0.727214 283.743059
 189.000000 0.718168 283.094843
 190.000000 0.719944 283.242419
 191.000000 0.719175 282.887849
 192.000000 0.714745 282.578258
 193.000000 0.713065 282.398653
 194.000000 0.717486 283.123279
 195.000000 0.715857 282.814923
 196.000000 0.722596 283.300099
 197.000000 0.719225 282.949350
 198.000000 0.727892 284.086464
 199.000000 0.722921 283.549706
 200.000000 0.720428 283.380358
 201.000000 0.729859 284.149035
 202.000000 0.728624 283.784233
 203.000000 0.721691 283.446298
 204.000000 0.713496 283.045834
 205.000000 0.722910 283.588861
 206.000000 0.721997 283.569393
 207.000000 0.724393 283.792147
 208.000000 0.720263 283.506711
 209.000000 0.713615 282.933633
 210.000000 0.710153 282.586262
 211.000000 0.716309 283.229724
 212.000000 0.718777 283.336820
 213.000000 0.715485 283.100181
 214.000000 0.714738 283.095779
 215.000000 0.720538 283.420716
 216.000000 0.715356 282.647486
 217.000000 0.718143 283.355065
 218.000000 0.721610 283.518650
 219.000000 0.711895 282.462423
 220.000000 0.718326 283.304566
 221.000000 0.714906 283.102813
 222.000000 0.716726 282.980278
 223.000000 0.714522 282.964675
 224.000000 0.709984 282.545473
 225.000000 0.716585 283.017817
 226.000000 0.715128 282.995548
 227.000000 0.715742 282.767609
 228.000000 0.707228 282.210677
 229.000000 0.724611 283.673588
 230.000000 0.710796 282.741000
 231.000000 0.706018 282.070101
 232.000000 0.718122 283.119823
 233.000000 0.707148 282.400382
 234.000000 0.712650 282.816218
 235.000000 0.714754 282.837565
 236.000000 0.703188 282.003008
 237.000000 0.719842 283.516710
 238.000000 0.707911 282.512566
 239.000000 0.708965 282.306831
 240.000000 0.701490 281.822904
 241.000000 0.701919 282.146251
 242.000000 0.708891 282.613285
 243.000000 0.701417 281.970890
 244.000000 0.709311 282.411289
 245.000000 0.712383 282.736604
 246.000000 0.709172 282.414214
 247.000000 0.701040 281.718085
 248.000000 0.706526 282.288837
 249.000000 0.703173 281.993837
 250.000000 0.703189 281.869857
 251.000000 0.700579 281.873143
 252.000000 0.695848 281.058940
 253.000000 0.706757 282.497302
 254.000000 0.699294 281.612830
 255.000000 0.706377 282.429680
 256.000000 0.703784 281.913653
 257.000000 0.704566 282.204517
 258.000000 0.712687 282.795642
 259.000000 0.705962 281.769463
 260.000000 0.705776 282.203406
 261.000000 0.697165 281.178419
 262.000000 0.707423 282.045801
 263.000000 0.704105 281.929284
 264.000000 0.702416 281.843075
 265.000000 0.708663 282.387300
 266.000000 0.702138 281.814783
 267.000000 0.706252 282.264042
 268.000000 0.713018 282.962477
 269.000000 0.709217 282.673832
 270.000000 0.710970 282.645664
 271.000000 0.703033 282.118627
 272.000000 0.714828 283.207569
 273.000000 0.715570 283.164880
 274.000000 0.708210 282.481247
 275.000000 0.712363 283.086247
 276.000000 0.709596 282.503711
 277.000000 0.718951 283.401014
 278.000000 0.728716 284.126053
 279.000000 0.712977 282.951789
 280.000000 0.726244 283.945918
 281.000000 0.712588 282.930572
 282.000000 0.707868 282.319493
 283.000000 0.715100 282.881158
 284.000000 0.708535 282.544324
 285.000000 0.714785 283.068783
 286.000000 0.718982 283.417064
 287.000000 0.715591 283.093530
 288.000000 0.713912 283.066497
 289.000000 0.711919 282.598509
 290.000000 0.713768 282.905862
 291.000000 0.716691 283.292643
 292.000000 0.715403 283.226662
 293.000000 0.718713 283.305826
 294.000000 0.711554 282.862215
 295.000000 0.718189 283.336566
 296.000000 0.721460 283.602832
 297.000000 0.711861 282.830744
 298.000000 0.708601 282.437644
 299.000000 0.708600 282.365236
 300.000000 0.705640 282.054147
 301.000000 0.707388 282.427040
 302.000000 0.707185 282.198450
 303.000000 0.716849 283.177501
 304.000000 0.702105 281.715785
 305.000000 0.713703 282.732573
 306.000000 0.707833 282.437449
 307.000000 0.704732 282.301969
 308.000000 0.711547 282.433767
 309.000000 0.714753 282.972305
 310.000000 0.713833 282.970298
 311.000000 0.703203 281.782819
 312.000000 0.710337 282.369620
 313.000000 0.708207 282.384178
 314.000000 0.698008 281.526990
 315.000000 0.712556 282.825166
 316.000000 0.713035 282.972411
 317.000000 0.719273 283.254416
 318.000000 0.700298 281.540861
 319.000000 0.710812 282.755825
 320.000000 0.703031 281.675749
 321.000000 0.709647 282.534282
 322.000000 0.712762 282.949425
 323.000000 0.709497 282.497378
 324.000000 0.716372 283.295113
 325.000000 0.704572 282.152681
 326.000000 0.712510 282.831846
 327.000000 0.710937 282.874148
 328.000000 0.718680 283.479485
 329.000000 0.712840 282.980557
 330.000000 0.714023 283.063642
 331.000000 0.708298 282.783415
 332.000000 0.709381 282.411271
 333.000000 0.712524 283.068330
 334.000000 0.712716 282.937155
 335.000000 0.717975 283.461679
 336.000000 0.704390 282.328731
 337.000000 0.716931 283.179805
 338.000000 0.706959 282.267625
 339.000000 0.707403 282.624392
 340.000000 0.717054 283.265972
 341.000000 0.711829 282.856747
 342.000000 0.712848 282.876958
 343.000000 0.706835 282.215198
 344.000000 0.708039 282.546610
 345.000000 0.723256 283.688407
 346.000000 0.720918 283.601459
 347.000000 0.713120 282.936439
 348.000000 0.716822 283.084993
 349.000000 0.715008 283.133179
 350.000000 0.708509 282.336831
 351.000000 0.706941 282.476393
 352.000000 0.723985 283.691403
 353.000000 0.714377 282.909672
 354.000000 0.705961 282.297625
 355.000000 0.716918 283.222066
 356.000000 0.715201 283.123143
 357.000000 0.712089 282.946227
 358.000000 0.714367 283.051086
 359.000000 0.704543 282.192277
 360.000000 0.717083 283.089992
 361.000000 0.706079 282.625794
 362.000000 0.714341 283.027905
 363.000000 0.705627 282.452562
 364.000000 0.699062 281.860931
 365.000000 0.695303 281.452872
 366.000000 0.708426 282.805497
 367.000000 0.697120 281.466084
 368.000000 0.707215 282.547512
 369.000000 0.704662 281.947462
 370.000000 0.699403 281.627092
 371.000000 0.698826 281.521798
 372.000000 0.701836 281.861696
 373.000000 0.702234 281.999412
 374.000000 0.699272 281.932723
 375.000000 0.706063 282.185905
 376.000000 0.709523 282.515468
 377.000000 0.698302 281.230631
 378.000000 0.708592 282.390105
 379.000000 0.709017 282.465140
 380.000000 0.710337 282.732544
 381.000000 0.717157 283.281345
 382.000000 0.718466 283.307155
 383.000000 0.714467 283.162517
 384.000000 0.715606 283.372180
 385.000000 0.711832 282.482316
 386.000000 0.716610 283.251345
 387.000000 0.714501 283.014640
 388.000000 0.709394 282.426290
 389.000000 0.709925 282.429098
 390.000000 0.703656 281.899064
 391.000000 0.708198 282.515478
 392.000000 0.705888 282.061280
 393.000000 0.700881 281.844413
 394.000000 0.700704 281.831727
 395.000000 0.700709 281.531855
 396.000000 0.702511 282.027154
 397.000000 0.710563 282.734088
 398.000000 0.712475 282.821548
 399.000000 0.705034 282.252381
 400.000000 0.709101 282.359897
 401.000000 0.711388 282.724258
 402.000000 0.700715 281.863029
 403.000000 0.706203 282.420403
 404.000000 0.703702 282.009314
 405.000000 0.708543 282.237600
 406.000000 0.705545 282.247236
 407.000000 0.700685 281.681170
 408.000000 0.713842 283.036280
 409.000000 0.711313 282.488591
 410.000000 0.707739 282.262470
 411.000000 0.716210 283.113560
 412.000000 0.708694 282.387613
 413.000000 0.706441 282.104252
 414.000000 0.711449 282.718667
 415.000000 0.713253 282.706378
 416.000000 0.705485 282.312059
 417.000000 0.704174 281.782517
 418.000000 0.704978 281.960410
 419.000000 0.711933 282.891523
 420.000000 0.709101 282.568033
 421.000000 0.703503 282.313353
 422.000000 0.717986 283.386722
 423.000000 0.719643 283.650500
 424.000000 0.716083 283.187649
 425.000000 0.723803 283.467324
 426.000000 0.713498 282.613845
 427.000000 0.711677 282.790693
 428.000000 0.709914 282.246660
 429.000000 0.702532 281.722114
 430.000000 0.709391 282.689538
 431.000000 0.703266 281.823811
 432.000000 0.704941 282.276439
 433.000000 0.708214 282.437340
 434.000000 0.709349 282.229909
 435.000000 0.705251 282.058550
 436.000000 0.709228 281.999618
 437.000000 0.709404 282.662343
 438.000000 0.703212 281.641133
 439.000000 0.702654 281.955052
 440.000000 0.711646 282.707886
 441.000000 0.704835 281.950953
 442.000000 0.708387 282.361977
 443.000000 0.700887 281.379668
 444.000000 0.710714 282.458983
 445.000000 0.716358 283.008464
 446.000000 0.711772 282.696046
 447.000000 0.710942 282.447028
 448.000000 0.714691 282.827997
 449.000000 0.711515 282.716893
 450.000000 0.716090 282.731259
 451.000000 0.712194 282.734733
 452.000000 0.712938 282.687498
 453.000000 0.708666 282.501716
 454.000000 0.710149 282.449176
 455.000000 0.712467 282.689857
 456.000000 0.699999 281.141191
 457.000000 0.711291 282.412087
 458.000000 0.706520 282.120326
 459.000000 0.700767 281.499919
 460.000000 0.705189 282.208940
 461.000000 0.709419 282.613883
 462.000000 0.712526 282.166097
 463.000000 0.714207 282.554121
 464.000000 0.714709 282.806181
 465.000000 0.707277 282.067551
 466.000000 0.701429 281.541504
 467.000000 0.708711 282.271248
 468.000000 0.698367 281.226779
 469.000000 0.702029 281.836632
 470.000000 0.702209 281.643096
 471.000000 0.705048 281.790681
 472.000000 0.713285 282.656626
 473.000000 0.701540 281.369648
 474.000000 0.697603 281.284258
 475.000000 0.695565 281.042535
 476.000000 0.693085 280.943930
 477.000000 0.701889 281.559687
 478.000000 0.702314 281.778158
 479.000000 0.711761 282.547250
 480.000000 0.709954 282.457731
 481.000000 0.698544 281.501237
 482.000000 0.706966 282.028212
 483.000000 0.702460 281.468957
 484.000000 0.702726 281.631863
 485.000000 0.705750 281.756906
 486.000000 0.702440 281.854687
 487.000000 0.705313 281.921470
 488.000000 0.698303 281.133931
 489.000000 0.696989 281.024952
 490.000000 0.703271 281.607539
 491.000000 0.694912 280.259971
 492.000000 0.697988 281.153099
 493.000000 0.696446 280.952030
 494.000000 0.695798 280.819540
 495.000000 0.689132 280.126859
 496.000000 0.693614 280.539290
 497.000000 0.694667 280.734733
 498.000000 0.699336 281.558239
 499.000000 0.694479 280.944890
 500.000000 0.694538 280.873684
 501.000000 0.692121 280.446197
 502.000000 0.690010 280.321258
 503.000000 0.706380 282.310803
 504.000000 0.702038 281.859599
 505.000000 0.689855 280.394640
 506.000000 0.710834 282.679158
 507.000000 0.700528 281.600833
 508.000000 0.689836 280.275448
 509.000000 0.693807 280.801956
 510.000000 0.698410 281.286279
 511.000000 0.697445 281.159729
 512.000000 0.696733 281.001305
 513.000000 0.701160 281.445114
 514.000000 0.704723 281.648902
 515.000000 0.693432 280.523014
 516.000000 0.689722 279.902085
 517.000000 0.687682 279.585237
 518.000000 0.699149 281.385534
 519.000000 0.698511 281.321236
 520.000000 0.704820 282.142118
 521.000000 0.709566 282.527649
 522.000000 0.711681 282.649610
 523.000000 0.706595 282.302041
 524.000000 0.701804 281.727448
 525.000000 0.696208 281.130785
 526.000000 0.698645 281.292743
 527.000000 0.695990 280.941306
 528.000000 0.698610 281.396310
 529.000000 0.710030 282.527502
 530.000000 0.700434 281.575118
 531.000000 0.710472 282.726485
 532.000000 0.706390 282.131905
 533.000000 0.705186 282.061694
 534.000000 0.711750 282.762576
 535.000000 0.711036 282.617408
 536.000000 0.704305 281.460416
 537.000000 0.700992 281.525918
 538.000000 0.698899 281.531424
 539.000000 0.699236 281.306275
 540.000000 0.687330 280.150250
 541.000000 0.712162 282.798531
 542.000000 0.710831 282.336797
 543.000000 0.707629 282.103958
 544.000000 0.705505 281.893145
 545.000000 0.705153 281.808145
 546.000000 0.700953 281.334068
 547.000000 0.699826 281.115768
 548.000000 0.703393 281.393833
 549.000000 0.710471 282.611617
 550.000000 0.709537 282.659959
 551.000000 0.704920 282.177756
 552.000000 0.692169 280.464452
 553.000000 0.711242 282.886535
 554.000000 0.702885 282.056651
 555.000000 0.702928 281.886875
 556.000000 0.711537 282.761794
 557.000000 0.698720 281.719574
 558.000000 0.705106 282.316861
 559.000000 0.709485 282.704709
 560.000000 0.702037 282.026068
 561.000000 0.710838 282.773178
 562.000000 0.704791 282.274311
 563.000000 0.713825 282.947455
 564.000000 0.709594 282.650321
 565.000000 0.712486 282.919244
 566.000000 0.714633 283.280793
 567.000000 0.715432 283.086923
 568.000000 0.712744 283.035068
 569.000000 0.713771 283.179182
 570.000000 0.714935 283.310017
 571.000000 0.714342 282.961447
 572.000000 0.708322 282.498006
 573.000000 0.705260 282.348880
 574.000000 0.715429 283.188441
 575.000000 0.715436 283.172201
 576.000000 0.717361 283.337140
 577.000000 0.716428 282.935309
 578.000000 0.720033 283.385931
 579.000000 0.719211 283.223356
 580.000000 0.703919 281.996245
 581.000000 0.712005 283.024221
 582.000000 0.703060 281.958437
 583.000000 0.711606 282.787356
 584.000000 0.713120 282.849785
 585.000000 0.710332 282.590871
 586.000000 0.711055 282.741550
 587.000000 0.709631 282.700851
 588.000000 0.706618 281.771524
 589.000000 0.718258 283.238969
 590.000000 0.708700 282.424234
 591.000000 0.697025 281.351762
 592.000000 0.697423 281.329869
 593.000000 0.700627 281.250041
 594.000000 0.697659 280.875475
 595.000000 0.692676 280.357848
 596.000000 0.699771 281.330484
 597.000000 0.691599 279.928340
 598.000000 0.703346 281.852383
 599.000000 0.703484 281.410685
 600.000000 0.700411 281.577074
 601.000000 0.699286 281.219006
 602.000000 0.695316 280.340257
 603.000000 0.692200 280.150646
 604.000000 0.705744 281.850617
 605.000000 0.700002 281.241820
 606.000000 0.707061 282.316690
 607.000000 0.686811 279.476011
 608.000000 0.698902 281.007225
 609.000000 0.691989 280.399758
 610.000000 0.702509 281.769246
 611.000000 0.701652 281.582681
 612.000000 0.695529 280.790172
 613.000000 0.706413 282.240164
 614.000000 0.700855 281.113640
 615.000000 0.690838 280.343034
 616.000000 0.696755 280.680784
 617.000000 0.702232 281.118761
 618.000000 0.701204 281.663872
 619.000000 0.712681 282.759475
 620.000000 0.712625 282.695615
 621.000000 0.706784 282.105165
 622.000000 0.705348 282.134021
 623.000000 0.711058 282.602610
 624.000000 0.716121 282.917362
 625.000000 0.715870 283.163653
 626.000000 0.703246 282.110243
 627.000000 0.712031 282.831345
 628.000000 0.708818 282.708078
 629.000000 0.709431 282.743830
 630.000000 0.706765 282.267697
 631.000000 0.703511 282.188566
 632.000000 0.703879 282.066043
 633.000000 0.707109 282.462986
 634.000000 0.708504 282.407798
 635.000000 0.709881 282.610025
 636.000000 0.712357 282.736536
 637.000000 0.709670 282.733565
 638.000000 0.715645 283.348823
 639.000000 0.715568 283.253586
 640.000000 0.712904 282.971066
 641.000000 0.711092 282.922786
 642.000000 0.714595 283.042867
 643.000000 0.706503 282.162304
 644.000000 0.704586 281.897504
 645.000000 0.707019 282.351386
 646.000000 0.706743 282.103594
 647.000000 0.720100 283.584492
 648.000000 0.714893 282.922357
 649.000000 0.715808 283.182238
 650.000000 0.719414 283.126601
 651.000000 0.704926 281.768875
 652.000000 0.715641 283.070428
 653.000000 0.711182 282.437742
 654.000000 0.719727 283.416071
 655.000000 0.719459 283.502994
 656.000000 0.716005 283.009478
 657.000000 0.721426 283.715898
 658.000000 0.713089 282.727918
 659.000000 0.711330 282.481035
 660.000000 0.710484 282.340348
 661.000000 0.718803 283.155508
 662.000000 0.719671 283.236050
 663.000000 0.711737 282.725680
 664.000000 0.712072 282.094210
 665.000000 0.712116 282.699744
 666.000000 0.702938 281.572313
 667.000000 0.705387 282.068221
 668.000000 0.710126 282.386373
 669.000000 0.710288 282.528710
 670.000000 0.710994 282.793767
 671.000000 0.705440 282.105048
 672.000000 0.704741 282.124427
 673.000000 0.720414 283.625840
 674.000000 0.714299 283.121634
 675.000000 0.710035 282.395069
 676.000000 0.718455 283.287849
 677.000000 0.715358 282.981603
 678.000000 0.708767 282.269384
 679.000000 0.716246 283.037951
 680.000000 0.712238 282.641294
 681.000000 0.716761 283.084383
 682.000000 0.713714 282.781600
 683.000000 0.722941 283.464253
 684.000000 0.709867 282.529229
 685.000000 0.721378 283.469677
 686.000000 0.718716 283.480106
 687.000000 0.723284 283.852034
 688.000000 0.720905 283.473183
 689.000000 0.724536 283.794412
 690.000000 0.727214 283.966985
 691.000000 0.712971 282.848281
 692.000000 0.713571 282.870882
 693.000000 0.716791 283.288627
 694.000000 0.716202 283.126877
 695.000000 0.709310 282.609520
 696.000000 0.722079 283.813073
 697.000000 0.723428 283.541468
 698.000000 0.728806 283.815220
 699.000000 0.714664 282.876337
 700.000000 0.718176 283.427242
 701.000000 0.717752 283.346066
 702.000000 0.714125 282.791104
 703.000000 0.716251 283.179414
 704.000000 0.713355 282.837537
 705.000000 0.719576 283.449811
 706.000000 0.713647 283.011309
 707.000000 0.720020 283.467057
 708.000000 0.715885 283.018200
 709.000000 0.715726 282.978623
 710.000000 0.709892 282.507221
 711.000000 0.716825 282.962109
 712.000000 0.721628 283.576088
 713.000000 0.720243 283.574897
 714.000000 0.714016 283.030028
 715.000000 0.715641 282.959464
 716.000000 0.723588 283.810194
 717.000000 0.723677 283.847177
 718.000000 0.719025 283.411656
 719.000000 0.724375 283.858958
 720.000000 0.718282 283.466730
 721.000000 0.722537 283.607064
 722.000000 0.706877 282.154558
 723.000000 0.715930 283.150395
 724.000000 0.713844 282.906926
 725.000000 0.709247 282.434401
 726.000000 0.716683 283.135736
 727.000000 0.710406 282.454071
 728.000000 0.716964 283.099864
 729.000000 0.712643 282.459096
 730.000000 0.723283 283.521087
 731.000000 0.713070 282.528739
 732.000000 0.713768 282.882376
 733.000000 0.712156 282.776995
 734.000000 0.712045 282.484152
 735.000000 0.706819 282.267196
 736.000000 0.703901 282.002738
 737.000000 0.709914 282.542832
 738.000000 0.715727 283.096356
 739.000000 0.712560 282.725105
 740.000000 0.718271 282.822669
 741.000000 0.717558 283.156401
 742.000000 0.704896 281.959117
 743.000000 0.711662 282.804646
 744.000000 0.704665 282.056533
 745.000000 0.721881 283.499794
 746.000000 0.720105 283.453759
 747.000000 0.717944 283.299664
 748.000000 0.716393 283.319826
 749.000000 0.712399 282.772098
 750.000000 0.705613 282.285822
 751.000000 0.720159 283.491137
 752.000000 0.719910 283.431135
 753.000000 0.709678 282.429050
 754.000000 0.711245 282.786454
 755.000000 0.717443 283.298831
 756.000000 0.718019 283.333545
 757.000000 0.718850 283.353647
 758.000000 0.726091 284.125779
 759.000000 0.718421 283.247985
 760.000000 0.719849 283.123271
 761.000000 0.714901 282.969309
 762.000000 0.716784 282.955406
 763.000000 0.724054 283.396955
 764.000000 0.716583 283.093118
 765.000000 0.722798 283.788131
 766.000000 0.721597 283.480278
 767.000000 0.720251 283.314107
 768.000000 0.718732 283.290585
 769.000000 0.713515 282.775848
 770.000000 0.718496 283.280431
 771.000000 0.712128 282.752188
 772.000000 0.721119 283.237886
 773.000000 0.713458 282.737372
 774.000000 0.711225 282.338273
 775.000000 0.724787 283.716579
 776.000000 0.714893 282.907793
 777.000000 0.707240 282.011993
 778.000000 0.713680 282.636223
 779.000000 0.714282 282.986393
 780.000000 0.715197 282.867310
 781.000000 0.721636 283.529191
 782.000000 0.724405 283.740077
 783.000000 0.719596 283.567572
 784.000000 0.710216 282.698605
 785.000000 0.711666 282.812407
 786.000000 0.721076 283.443225
 787.000000 0.713722 282.651468
 788.000000 0.718500 283.270716
 789.000000 0.718494 283.013943
 790.000000 0.709804 282.476643
 791.000000 0.707558 282.390462
 792.000000 0.723891 283.718078
 793.000000 0.709893 282.671559
 794.000000 0.715654 283.007998
 795.000000 0.704493 281.871563
 796.000000 0.698283 280.852206
 797.000000 0.702217 281.914813
 798.000000 0.712495 282.787132
 799.000000 0.709461 282.266020
 800.000000 0.706837 282.058773
 801.000000 0.707536 281.804778
 802.000000 0.701958 281.122706
 803.000000 0.708331 282.230204
 804.000000 0.707275 281.617739
 805.000000 0.701094 281.248535
 806.000000 0.695488 280.804843
 807.000000 0.701784 281.508296
 808.000000 0.707257 282.150670
 809.000000 0.702837 281.519119
 810.000000 0.701599 281.336542
 811.000000 0.696616 280.853616
 812.000000 0.712363 282.594134
 813.000000 0.703944 281.951048
 814.000000 0.704918 282.075168
 815.000000 0.705132 281.890710
 816.000000 0.707025 282.050286
 817.000000 0.701299 281.679675
 818.000000 0.706712 281.951168
 819.000000 0.708670 282.142338
 820.000000 0.708456 282.223750
 821.000000 0.699005 281.280769
 822.000000 0.701427 281.530454
 823.000000 0.702219 281.695884
 824.000000 0.700885 281.519394
 825.000000 0.709761 282.515865
 826.000000 0.715474 282.802026
 827.000000 0.712227 282.688595
 828.000000 0.708652 282.487970
 829.000000 0.713505 282.834735
 830.000000 0.717694 283.226934
 831.000000 0.710155 282.368300
 832.000000 0.717004 283.193878
 833.000000 0.722285 283.673360
 834.000000 0.708691 281.884082
 835.000000 0.707370 282.275367
 836.000000 0.711363 282.572960
 837.000000 0.705760 281.844035
 838.000000 0.722277 283.621805
 839.000000 0.726013 283.825126
 840.000000 0.716987 283.115057
 841.000000 0.721705 283.374703
 842.000000 0.727127 283.841749
 843.000000 0.710556 282.685687
 844.000000 0.719593 283.448034
 845.000000 0.722198 283.511829
 846.000000 0.709996 282.484578
 847.000000 0.716605 283.100320
 848.000000 0.716249 283.057422
 849.000000 0.716331 283.193625
 850.000000 0.712807 282.387925
 851.000000 0.714660 283.114588
 852.000000 0.714280 283.151995
 853.000000 0.711896 282.858783
 854.000000 0.710115 282.186477
 855.000000 0.708428 282.256994
 856.000000 0.709863 282.512959
 857.000000 0.708424 282.261113
 858.000000 0.704351 281.885066
 859.000000 0.708926 282.616639
 860.000000 0.713414 282.925525
 861.000000 0.709093 282.747135
 862.000000 0.706919 281.642139
 863.000000 0.714914 282.817707
 864.000000 0.709845 282.339006
 865.000000 0.715433 282.941690
 866.000000 0.708644 282.533400
 867.000000 0.706377 282.286780
 868.000000 0.707949 282.397238
 869.000000 0.701822 281.568440
 870.000000 0.712301 282.789431
 871.000000 0.714059 282.892552
 872.000000 0.717270 283.193937
 873.000000 0.707506 282.612384
 874.000000 0.713915 282.836580
 875.000000 0.712775 282.652740
 876.000000 0.703529 281.848244
 877.000000 0.707806 282.303690
 878.000000 0.704108 281.745703
 879.000000 0.707678 282.370618
 880.000000 0.711445 282.696518
 881.000000 0.709648 282.489448
 882.000000 0.702429 281.470298
 883.000000 0.703855 281.796731
 884.000000 0.708801 282.596332
 885.000000 0.713981 282.717635
 886.000000 0.703687 281.860962
 887.000000 0.702288 281.426572
 888.000000 0.712116 282.742149
 889.000000 0.712213 282.597567
 890.000000 0.717318 283.201474
 891.000000 0.710494 282.604074
 892.000000 0.711436 282.467214
 893.000000 0.711916 282.694541
 894.000000 0.720159 283.342683
 895.000000 0.720144 283.309533
 896.000000 0.714112 283.008599
 897.000000 0.728263 283.919859
 898.000000 0.713776 282.972049
 899.000000 0.714670 282.664179
 900.000000 0.716495 283.079467
 901.000000 0.723856 283.533328
 902.000000 0.718666 283.261092
 903.000000 0.719219 283.382585
 904.000000 0.721664 283.354206
 905.000000 0.725929 283.741475
 906.000000 0.718121 283.157707
 907.000000 0.712786 282.536163
 908.000000 0.714510 282.886468
 909.000000 0.707579 282.211465
 910.000000 0.711152 282.463251
 911.000000 0.714486 283.014314
 912.000000 0.711890 282.844830
 913.000000 0.718665 283.214331
 914.000000 0.723070 283.745844
 915.000000 0.724903 283.750064
 916.000000 0.732311 284.318013
 917.000000 0.719662 283.577651
 918.000000 0.719333 283.455870
 919.000000 0.723811 283.928262
 920.000000 0.714662 283.108894
 921.000000 0.719367 283.284935
 922.000000 0.726818 283.901492
 923.000000 0.720476 283.510170
 924.000000 0.714902 282.813680
 925.000000 0.715789 283.009989
 926.000000 0.713505 282.820928
 927.000000 0.710542 282.757281
 928.000000 0.715224 282.852984
 929.000000 0.710320 282.553058
 930.000000 0.709940 282.376666
 931.000000 0.706376 281.912111
 932.000000 0.711307 282.595994
 933.000000 0.707753 282.192457
 934.000000 0.714281 282.712553
 935.000000 0.722585 283.389221
 936.000000 0.710349 282.034357
 937.000000 0.709616 282.072443
 938.000000 0.715202 282.693057
 939.000000 0.702544 282.019653
 940.000000 0.705792 281.957082
 941.000000 0.704662 282.269225
 942.000000 0.706312 282.085945
 943.000000 0.708479 282.059143
 944.000000 0.706677 282.370530
 945.000000 0.702598 281.443958
 946.000000 0.697803 281.111369
 947.000000 0.711513 282.699514
 948.000000 0.711247 282.684679
 949.000000 0.716199 283.108043
 950.000000 0.700852 281.248977
 951.000000 0.714362 282.639162
 952.000000 0.714553 282.613453
 953.000000 0.713187 282.861477
 954.000000 0.705640 282.169238
 955.000000 0.710714 282.416312
 956.000000 0.701168 281.943921
 957.000000 0.706976 282.307885
 958.000000 0.706646 282.302572
 959.000000 0.710223 282.573106
 960.000000 0.713481 282.880961
 961.000000 0.713750 282.900497
 962.000000 0.714009 282.855506
 963.000000 0.705180 281.819784
 964.000000 0.704950 282.036109
 965.000000 0.715556 282.959343
 966.000000 0.705746 282.039795
 967.000000 0.707903 282.124632
 968.000000 0.711435 282.420884
 969.000000 0.710515 282.070745
 970.000000 0.709285 282.511541
 971.000000 0.713081 282.569383
 972.000000 0.705656 282.019643
 973.000000 0.714189 282.766413
 974.000000 0.712251 282.684787
 975.000000 0.713362 282.839050
 976.000000 0.715893 282.843732
 977.000000 0.702967 282.031181
 978.000000 0.711810 282.713352
 979.000000 0.704675 281.993844
 980.000000 0.705342 282.181594
 981.000000 0.711306 282.749933
 982.000000 0.704990 282.130297
 983.000000 0.710736 282.511665
 984.000000 0.709859 282.722338
 985.000000 0.709370 282.612895
 986.000000 0.710265 282.697770
 987.000000 0.708303 282.396163
 988.000000 0.699586 281.661635
 989.000000 0.700738 281.583611
 990.000000 0.686723 279.583010
 991.000000 0.703811 281.969810
 992.000000 0.701299 281.485405
 993.000000 0.709362 282.682247
 994.000000 0.692986 280.451095
 995.000000 0.699825 281.419010
 996.000000 0.699319 281.421067
 997.000000 0.695042 280.626560
 998.000000 0.711385 282.765227
 999.000000 0.698879 281.511046
 1000.000000 0.711932 282.845601
