# Time-averaged data for fix AVG
# TimeStep v_Vol v_H
24750000 8.36024 0.919441
24751000 8.3061 -4.58965
24752000 8.36325 -4.84503
24753000 8.35602 -4.77558
24754000 8.33592 -4.69997
24755000 8.36478 -4.75761
24756000 8.33167 -4.66117
24757000 8.30579 -4.60498
24758000 8.32828 -4.66707
24759000 8.34427 -4.68199
24760000 8.3288 -4.67268
24761000 8.34802 -4.74515
24762000 8.33552 -4.65614
24763000 8.33225 -4.6375
24764000 8.3313 -4.69145
24765000 8.33043 -4.66295
24766000 8.30511 -4.60335
24767000 8.30494 -4.61251
24768000 8.33296 -4.7659
24769000 8.31838 -4.60259
24770000 8.32809 -4.70374
24771000 8.3173 -4.59557
24772000 8.36013 -4.81077
24773000 8.31791 -4.65723
24774000 8.32909 -4.6468
24775000 8.34175 -4.71932
24776000 8.31979 -4.68418
24777000 8.37203 -4.81465
24778000 8.31389 -4.65857
24779000 8.33943 -4.7205
24780000 8.32464 -4.60579
24781000 8.32676 -4.63288
24782000 8.32256 -4.65267
24783000 8.33891 -4.6874
24784000 8.34064 -4.68851
24785000 8.36089 -4.78906
24786000 8.29597 -4.56457
24787000 8.33267 -4.70116
24788000 8.32235 -4.71371
24789000 8.31989 -4.63711
24790000 8.35189 -4.74906
24791000 8.32576 -4.67307
24792000 8.34166 -4.6683
24793000 8.36268 -4.75544
24794000 8.2879 -4.50731
24795000 8.31786 -4.68334
24796000 8.33765 -4.63314
24797000 8.32859 -4.72203
24798000 8.3556 -4.70494
24799000 8.35392 -4.75514
24800000 8.3124 -4.62474
24801000 8.33367 -4.71913
24802000 8.31457 -4.66547
24803000 8.33151 -4.73064
24804000 8.30046 -4.54285
24805000 8.34616 -4.74496
24806000 8.36464 -4.74352
24807000 8.29578 -4.61236
24808000 8.36976 -4.74786
24809000 8.30775 -4.62014
24810000 8.35307 -4.83813
24811000 8.3158 -4.61795
24812000 8.38015 -4.80644
24813000 8.32733 -4.65646
24814000 8.3192 -4.65916
24815000 8.32846 -4.69427
24816000 8.32399 -4.64551
24817000 8.32023 -4.7011
24818000 8.36206 -4.81929
24819000 8.33152 -4.65483
24820000 8.34564 -4.7571
24821000 8.3558 -4.7342
24822000 8.29531 -4.56437
24823000 8.33871 -4.7259
24824000 8.3314 -4.75269
24825000 8.32356 -4.61719
24826000 8.34318 -4.73551
24827000 8.35691 -4.78638
24828000 8.30588 -4.56051
24829000 8.35875 -4.77646
24830000 8.31117 -4.59238
24831000 8.32952 -4.71034
24832000 8.32877 -4.67636
24833000 8.35454 -4.79966
24834000 8.35143 -4.7008
24835000 8.33824 -4.74001
24836000 8.31782 -4.65106
24837000 8.31805 -4.66776
24838000 8.35218 -4.73981
24839000 8.32935 -4.72411
24840000 8.35311 -4.76665
24841000 8.30007 -4.61592
24842000 8.33823 -4.69943
24843000 8.32159 -4.66557
24844000 8.33041 -4.70756
24845000 8.32834 -4.67738
24846000 8.33607 -4.68429
24847000 8.35704 -4.76636
24848000 8.32334 -4.71603
24849000 8.34798 -4.70784
24850000 8.30893 -4.61292
24851000 8.32488 -4.66509
24852000 8.34503 -4.72411
24853000 8.33053 -4.65464
24854000 8.34571 -4.76679
24855000 8.36231 -4.71771
24856000 8.30771 -4.61785
24857000 8.32448 -4.68824
24858000 8.29927 -4.62991
24859000 8.37058 -4.83458
24860000 8.32406 -4.67517
24861000 8.37647 -4.77577
24862000 8.3221 -4.68142
24863000 8.35394 -4.72523
24864000 8.32041 -4.62676
24865000 8.34262 -4.7186
24866000 8.32871 -4.71825
24867000 8.31445 -4.67395
24868000 8.33536 -4.73915
24869000 8.33854 -4.73794
24870000 8.3358 -4.74562
24871000 8.33 -4.62798
24872000 8.32983 -4.6585
24873000 8.32137 -4.67507
24874000 8.31034 -4.53631
24875000 8.3347 -4.66404
24876000 8.36032 -4.77792
24877000 8.36909 -4.80259
24878000 8.289 -4.54459
24879000 8.36927 -4.73597
24880000 8.30661 -4.66857
24881000 8.33674 -4.73661
24882000 8.32918 -4.65771
24883000 8.33598 -4.70814
24884000 8.3069 -4.6413
24885000 8.34185 -4.75332
24886000 8.33822 -4.67756
24887000 8.32511 -4.70511
24888000 8.3131 -4.67865
24889000 8.32208 -4.69089
24890000 8.33246 -4.71586
24891000 8.33275 -4.7149
24892000 8.30575 -4.59585
24893000 8.33517 -4.75489
24894000 8.34846 -4.77451
24895000 8.35185 -4.74107
24896000 8.30008 -4.56166
24897000 8.35733 -4.80338
24898000 8.28514 -4.54054
24899000 8.34012 -4.64949
24900000 8.35602 -4.78601
24901000 8.32914 -4.66712
24902000 8.33967 -4.75878
24903000 8.30568 -4.61048
24904000 8.3321 -4.65643
24905000 8.39242 -4.90209
24906000 8.29809 -4.63618
24907000 8.33917 -4.73476
24908000 8.33386 -4.72912
24909000 8.33434 -4.67574
24910000 8.31433 -4.6667
24911000 8.30837 -4.64646
24912000 8.35745 -4.78536
24913000 8.31713 -4.63671
24914000 8.32748 -4.6631
24915000 8.32544 -4.7408
24916000 8.31701 -4.59738
24917000 8.33689 -4.72123
24918000 8.31918 -4.65819
24919000 8.35926 -4.75181
24920000 8.34917 -4.77221
24921000 8.3285 -4.691
24922000 8.35304 -4.81123
24923000 8.3074 -4.59234
24924000 8.33031 -4.69449
24925000 8.32825 -4.64763
24926000 8.34762 -4.74023
24927000 8.32166 -4.62739
24928000 8.32643 -4.64182
24929000 8.30744 -4.60342
24930000 8.34982 -4.74199
24931000 8.35361 -4.74325
24932000 8.32154 -4.68914
24933000 8.31498 -4.66499
24934000 8.30771 -4.61359
24935000 8.33874 -4.70959
24936000 8.35248 -4.71061
24937000 8.34631 -4.80995
24938000 8.33972 -4.67162
24939000 8.32931 -4.75264
24940000 8.30768 -4.54015
24941000 8.37216 -4.81541
24942000 8.32821 -4.67372
24943000 8.32809 -4.71457
24944000 8.35375 -4.74345
24945000 8.29361 -4.56391
24946000 8.34065 -4.71645
24947000 8.33456 -4.68996
24948000 8.2993 -4.53399
24949000 8.38546 -4.85522
24950000 8.32264 -4.68114
24951000 8.32022 -4.69508
24952000 8.32801 -4.67928
24953000 8.33795 -4.77117
24954000 8.35404 -4.74643
24955000 8.30558 -4.63942
24956000 8.3333 -4.76074
24957000 8.32044 -4.70361
24958000 8.33442 -4.74966
24959000 8.29373 -4.58011
24960000 8.35125 -4.76606
24961000 8.32648 -4.661
24962000 8.35638 -4.74833
24963000 8.33276 -4.69257
24964000 8.32778 -4.69789
24965000 8.32106 -4.67925
24966000 8.33573 -4.67159
24967000 8.33108 -4.71063
24968000 8.3141 -4.6348
24969000 8.3469 -4.74146
24970000 8.32888 -4.69923
24971000 8.35252 -4.78922
24972000 8.30744 -4.63206
24973000 8.34233 -4.74845
24974000 8.33591 -4.66935
24975000 8.33233 -4.70973
24976000 8.31903 -4.67605
24977000 8.30569 -4.55047
24978000 8.35657 -4.70944
24979000 8.31158 -4.62224
24980000 8.37348 -4.80208
24981000 8.29933 -4.61968
24982000 8.3493 -4.79484
24983000 8.32453 -4.67709
24984000 8.3423 -4.69317
24985000 8.32041 -4.72663
24986000 8.31873 -4.6453
24987000 8.3465 -4.72925
24988000 8.38203 -4.82348
24989000 8.34262 -4.71154
24990000 8.32008 -4.66461
24991000 8.31314 -4.65144
24992000 8.35933 -4.79021
24993000 8.34615 -4.68061
24994000 8.3196 -4.66374
24995000 8.3337 -4.67239
24996000 8.36312 -4.7681
24997000 8.31654 -4.62036
24998000 8.32848 -4.59682
24999000 8.27549 -4.56764
25000000 8.36038 -4.76318
