# Time-averaged data for fix AVG
# TimeStep v_Vol v_H
11250000 10.6862 2.11258
11251000 10.8164 -4.56287
11252000 10.6944 -4.25232
11253000 10.7179 -4.32
11254000 10.672 -4.37736
11255000 10.829 -4.67747
11256000 10.7222 -4.27379
11257000 10.7688 -4.34379
11258000 10.77 -4.33798
11259000 10.9066 -4.6593
11260000 10.7732 -4.39961
11261000 10.7631 -4.3639
11262000 10.8058 -4.48353
11263000 10.7648 -4.37588
11264000 10.7486 -4.46227
11265000 10.7465 -4.39025
11266000 10.7863 -4.51255
11267000 10.7697 -4.41547
11268000 10.7637 -4.35797
11269000 10.8196 -4.46168
11270000 10.7434 -4.40967
11271000 10.8225 -4.57202
11272000 10.7459 -4.28123
11273000 10.7194 -4.27313
11274000 10.7425 -4.32161
11275000 10.7776 -4.32709
11276000 10.6962 -4.31036
11277000 10.7504 -4.35708
11278000 10.6874 -4.27955
11279000 10.7179 -4.35031
11280000 10.765 -4.40396
11281000 10.7974 -4.50909
11282000 10.6751 -4.15506
11283000 10.657 -4.15176
11284000 10.7711 -4.486
11285000 10.6685 -4.28467
11286000 10.8235 -4.46203
11287000 10.7 -4.24556
11288000 10.6359 -4.30079
11289000 10.7834 -4.49112
11290000 10.6696 -4.25595
11291000 10.7174 -4.30405
11292000 10.6999 -4.23695
11293000 10.7706 -4.44189
11294000 10.7305 -4.38662
11295000 10.7684 -4.58339
11296000 10.7877 -4.35431
11297000 10.7571 -4.47957
11298000 10.7525 -4.28557
11299000 10.7691 -4.39735
11300000 10.8021 -4.49496
11301000 10.7361 -4.30101
11302000 10.7271 -4.301
11303000 10.6814 -4.21495
11304000 10.8393 -4.52805
11305000 10.7762 -4.49546
11306000 10.8086 -4.47598
11307000 10.757 -4.365
11308000 10.7399 -4.25152
11309000 10.8043 -4.4781
11310000 10.7768 -4.40276
11311000 10.6751 -4.20747
11312000 10.7724 -4.35565
11313000 10.7143 -4.17994
11314000 10.6969 -4.12803
11315000 10.669 -4.36687
11316000 10.7642 -4.32281
11317000 10.7324 -4.43181
11318000 10.6131 -4.16854
11319000 10.7367 -4.41043
11320000 10.6715 -4.29291
11321000 10.7915 -4.66869
11322000 10.7884 -4.42163
11323000 10.723 -4.41998
11324000 10.725 -4.23591
11325000 10.7513 -4.3944
11326000 10.7013 -4.31699
11327000 10.6938 -4.41643
11328000 10.6053 -4.09519
11329000 10.8327 -4.63114
11330000 10.7412 -4.35263
11331000 10.7438 -4.31067
11332000 10.7669 -4.50994
11333000 10.7844 -4.56303
11334000 10.8345 -4.55222
11335000 10.7169 -4.37135
11336000 10.7099 -4.15147
11337000 10.7018 -4.4027
11338000 10.7787 -4.39665
11339000 10.7564 -4.48252
11340000 10.7141 -4.34668
11341000 10.7756 -4.4752
11342000 10.6984 -4.33151
11343000 10.757 -4.41019
11344000 10.7538 -4.46763
11345000 10.8168 -4.50771
11346000 10.7033 -4.29158
11347000 10.7655 -4.42238
11348000 10.6502 -4.23448
11349000 10.684 -4.22835
11350000 10.828 -4.59826
11351000 10.7199 -4.30803
11352000 10.7387 -4.28039
11353000 10.7471 -4.43316
11354000 10.7908 -4.48477
11355000 10.7974 -4.51852
11356000 10.6902 -4.26647
11357000 10.7197 -4.34245
11358000 10.7953 -4.57209
11359000 10.7102 -4.40363
11360000 10.7589 -4.42835
11361000 10.7408 -4.30429
11362000 10.8082 -4.49867
11363000 10.7082 -4.27817
11364000 10.772 -4.41665
11365000 10.7339 -4.32143
11366000 10.7088 -4.36829
11367000 10.7696 -4.48144
11368000 10.8463 -4.67246
11369000 10.788 -4.47769
11370000 10.7356 -4.38879
11371000 10.6575 -4.22267
11372000 10.7806 -4.54096
11373000 10.6771 -4.36687
11374000 10.7054 -4.26753
11375000 10.7416 -4.33588
11376000 10.7647 -4.52031
11377000 10.7507 -4.51593
11378000 10.6963 -4.28684
11379000 10.6854 -4.26419
11380000 10.7371 -4.44239
11381000 10.7112 -4.37815
11382000 10.7606 -4.50506
11383000 10.7452 -4.46038
11384000 10.8256 -4.57311
11385000 10.6873 -4.28177
11386000 10.7232 -4.36267
11387000 10.7522 -4.57439
11388000 10.7346 -4.35438
11389000 10.7421 -4.44574
11390000 10.7386 -4.37914
11391000 10.7203 -4.37044
11392000 10.7787 -4.5691
11393000 10.7567 -4.41469
11394000 10.6593 -4.27918
11395000 10.7313 -4.37747
11396000 10.7991 -4.52055
11397000 10.8243 -4.56932
11398000 10.7593 -4.47014
11399000 10.7443 -4.30357
11400000 10.7588 -4.44957
11401000 10.793 -4.48978
11402000 10.7836 -4.46763
11403000 10.7835 -4.44013
11404000 10.7673 -4.50134
11405000 10.7255 -4.44195
11406000 10.7447 -4.41627
11407000 10.7837 -4.49636
11408000 10.7605 -4.47389
11409000 10.7494 -4.38199
11410000 10.7171 -4.1999
11411000 10.749 -4.46168
11412000 10.6421 -4.15704
11413000 10.6807 -4.2538
11414000 10.6318 -4.22184
11415000 10.7649 -4.43635
11416000 10.6883 -4.26829
11417000 10.7495 -4.4438
11418000 10.7569 -4.31892
11419000 10.8078 -4.48808
11420000 10.7304 -4.34769
11421000 10.7415 -4.46289
11422000 10.8946 -4.69257
11423000 10.7621 -4.49274
11424000 10.7042 -4.37267
11425000 10.7408 -4.34173
11426000 10.7669 -4.4047
11427000 10.715 -4.21658
11428000 10.7397 -4.26367
11429000 10.7874 -4.51032
11430000 10.6619 -4.17968
11431000 10.7787 -4.44555
11432000 10.784 -4.40436
11433000 10.6775 -4.2788
11434000 10.7669 -4.52618
11435000 10.7677 -4.44396
11436000 10.7585 -4.38535
11437000 10.7795 -4.50151
11438000 10.6951 -4.1912
11439000 10.8084 -4.53465
11440000 10.7797 -4.33671
11441000 10.8457 -4.53853
11442000 10.7431 -4.37132
11443000 10.7619 -4.4915
11444000 10.8476 -4.55521
11445000 10.7384 -4.3553
11446000 10.7461 -4.36688
11447000 10.7593 -4.54037
11448000 10.7453 -4.38319
11449000 10.6794 -4.18959
11450000 10.7785 -4.43672
11451000 10.7477 -4.30376
11452000 10.7218 -4.31113
11453000 10.7665 -4.34774
11454000 10.7398 -4.29708
11455000 10.6363 -4.05306
11456000 10.7688 -4.45786
11457000 10.7741 -4.39812
11458000 10.8044 -4.52765
11459000 10.815 -4.5492
11460000 10.6957 -4.30857
11461000 10.7924 -4.53404
11462000 10.7122 -4.39977
11463000 10.7868 -4.45872
11464000 10.7619 -4.3857
11465000 10.7075 -4.40391
11466000 10.7048 -4.29194
11467000 10.7101 -4.4141
11468000 10.7418 -4.3912
11469000 10.8279 -4.56462
11470000 10.7886 -4.56068
11471000 10.7642 -4.42158
11472000 10.7398 -4.41789
11473000 10.7476 -4.39128
11474000 10.8336 -4.48414
11475000 10.7949 -4.48946
11476000 10.8063 -4.53325
11477000 10.7499 -4.42053
11478000 10.7615 -4.37916
11479000 10.8019 -4.49944
11480000 10.6997 -4.32654
11481000 10.8009 -4.51633
11482000 10.7832 -4.43459
11483000 10.692 -4.26668
11484000 10.7628 -4.38429
11485000 10.7955 -4.47664
11486000 10.751 -4.36106
11487000 10.8326 -4.62331
11488000 10.791 -4.43409
11489000 10.7549 -4.38897
11490000 10.7693 -4.42517
11491000 10.7714 -4.48137
11492000 10.6627 -4.21347
11493000 10.824 -4.4978
11494000 10.8106 -4.49549
11495000 10.6738 -4.25166
11496000 10.819 -4.53609
11497000 10.7228 -4.41457
11498000 10.6765 -4.39889
11499000 10.6803 -4.27659
11500000 10.7235 -4.30462
