# Time-averaged data for fix AVG
# TimeStep v_Vol v_H
4000000 8.6136 1.06585
4001000 8.50142 -4.16232
4002000 8.5967 -4.27146
4003000 8.60472 -4.29596
4004000 8.59034 -4.25167
4005000 8.51438 -4.03607
4006000 8.58131 -4.14384
4007000 8.55854 -4.18653
4008000 8.55313 -4.15396
4009000 8.57012 -4.22399
4010000 8.59575 -4.27668
4011000 8.52037 -4.09262
4012000 8.56229 -4.12073
4013000 8.59085 -4.24189
4014000 8.53157 -4.05297
4015000 8.55737 -4.1598
4016000 8.60079 -4.32701
4017000 8.53343 -3.9912
4018000 8.59177 -4.21161
4019000 8.48968 -4.01632
4020000 8.51991 -4.02669
4021000 8.57205 -4.17163
4022000 8.64838 -4.34515
4023000 8.58173 -4.35034
4024000 8.60489 -4.20238
4025000 8.53024 -4.0948
4026000 8.5002 -4.00218
4027000 8.5786 -4.16514
4028000 8.59542 -4.29025
4029000 8.56448 -4.21107
4030000 8.5716 -4.11417
4031000 8.6199 -4.22441
4032000 8.56133 -4.23673
4033000 8.54091 -4.12478
4034000 8.57161 -4.16917
4035000 8.52911 -4.10902
4036000 8.53143 -4.19853
4037000 8.49015 -3.98902
4038000 8.55392 -4.1926
4039000 8.57616 -4.27762
4040000 8.55907 -4.26298
4041000 8.54441 -4.16014
4042000 8.56935 -4.22267
4043000 8.52275 -3.99554
4044000 8.54889 -4.13645
4045000 8.57003 -4.27172
4046000 8.54431 -4.03878
4047000 8.54335 -4.1329
4048000 8.53545 -4.10292
4049000 8.51493 -3.9522
4050000 8.53117 -4.03151
4051000 8.62853 -4.30442
4052000 8.60298 -4.3167
4053000 8.49975 -4.06247
4054000 8.55016 -4.05991
4055000 8.51284 -4.04192
4056000 8.60397 -4.18988
4057000 8.55629 -4.13133
4058000 8.53385 -4.07769
4059000 8.54232 -4.09089
4060000 8.60297 -4.29653
4061000 8.58799 -4.31031
4062000 8.55175 -4.15552
4063000 8.54636 -4.10237
4064000 8.57182 -4.22939
4065000 8.59189 -4.39433
4066000 8.49992 -3.94657
4067000 8.55597 -4.2222
4068000 8.5975 -4.28733
4069000 8.54182 -4.27226
4070000 8.5216 -4.08888
4071000 8.56983 -4.21907
4072000 8.61648 -4.19648
4073000 8.51938 -4.1484
4074000 8.50038 -4.13102
4075000 8.57489 -4.21434
4076000 8.54246 -4.03636
4077000 8.56942 -4.15909
4078000 8.64978 -4.24647
4079000 8.48397 -4.02286
4080000 8.57255 -4.14132
4081000 8.56368 -4.24973
4082000 8.51907 -4.03992
4083000 8.56374 -4.1945
4084000 8.57961 -4.11494
4085000 8.54057 -4.10189
4086000 8.58602 -4.30717
4087000 8.5523 -4.15561
4088000 8.60854 -4.32074
4089000 8.54957 -4.29047
4090000 8.54515 -4.21085
4091000 8.51031 -4.061
4092000 8.57644 -4.2121
4093000 8.58441 -4.16966
4094000 8.54825 -4.06559
4095000 8.51535 -4.11507
4096000 8.53161 -4.05766
4097000 8.56028 -4.15702
4098000 8.52791 -4.1948
4099000 8.62306 -4.37274
4100000 8.54008 -4.20327
4101000 8.44852 -3.95487
4102000 8.57249 -4.31774
4103000 8.61888 -4.29433
4104000 8.5722 -4.24208
4105000 8.51977 -4.05715
4106000 8.5831 -4.26418
4107000 8.60104 -4.29986
4108000 8.55671 -4.19081
4109000 8.55766 -4.21251
4110000 8.59624 -4.30303
4111000 8.61506 -4.32976
4112000 8.52526 -4.18254
4113000 8.52216 -4.16826
4114000 8.55232 -4.15909
4115000 8.56838 -4.19853
4116000 8.58512 -4.40961
4117000 8.53288 -4.23956
4118000 8.5214 -4.14274
4119000 8.52286 -4.13917
4120000 8.60847 -4.356
4121000 8.54171 -4.18507
4122000 8.59236 -4.17396
4123000 8.55934 -4.22088
4124000 8.51666 -4.04185
4125000 8.52133 -4.02668
4126000 8.59206 -4.31794
4127000 8.64312 -4.42725
4128000 8.56263 -4.25494
4129000 8.50449 -3.97301
4130000 8.57334 -4.23915
4131000 8.51843 -4.12855
4132000 8.5534 -4.1612
4133000 8.60382 -4.24391
4134000 8.52543 -4.23511
4135000 8.45606 -4.02664
4136000 8.53048 -4.00877
4137000 8.5448 -4.12849
4138000 8.58085 -4.29557
4139000 8.51443 -4.0196
4140000 8.54352 -4.15827
4141000 8.57334 -4.28483
4142000 8.50131 -4.107
4143000 8.56876 -4.15718
4144000 8.57458 -4.20862
4145000 8.5278 -4.06631
4146000 8.50812 -4.12107
4147000 8.54487 -4.14745
4148000 8.56092 -4.16926
4149000 8.5982 -4.21989
4150000 8.55131 -4.19646
4151000 8.60528 -4.2123
4152000 8.54395 -4.18957
4153000 8.5434 -4.09994
4154000 8.56357 -4.15266
4155000 8.505 -4.08575
4156000 8.56201 -4.26803
4157000 8.57901 -4.25809
4158000 8.51016 -4.11096
4159000 8.45467 -3.98947
4160000 8.58168 -4.22335
4161000 8.57095 -4.2698
4162000 8.57332 -4.24198
4163000 8.53708 -4.13896
4164000 8.56424 -4.20296
4165000 8.54719 -4.14335
4166000 8.60753 -4.27088
4167000 8.59226 -4.33065
4168000 8.59741 -4.21822
4169000 8.56166 -4.06189
4170000 8.55029 -4.20307
4171000 8.51014 -4.0764
4172000 8.56798 -4.21233
4173000 8.53632 -4.14845
4174000 8.55623 -4.20478
4175000 8.53932 -4.1035
4176000 8.4741 -4.00813
4177000 8.57679 -4.09665
4178000 8.60407 -4.25944
4179000 8.61418 -4.36087
4180000 8.54374 -4.12378
4181000 8.5312 -4.14322
4182000 8.55516 -4.05803
4183000 8.51512 -4.15009
4184000 8.58042 -4.28784
4185000 8.60203 -4.26519
4186000 8.53006 -4.02843
4187000 8.50679 -4.14811
4188000 8.52793 -4.15632
4189000 8.55471 -4.24444
4190000 8.64198 -4.28795
4191000 8.49848 -4.00192
4192000 8.52621 -4.08212
4193000 8.53478 -4.19901
4194000 8.59501 -4.21444
4195000 8.58643 -4.24226
4196000 8.55198 -4.15427
4197000 8.63219 -4.3204
4198000 8.5847 -4.27157
4199000 8.54976 -4.21795
4200000 8.51523 -4.13425
4201000 8.50846 -4.03661
4202000 8.54942 -4.11641
4203000 8.60342 -4.38254
4204000 8.57413 -4.28378
4205000 8.47479 -3.92502
4206000 8.53135 -4.18615
4207000 8.58668 -4.33263
4208000 8.55497 -4.21031
4209000 8.5748 -4.26081
4210000 8.56363 -4.17424
4211000 8.53472 -4.03507
4212000 8.52407 -4.19843
4213000 8.5506 -4.10137
4214000 8.53185 -4.10322
4215000 8.56004 -4.28024
4216000 8.52182 -4.08013
4217000 8.54625 -4.12833
4218000 8.536 -4.12563
4219000 8.55338 -4.17812
4220000 8.58129 -4.30235
4221000 8.50083 -4.07794
4222000 8.54605 -4.15335
4223000 8.53434 -4.13084
4224000 8.54101 -4.09924
4225000 8.58359 -4.31404
4226000 8.56246 -4.17564
4227000 8.55295 -4.0607
4228000 8.55808 -4.10919
4229000 8.57741 -4.24038
4230000 8.60209 -4.2845
4231000 8.55997 -4.21414
4232000 8.47966 -3.99897
4233000 8.49372 -4.10522
4234000 8.56166 -4.13688
4235000 8.55302 -4.08545
4236000 8.57958 -4.17504
4237000 8.5787 -4.26219
4238000 8.50678 -4.08992
4239000 8.54055 -4.13766
4240000 8.56192 -4.19137
4241000 8.52542 -4.10975
4242000 8.54486 -4.17927
4243000 8.54971 -4.23001
4244000 8.56197 -4.19811
4245000 8.52667 -4.01514
4246000 8.59264 -4.37728
4247000 8.5145 -4.14615
4248000 8.52025 -4.00937
4249000 8.54396 -4.17051
4250000 8.62895 -4.22683
