#! FIELDS time refcv.mean refcv.morethan
 0.000000 1.160424 323.986732
 1.000000 1.106185 323.975484
 2.000000 1.107466 323.976023
 3.000000 1.113017 323.977429
 4.000000 1.104921 323.974916
 5.000000 1.107142 323.975588
 6.000000 1.105006 323.975099
 7.000000 1.107817 323.975781
 8.000000 1.108831 323.976235
 9.000000 1.113348 323.977497
 10.000000 1.111824 323.977210
 11.000000 1.115101 323.977809
 12.000000 1.104425 323.975062
 13.000000 1.105102 323.975089
 14.000000 1.111597 323.976544
 15.000000 1.112676 323.977234
 16.000000 1.112961 323.977301
 17.000000 1.109590 323.976361
 18.000000 1.105015 323.975240
 19.000000 1.107786 323.975981
 20.000000 1.108433 323.976377
 21.000000 1.107656 323.976051
 22.000000 1.115131 323.978056
 23.000000 1.116440 323.978279
 24.000000 1.106968 323.975559
 25.000000 1.108939 323.976291
 26.000000 1.108208 323.976023
 27.000000 1.111621 323.977174
 28.000000 1.113604 323.977650
 29.000000 1.111838 323.977247
 30.000000 1.107056 323.975813
 31.000000 1.110290 323.976914
 32.000000 1.111608 323.976756
 33.000000 1.108827 323.975987
 34.000000 1.112452 323.977201
 35.000000 1.103732 323.974424
 36.000000 1.108062 323.976305
 37.000000 1.109144 323.976294
 38.000000 1.110297 323.976848
 39.000000 1.113016 323.977230
 40.000000 1.108793 323.976281
 41.000000 1.108503 323.976292
 42.000000 1.110864 323.976984
 43.000000 1.109838 323.976557
 44.000000 1.106400 323.975729
 45.000000 1.111713 323.976943
 46.000000 1.111442 323.977026
 47.000000 1.110801 323.976948
 48.000000 1.108472 323.976084
 49.000000 1.109553 323.976361
 50.000000 1.106959 323.975504
 51.000000 1.108484 323.976247
 52.000000 1.106911 323.975757
 53.000000 1.112582 323.977359
 54.000000 1.108438 323.976109
 55.000000 1.103631 323.974576
 56.000000 1.109577 323.976692
 57.000000 1.105691 323.975450
 58.000000 1.111907 323.977018
 59.000000 1.109340 323.976303
 60.000000 1.111232 323.977040
 61.000000 1.111991 323.977237
 62.000000 1.100098 323.973893
 63.000000 1.109353 323.976503
 64.000000 1.103703 323.974466
 65.000000 1.105752 323.975463
 66.000000 1.110325 323.976818
 67.000000 1.113069 323.977603
 68.000000 1.110030 323.976634
 69.000000 1.114723 323.977755
 70.000000 1.115683 323.978056
 71.000000 1.107806 323.975861
 72.000000 1.110451 323.976625
 73.000000 1.104184 323.974882
 74.000000 1.109611 323.976596
 75.000000 1.103374 323.974775
 76.000000 1.104194 323.975006
 77.000000 1.105140 323.975252
 78.000000 1.109726 323.976475
 79.000000 1.107522 323.976059
 80.000000 1.106621 323.975691
 81.000000 1.103789 323.975036
 82.000000 1.108644 323.976292
 83.000000 1.115568 323.977978
 84.000000 1.113211 323.977504
 85.000000 1.109551 323.976648
 86.000000 1.097348 323.973031
 87.000000 1.108763 323.976045
 88.000000 1.117865 323.978744
 89.000000 1.110779 323.976703
 90.000000 1.109735 323.976384
 91.000000 1.110970 323.976992
 92.000000 1.108994 323.976446
 93.000000 1.110210 323.976755
 94.000000 1.108659 323.976467
 95.000000 1.108210 323.976010
 96.000000 1.113421 323.977531
 97.000000 1.112116 323.976957
 98.000000 1.111529 323.977054
 99.000000 1.100208 323.973464
 100.000000 1.110307 323.976727
 101.000000 1.106463 323.975691
 102.000000 1.101755 323.974553
 103.000000 1.102822 323.974642
 104.000000 1.112971 323.977469
 105.000000 1.107309 323.976100
 106.000000 1.112609 323.977451
 107.000000 1.108975 323.976053
 108.000000 1.107156 323.975734
 109.000000 1.109241 323.976367
 110.000000 1.108010 323.976291
 111.000000 1.111664 323.977246
 112.000000 1.110072 323.976547
 113.000000 1.116141 323.978311
 114.000000 1.109008 323.976586
 115.000000 1.102675 323.974587
 116.000000 1.102280 323.974074
 117.000000 1.102249 323.974352
 118.000000 1.099540 323.973131
 119.000000 1.109194 323.976467
 120.000000 1.112635 323.977135
 121.000000 1.111266 323.977035
 122.000000 1.106912 323.975850
 123.000000 1.109535 323.976676
 124.000000 1.103952 323.975047
 125.000000 1.104602 323.975047
 126.000000 1.108900 323.976486
 127.000000 1.114326 323.977702
 128.000000 1.112857 323.977364
 129.000000 1.112418 323.977393
 130.000000 1.114529 323.977777
 131.000000 1.109257 323.976564
 132.000000 1.102752 323.974661
 133.000000 1.108623 323.976192
 134.000000 1.106758 323.975636
 135.000000 1.102249 323.974127
 136.000000 1.109348 323.976540
 137.000000 1.108484 323.976155
 138.000000 1.112742 323.977187
 139.000000 1.114500 323.977738
 140.000000 1.101280 323.974037
 141.000000 1.106901 323.975749
 142.000000 1.109249 323.976392
 143.000000 1.109802 323.976692
 144.000000 1.105529 323.975328
 145.000000 1.108678 323.976471
 146.000000 1.114333 323.977752
 147.000000 1.110037 323.976904
 148.000000 1.107677 323.975879
 149.000000 1.102430 323.974762
 150.000000 1.112381 323.977359
 151.000000 1.113193 323.977426
 152.000000 1.112391 323.977431
 153.000000 1.118345 323.978933
 154.000000 1.115126 323.978131
 155.000000 1.109204 323.976338
 156.000000 1.104164 323.975154
 157.000000 1.114683 323.977765
 158.000000 1.108308 323.975993
 159.000000 1.109386 323.976391
 160.000000 1.106645 323.975740
 161.000000 1.115979 323.978193
 162.000000 1.109444 323.976569
 163.000000 1.112949 323.977546
 164.000000 1.105726 323.975634
 165.000000 1.102485 323.974390
 166.000000 1.109479 323.976556
 167.000000 1.111981 323.977245
 168.000000 1.102797 323.974510
 169.000000 1.112247 323.977355
 170.000000 1.112448 323.977242
 171.000000 1.109092 323.976293
 172.000000 1.107855 323.976018
 173.000000 1.106274 323.975594
 174.000000 1.105065 323.975074
 175.000000 1.108098 323.975645
 176.000000 1.108939 323.976377
 177.000000 1.108590 323.976207
 178.000000 1.114487 323.977736
 179.000000 1.111424 323.977091
 180.000000 1.109959 323.976789
 181.000000 1.112011 323.977216
 182.000000 1.105849 323.975117
 183.000000 1.106412 323.975585
 184.000000 1.110837 323.976501
 185.000000 1.113818 323.977648
 186.000000 1.103927 323.974400
 187.000000 1.112616 323.977437
 188.000000 1.115099 323.978046
 189.000000 1.108476 323.976250
 190.000000 1.113425 323.977550
 191.000000 1.106541 323.975062
 192.000000 1.109113 323.976143
 193.000000 1.110457 323.976200
 194.000000 1.114138 323.977445
 195.000000 1.113235 323.977568
 196.000000 1.104916 323.975307
 197.000000 1.102540 323.974748
 198.000000 1.105474 323.975274
 199.000000 1.106574 323.975501
 200.000000 1.117001 323.978419
 201.000000 1.109774 323.976664
 202.000000 1.111626 323.977220
 203.000000 1.109376 323.976426
 204.000000 1.103179 323.974703
 205.000000 1.108423 323.976346
 206.000000 1.105071 323.975296
 207.000000 1.115332 323.978250
 208.000000 1.109264 323.976241
 209.000000 1.114723 323.977656
 210.000000 1.110065 323.976392
 211.000000 1.109059 323.976271
 212.000000 1.108584 323.976501
 213.000000 1.109033 323.976374
 214.000000 1.107843 323.975265
 215.000000 1.111741 323.977036
 216.000000 1.106850 323.975586
 217.000000 1.108337 323.976255
 218.000000 1.109025 323.976213
 219.000000 1.107313 323.975875
 220.000000 1.105900 323.975520
 221.000000 1.107389 323.975832
 222.000000 1.103987 323.974858
 223.000000 1.111776 323.977137
 224.000000 1.110161 323.976622
 225.000000 1.118869 323.978812
 226.000000 1.117507 323.978473
 227.000000 1.108457 323.976400
 228.000000 1.105875 323.975729
 229.000000 1.106659 323.975994
 230.000000 1.105247 323.975267
 231.000000 1.106331 323.975697
 232.000000 1.108970 323.976188
 233.000000 1.107292 323.975699
 234.000000 1.114465 323.977816
 235.000000 1.106245 323.975558
 236.000000 1.114566 323.977768
 237.000000 1.115959 323.978220
 238.000000 1.109601 323.976536
 239.000000 1.101089 323.974045
 240.000000 1.102153 323.974430
 241.000000 1.106603 323.975647
 242.000000 1.113019 323.977432
 243.000000 1.113642 323.977799
 244.000000 1.107849 323.976134
 245.000000 1.101767 323.973901
 246.000000 1.107894 323.976152
 247.000000 1.106092 323.975429
 248.000000 1.114414 323.977805
 249.000000 1.112084 323.977130
 250.000000 1.109126 323.976613
 251.000000 1.105765 323.975281
 252.000000 1.102643 323.974563
 253.000000 1.113013 323.977508
 254.000000 1.111995 323.977206
 255.000000 1.115327 323.977987
 256.000000 1.112575 323.977143
 257.000000 1.108094 323.976058
 258.000000 1.098237 323.973386
 259.000000 1.108769 323.976289
 260.000000 1.112731 323.977471
 261.000000 1.102053 323.973893
 262.000000 1.110407 323.976872
 263.000000 1.107928 323.975811
 264.000000 1.105352 323.975357
 265.000000 1.110287 323.976830
 266.000000 1.104395 323.974927
 267.000000 1.105787 323.975435
 268.000000 1.113470 323.977642
 269.000000 1.113473 323.977640
 270.000000 1.114973 323.977955
 271.000000 1.109659 323.976439
 272.000000 1.106114 323.975547
 273.000000 1.112211 323.977294
 274.000000 1.110618 323.976356
 275.000000 1.102658 323.974623
 276.000000 1.106924 323.975678
 277.000000 1.104468 323.975197
 278.000000 1.113199 323.977660
 279.000000 1.110670 323.976832
 280.000000 1.104455 323.975016
 281.000000 1.107332 323.975606
 282.000000 1.108668 323.976058
 283.000000 1.111830 323.977191
 284.000000 1.105070 323.974410
 285.000000 1.107215 323.975872
 286.000000 1.108175 323.976201
 287.000000 1.113725 323.977595
 288.000000 1.104384 323.975049
 289.000000 1.108412 323.976297
 290.000000 1.103913 323.974769
 291.000000 1.111934 323.977230
 292.000000 1.112330 323.977364
 293.000000 1.111559 323.976997
 294.000000 1.110659 323.976819
 295.000000 1.102686 323.974572
 296.000000 1.107966 323.976220
 297.000000 1.105377 323.975442
 298.000000 1.103335 323.974506
 299.000000 1.110464 323.976753
 300.000000 1.109656 323.976522
 301.000000 1.111592 323.977160
 302.000000 1.105827 323.975618
 303.000000 1.112139 323.977344
 304.000000 1.108390 323.976028
 305.000000 1.115061 323.977889
 306.000000 1.110513 323.976616
 307.000000 1.111626 323.977197
 308.000000 1.113591 323.977499
 309.000000 1.117613 323.978602
 310.000000 1.109091 323.976370
 311.000000 1.108169 323.976082
 312.000000 1.104643 323.975118
 313.000000 1.107602 323.975909
 314.000000 1.111054 323.976922
 315.000000 1.108704 323.976467
 316.000000 1.109845 323.976517
 317.000000 1.103509 323.974997
 318.000000 1.115679 323.978208
 319.000000 1.105874 323.975121
 320.000000 1.107124 323.975490
 321.000000 1.110476 323.976652
 322.000000 1.106820 323.975693
 323.000000 1.105610 323.975367
 324.000000 1.105379 323.975357
 325.000000 1.110287 323.976814
 326.000000 1.108622 323.976293
 327.000000 1.111506 323.976893
 328.000000 1.113738 323.977553
 329.000000 1.105617 323.975235
 330.000000 1.111021 323.976925
 331.000000 1.103431 323.974622
 332.000000 1.109555 323.976491
 333.000000 1.110808 323.976969
 334.000000 1.112296 323.977292
 335.000000 1.112724 323.977283
 336.000000 1.108985 323.976476
 337.000000 1.113289 323.977123
 338.000000 1.106550 323.975633
 339.000000 1.107230 323.976063
 340.000000 1.103447 323.974717
 341.000000 1.110628 323.976715
 342.000000 1.105328 323.975339
 343.000000 1.109453 323.976356
 344.000000 1.111244 323.976826
 345.000000 1.107831 323.975986
 346.000000 1.110341 323.976911
 347.000000 1.111049 323.977001
 348.000000 1.106630 323.975501
 349.000000 1.108570 323.976227
 350.000000 1.109843 323.976544
 351.000000 1.111909 323.977313
 352.000000 1.115311 323.978132
 353.000000 1.114700 323.977823
 354.000000 1.111198 323.976907
 355.000000 1.113569 323.977486
 356.000000 1.107968 323.976039
 357.000000 1.108385 323.976173
 358.000000 1.104508 323.975181
 359.000000 1.113272 323.977343
 360.000000 1.111926 323.977315
 361.000000 1.109730 323.976360
 362.000000 1.110228 323.976711
 363.000000 1.105879 323.975303
 364.000000 1.106149 323.975865
 365.000000 1.110134 323.976725
 366.000000 1.114089 323.977786
 367.000000 1.107343 323.975961
 368.000000 1.112931 323.977487
 369.000000 1.106469 323.975745
 370.000000 1.109668 323.976588
 371.000000 1.109902 323.976578
 372.000000 1.111243 323.976692
 373.000000 1.113472 323.977589
 374.000000 1.108302 323.976206
 375.000000 1.112580 323.977403
 376.000000 1.114792 323.977974
 377.000000 1.103093 323.974593
 378.000000 1.104541 323.975208
 379.000000 1.109597 323.976426
 380.000000 1.106775 323.975681
 381.000000 1.111210 323.976957
 382.000000 1.107262 323.975868
 383.000000 1.107101 323.975774
 384.000000 1.110377 323.976719
 385.000000 1.110107 323.976694
 386.000000 1.110935 323.977016
 387.000000 1.108026 323.976118
 388.000000 1.112235 323.977292
 389.000000 1.107006 323.975618
 390.000000 1.110179 323.976442
 391.000000 1.102038 323.974216
 392.000000 1.106778 323.975779
 393.000000 1.106426 323.975683
 394.000000 1.106460 323.975406
 395.000000 1.109913 323.976530
 396.000000 1.109349 323.976619
 397.000000 1.107304 323.975867
 398.000000 1.106867 323.975935
 399.000000 1.106991 323.975800
 400.000000 1.109288 323.976403
 401.000000 1.107313 323.976071
 402.000000 1.102528 323.974568
 403.000000 1.105613 323.975360
 404.000000 1.100550 323.973586
 405.000000 1.107397 323.976091
 406.000000 1.113124 323.977568
 407.000000 1.115792 323.978182
 408.000000 1.116077 323.978220
 409.000000 1.112777 323.977285
 410.000000 1.108283 323.975904
 411.000000 1.107184 323.975866
 412.000000 1.113755 323.977622
 413.000000 1.107183 323.975802
 414.000000 1.108211 323.976160
 415.000000 1.107800 323.976122
 416.000000 1.106348 323.975899
 417.000000 1.111939 323.977261
 418.000000 1.113201 323.977353
 419.000000 1.105723 323.975451
 420.000000 1.105396 323.975277
 421.000000 1.107965 323.976242
 422.000000 1.116463 323.978290
 423.000000 1.113877 323.977272
 424.000000 1.111392 323.976988
 425.000000 1.106944 323.975540
 426.000000 1.108867 323.976211
 427.000000 1.109883 323.976603
 428.000000 1.111913 323.977267
 429.000000 1.101433 323.974524
 430.000000 1.107672 323.975814
 431.000000 1.112535 323.977400
 432.000000 1.110355 323.976644
 433.000000 1.107173 323.975464
 434.000000 1.107363 323.975817
 435.000000 1.101877 323.973583
 436.000000 1.103258 323.974734
 437.000000 1.105514 323.975498
 438.000000 1.107703 323.975927
 439.000000 1.103361 323.974652
 440.000000 1.113550 323.977521
 441.000000 1.112236 323.977291
 442.000000 1.110770 323.977046
 443.000000 1.108994 323.976480
 444.000000 1.107841 323.976207
 445.000000 1.107911 323.975956
 446.000000 1.114440 323.977919
 447.000000 1.102826 323.974317
 448.000000 1.109453 323.976487
 449.000000 1.108324 323.976354
 450.000000 1.112004 323.977321
 451.000000 1.109318 323.976415
 452.000000 1.110084 323.976226
 453.000000 1.110251 323.976578
 454.000000 1.097310 323.972441
