# Time-averaged data for fix AVG
# TimeStep v_Vol v_H
7250000 8.42671 1.99178
7251000 8.64628 -3.53804
7252000 8.5124 -3.29223
7253000 8.42747 -3.19915
7254000 8.4146 -3.06901
7255000 8.54647 -3.17543
7256000 8.54519 -3.35967
7257000 8.501 -3.1068
7258000 8.59062 -3.30367
7259000 8.55758 -3.1128
7260000 8.46771 -2.9148
7261000 8.43507 -3.18162
7262000 8.50056 -2.87717
7263000 8.55083 -3.31084
7264000 8.55318 -3.33513
7265000 8.5393 -3.2722
7266000 8.59124 -3.39854
7267000 8.52951 -3.3934
7268000 8.51666 -3.58783
7269000 8.43648 -3.16353
7270000 8.49618 -3.30219
7271000 8.62764 -3.53985
7272000 8.52961 -3.16214
7273000 8.61529 -3.36217
7274000 8.57178 -3.1521
7275000 8.53214 -3.17381
7276000 8.44048 -2.9713
7277000 8.51285 -3.14731
7278000 8.45905 -3.21654
7279000 8.4547 -3.2825
7280000 8.47737 -3.18616
7281000 8.39525 -3.05194
7282000 8.56267 -2.99969
7283000 8.60452 -3.10868
7284000 8.32772 -3.05368
7285000 8.61924 -3.12635
7286000 8.65634 -3.53963
7287000 8.59289 -3.21114
7288000 8.45562 -3.32085
7289000 8.41285 -3.08965
7290000 8.54085 -3.38391
7291000 8.46924 -3.43519
7292000 8.30643 -3.30066
7293000 8.34538 -3.12075
7294000 8.57906 -3.37613
7295000 8.39874 -3.1823
7296000 8.39897 -3.17245
7297000 8.43667 -3.21765
7298000 8.37686 -3.0718
7299000 8.41411 -3.10175
7300000 8.34034 -3.04274
7301000 8.49004 -3.05319
7302000 8.47526 -3.23014
7303000 8.52758 -3.16878
7304000 8.48293 -3.30261
7305000 8.45642 -3.25755
7306000 8.53061 -3.25552
7307000 8.54178 -3.28182
7308000 8.55253 -3.30626
7309000 8.37568 -3.12662
7310000 8.51542 -3.56354
7311000 8.46604 -3.28696
7312000 8.52865 -3.33681
7313000 8.41321 -2.99096
7314000 8.3969 -3.2246
7315000 8.39742 -3.23211
7316000 8.30997 -2.86413
7317000 8.40576 -3.33064
7318000 8.44991 -3.22379
7319000 8.46595 -3.50561
7320000 8.47673 -3.33143
7321000 8.4388 -3.19039
7322000 8.41152 -3.11961
7323000 8.37956 -2.87481
7324000 8.5001 -3.26489
7325000 8.39037 -3.08786
7326000 8.42304 -3.49516
7327000 8.45688 -3.27783
7328000 8.44036 -3.25113
7329000 8.44923 -3.32119
7330000 8.44466 -3.11199
7331000 8.48246 -3.25493
7332000 8.44669 -3.33543
7333000 8.52682 -3.37845
7334000 8.52718 -3.19099
7335000 8.53692 -3.45454
7336000 8.47452 -3.32559
7337000 8.525 -3.34872
7338000 8.43829 -2.91199
7339000 8.39952 -3.21768
7340000 8.34358 -3.0087
7341000 8.49611 -3.23278
7342000 8.32463 -2.92145
7343000 8.47926 -3.25816
7344000 8.44035 -3.17035
7345000 8.5208 -3.33902
7346000 8.50851 -3.20551
7347000 8.40182 -3.15818
7348000 8.40728 -3.48546
7349000 8.47893 -3.24163
7350000 8.54402 -3.26516
7351000 8.39891 -3.00828
7352000 8.50954 -3.23901
7353000 8.43452 -3.33135
7354000 8.59408 -3.32506
7355000 8.56016 -3.23593
7356000 8.49082 -3.22094
7357000 8.63072 -3.41752
7358000 8.60923 -3.25634
7359000 8.59247 -2.91438
7360000 8.65921 -3.33766
7361000 8.59711 -3.31263
7362000 8.65811 -3.32022
7363000 8.60006 -3.27622
7364000 8.52896 -2.95471
7365000 8.63605 -3.34943
7366000 8.56998 -3.29321
7367000 8.37918 -3.234
7368000 8.52427 -3.19109
7369000 8.51635 -3.34852
7370000 8.48731 -3.04528
7371000 8.40509 -3.19017
7372000 8.49178 -3.12819
7373000 8.4559 -3.24143
7374000 8.67339 -3.51654
7375000 8.45196 -2.99213
7376000 8.39165 -3.10119
7377000 8.46223 -3.16706
7378000 8.4146 -3.1914
7379000 8.46634 -3.3587
7380000 8.40926 -3.00613
7381000 8.40346 -3.21143
7382000 8.60966 -3.30082
7383000 8.50269 -3.23
7384000 8.5298 -3.39588
7385000 8.47976 -3.38774
7386000 8.4418 -3.19435
7387000 8.54322 -3.24623
7388000 8.40043 -2.96305
7389000 8.43005 -3.3523
7390000 8.5798 -3.24407
7391000 8.45449 -3.4151
7392000 8.38683 -3.0185
7393000 8.46529 -3.23645
7394000 8.49819 -3.42814
7395000 8.62177 -3.06228
7396000 8.56882 -3.43848
7397000 8.45338 -3.26247
7398000 8.38931 -3.19584
7399000 8.58373 -3.24293
7400000 8.52573 -3.32624
7401000 8.4813 -2.99733
7402000 8.55482 -3.39545
7403000 8.48346 -3.23722
7404000 8.37681 -3.24582
7405000 8.55017 -3.37396
7406000 8.56819 -3.36944
7407000 8.61118 -3.33748
7408000 8.55667 -3.06929
7409000 8.61691 -3.50846
7410000 8.51277 -2.95406
7411000 8.47184 -3.45002
7412000 8.48433 -3.39352
7413000 8.58354 -3.48903
7414000 8.54409 -3.27243
7415000 8.44445 -3.12121
7416000 8.47613 -3.0796
7417000 8.60236 -3.6052
7418000 8.61511 -3.06589
7419000 8.44125 -3.28813
7420000 8.37733 -3.14818
7421000 8.51115 -3.48558
7422000 8.45247 -3.30102
7423000 8.50787 -3.06086
7424000 8.50533 -3.2897
7425000 8.3957 -2.90575
7426000 8.3639 -3.10387
7427000 8.49458 -3.44259
7428000 8.35262 -3.05784
7429000 8.46364 -3.21652
7430000 8.52646 -3.30146
7431000 8.46083 -3.17075
7432000 8.43805 -3.12812
7433000 8.35212 -3.24233
7434000 8.49 -3.34116
7435000 8.44423 -2.90926
7436000 8.5655 -3.57078
7437000 8.60377 -3.41092
7438000 8.65518 -3.29738
7439000 8.51108 -3.42376
7440000 8.61132 -3.16398
7441000 8.54672 -3.26837
7442000 8.56781 -3.39522
7443000 8.55836 -3.14791
7444000 8.49504 -3.10989
7445000 8.47513 -3.33171
7446000 8.48561 -3.14631
7447000 8.48794 -3.41593
7448000 8.43558 -3.32802
7449000 8.4662 -3.12178
7450000 8.47469 -3.35741
7451000 8.49173 -3.30945
7452000 8.32197 -3.13646
7453000 8.37798 -3.38774
7454000 8.43563 -3.38262
7455000 8.38566 -3.28883
7456000 8.39452 -3.25288
7457000 8.3912 -3.33792
7458000 8.45902 -3.03708
7459000 8.32732 -3.01884
7460000 8.50231 -3.07937
7461000 8.46981 -3.22633
7462000 8.41553 -3.18352
7463000 8.54473 -3.38836
7464000 8.61545 -3.5393
7465000 8.42877 -3.44196
7466000 8.45389 -3.21008
7467000 8.42428 -3.15335
7468000 8.47494 -3.06501
7469000 8.48681 -3.20362
7470000 8.451 -3.32617
7471000 8.43973 -3.19254
7472000 8.42448 -3.11791
7473000 8.53395 -3.56122
7474000 8.42093 -3.13729
7475000 8.42871 -3.22029
7476000 8.53225 -3.41077
7477000 8.47609 -3.12275
7478000 8.53356 -3.46898
7479000 8.43983 -3.4695
7480000 8.47962 -3.31379
7481000 8.3634 -2.97868
7482000 8.43221 -3.1831
7483000 8.44645 -3.47739
7484000 8.45832 -3.22365
7485000 8.41532 -3.28723
7486000 8.46024 -3.3888
7487000 8.45893 -3.27196
7488000 8.47635 -3.17208
7489000 8.51782 -3.37788
7490000 8.38947 -3.22631
7491000 8.3405 -3.16151
7492000 8.42059 -3.16532
7493000 8.50789 -3.10072
7494000 8.56594 -3.18065
7495000 8.52343 -3.12882
7496000 8.47506 -3.29896
7497000 8.43446 -3.28956
7498000 8.46395 -3.30045
7499000 8.40384 -3.33756
7500000 8.40172 -3.18894
