# Time-averaged data for fix AVG
# TimeStep v_Vol v_H
2000000 8.77271 1.9253
2001000 8.86225 -4.32008
2002000 8.8061 -4.12217
2003000 8.88067 -4.19548
2004000 8.73547 -4.08901
2005000 8.98058 -4.34321
2006000 8.7316 -3.94702
2007000 8.86859 -4.09498
2008000 8.76156 -3.9093
2009000 8.70128 -3.78654
2010000 8.88875 -4.10021
2011000 8.84335 -4.16558
2012000 8.80659 -3.93761
2013000 8.85295 -4.14062
2014000 8.82892 -4.24342
2015000 8.78277 -4.01082
2016000 8.82798 -3.98905
2017000 8.81386 -4.13139
2018000 8.839 -4.34531
2019000 8.87187 -4.39142
2020000 8.86189 -4.3079
2021000 8.87337 -4.21331
2022000 8.70267 -3.98487
2023000 8.89311 -4.3071
2024000 8.82402 -4.11757
2025000 8.72617 -3.94459
2026000 8.92898 -4.12497
2027000 8.81706 -4.00875
2028000 8.87097 -4.37696
2029000 8.80535 -4.11561
2030000 8.79916 -4.1393
2031000 8.85215 -4.19533
2032000 8.81754 -4.18568
2033000 8.81558 -4.10842
2034000 8.78371 -4.17458
2035000 8.79284 -4.27256
2036000 8.77047 -4.1036
2037000 8.81813 -4.21734
2038000 8.75644 -4.05864
2039000 8.81186 -4.14998
2040000 8.71587 -3.93964
2041000 8.79841 -4.14653
2042000 8.79793 -4.00889
2043000 8.75449 -4.033
2044000 8.75207 -4.11347
2045000 8.88705 -4.2326
2046000 8.75089 -3.99201
2047000 8.91661 -4.12081
2048000 8.63347 -3.96053
2049000 8.82679 -4.1812
2050000 8.85492 -4.1421
2051000 8.82219 -3.83079
2052000 8.81047 -4.18086
2053000 8.81272 -4.2668
2054000 8.754 -4.05761
2055000 8.90356 -4.24444
2056000 8.90533 -4.05944
2057000 8.75116 -4.09289
2058000 8.83073 -4.13951
2059000 8.82062 -4.15983
2060000 8.83555 -4.01857
2061000 8.80402 -4.10791
2062000 8.79426 -4.02977
2063000 8.73497 -3.92162
2064000 8.86477 -4.20114
2065000 8.79079 -4.23988
2066000 8.81495 -3.9244
2067000 8.82412 -4.22967
2068000 8.90206 -4.31636
2069000 8.86921 -4.14966
2070000 8.77785 -3.92421
2071000 8.83712 -4.2053
2072000 8.88637 -4.13112
2073000 8.83367 -4.16294
2074000 8.76043 -4.01114
2075000 8.78168 -4.22609
2076000 8.86182 -4.20422
2077000 8.86611 -4.22134
2078000 8.82056 -4.08038
2079000 8.73405 -4.0471
2080000 8.83524 -4.20271
2081000 8.91787 -4.33075
2082000 8.83923 -4.2384
2083000 8.78828 -3.95815
2084000 8.78626 -3.94289
2085000 8.82056 -4.34164
2086000 8.74985 -3.98432
2087000 8.8473 -4.21338
2088000 8.77107 -4.10653
2089000 8.8159 -4.28488
2090000 8.83968 -4.12623
2091000 8.82811 -4.21728
2092000 8.77377 -4.04147
2093000 8.82447 -4.22694
2094000 8.7925 -4.17365
2095000 8.81368 -4.17976
2096000 8.81993 -4.09684
2097000 8.76392 -4.0974
2098000 8.83194 -4.18568
2099000 8.81016 -4.22086
2100000 8.88201 -4.11849
2101000 8.73745 -4.01554
2102000 8.84013 -4.27562
2103000 8.79278 -4.16919
2104000 8.89208 -4.29802
2105000 8.80254 -3.99825
2106000 8.82411 -4.2909
2107000 8.834 -3.99266
2108000 8.80582 -4.11455
2109000 8.76108 -4.04548
2110000 8.68943 -3.88386
2111000 8.91252 -4.3612
2112000 8.81443 -4.1662
2113000 8.84376 -4.30626
2114000 8.84549 -4.2204
2115000 8.86658 -4.18777
2116000 8.83689 -4.16626
2117000 8.75249 -4.04579
2118000 8.77407 -4.07541
2119000 8.77417 -4.00268
2120000 8.78232 -3.94767
2121000 8.87254 -4.21956
2122000 8.82636 -4.08225
2123000 8.7569 -4.06169
2124000 8.893 -4.19465
2125000 9.00889 -4.33231
2126000 8.92393 -4.33111
2127000 8.76192 -3.95266
2128000 8.83131 -4.09124
2129000 8.77302 -4.04969
2130000 8.79818 -4.23346
2131000 8.79923 -4.17285
2132000 8.75327 -4.11979
2133000 8.81097 -4.06317
2134000 8.92346 -4.16428
2135000 8.72188 -4.0032
2136000 8.95041 -4.36893
2137000 8.77303 -4.24688
2138000 8.79059 -4.12113
2139000 8.77044 -4.19806
2140000 8.86628 -4.24851
2141000 8.77106 -4.01252
2142000 8.73164 -3.94166
2143000 8.80445 -4.11821
2144000 8.8253 -4.16434
2145000 8.80719 -4.1855
2146000 8.76464 -4.04271
2147000 8.73434 -3.98176
2148000 8.83338 -4.22798
2149000 8.91375 -4.26871
2150000 8.74274 -4.03518
2151000 8.7243 -3.82196
2152000 8.85478 -4.1297
2153000 8.77314 -4.19353
2154000 8.76724 -4.05541
2155000 8.79112 -3.99214
2156000 8.83797 -4.22654
2157000 8.86632 -4.1908
2158000 8.81986 -4.29563
2159000 8.84261 -4.40924
2160000 8.96845 -4.30664
2161000 8.79641 -4.08543
2162000 8.8066 -4.22876
2163000 8.78403 -4.2034
2164000 8.84496 -4.32126
2165000 8.80988 -4.1809
2166000 8.81453 -3.97362
2167000 8.77784 -4.00162
2168000 8.93819 -4.25275
2169000 8.83122 -4.07426
2170000 8.87036 -4.15044
2171000 8.86929 -4.28859
2172000 8.78262 -4.03678
2173000 8.75865 -3.94449
2174000 8.85714 -4.17367
2175000 8.84676 -4.21717
2176000 8.76983 -4.10784
2177000 8.89774 -4.23698
2178000 8.79132 -4.24937
2179000 8.82124 -4.07584
2180000 8.85208 -4.20856
2181000 8.78344 -4.16678
2182000 8.89772 -4.1357
2183000 8.8205 -4.17864
2184000 8.85417 -4.30933
2185000 8.77971 -4.01835
2186000 8.80438 -4.06692
2187000 8.81872 -4.22588
2188000 8.90675 -4.43266
2189000 8.71283 -4.03298
2190000 8.82664 -4.05397
2191000 8.87068 -4.38785
2192000 8.86004 -4.1002
2193000 8.88201 -4.13991
2194000 8.81388 -4.27806
2195000 8.80039 -4.15276
2196000 8.86949 -4.07451
2197000 8.82291 -4.15985
2198000 8.9115 -4.32459
2199000 8.96272 -4.3045
2200000 8.73844 -3.96569
2201000 8.8575 -4.19824
2202000 8.8749 -4.17268
2203000 8.69806 -4.05543
2204000 8.84406 -4.12621
2205000 8.73867 -4.08606
2206000 8.83901 -4.29737
2207000 8.84375 -4.14131
2208000 8.70425 -4.02562
2209000 8.8436 -4.22213
2210000 8.8358 -4.14294
2211000 8.80615 -4.10985
2212000 8.76969 -4.15458
2213000 8.81011 -3.83562
2214000 8.79872 -3.97444
2215000 8.82537 -4.12441
2216000 8.71383 -4.01893
2217000 8.83418 -4.217
2218000 8.96202 -4.24446
2219000 8.82315 -4.05363
2220000 8.78968 -4.19468
2221000 8.7353 -4.08055
2222000 8.72497 -4.12409
2223000 8.83426 -3.99956
2224000 8.92319 -4.23142
2225000 8.77264 -4.09566
2226000 8.83959 -4.20565
2227000 8.90643 -4.2818
2228000 8.74755 -4.12785
2229000 8.85223 -4.02892
2230000 8.92763 -4.15501
2231000 8.77048 -4.00354
2232000 8.85656 -4.2329
2233000 8.83093 -4.21797
2234000 8.8581 -4.22803
2235000 8.8544 -4.24494
2236000 8.72845 -3.90302
2237000 8.77098 -4.15026
2238000 8.75067 -4.03579
2239000 8.74119 -4.14207
2240000 8.85091 -4.06097
2241000 8.78208 -4.20576
2242000 8.91707 -4.16988
2243000 8.81619 -4.07973
2244000 8.74839 -3.83787
2245000 8.93098 -4.15197
2246000 8.73053 -3.97463
2247000 8.91346 -4.26338
2248000 8.84716 -4.08135
2249000 8.8645 -4.09768
2250000 8.81 -3.99064
