# Time-averaged data for fix AVG
# TimeStep v_Vol v_H
20750000 8.34938 1.06984
20751000 8.36291 -4.60099
20752000 8.35462 -4.59865
20753000 8.36905 -4.63471
20754000 8.3996 -4.71675
20755000 8.38208 -4.69781
20756000 8.38788 -4.64247
20757000 8.39005 -4.67768
20758000 8.38313 -4.68528
20759000 8.38315 -4.60308
20760000 8.37636 -4.63663
20761000 8.39201 -4.68267
20762000 8.37898 -4.56683
20763000 8.40327 -4.67449
20764000 8.33027 -4.45559
20765000 8.33515 -4.54479
20766000 8.32441 -4.46613
20767000 8.3412 -4.53239
20768000 8.35322 -4.54939
20769000 8.35847 -4.5767
20770000 8.38828 -4.66113
20771000 8.36189 -4.65024
20772000 8.36966 -4.66462
20773000 8.36098 -4.58032
20774000 8.38434 -4.56105
20775000 8.40809 -4.6624
20776000 8.3701 -4.62011
20777000 8.37135 -4.58862
20778000 8.36787 -4.70323
20779000 8.35318 -4.62095
20780000 8.35348 -4.47171
20781000 8.3768 -4.61401
20782000 8.41608 -4.74597
20783000 8.36295 -4.55658
20784000 8.35911 -4.5847
20785000 8.40985 -4.75403
20786000 8.37362 -4.63413
20787000 8.32881 -4.45027
20788000 8.33516 -4.53632
20789000 8.38729 -4.64702
20790000 8.35353 -4.59608
20791000 8.31192 -4.45177
20792000 8.35694 -4.6114
20793000 8.38329 -4.66544
20794000 8.36895 -4.58023
20795000 8.33825 -4.63021
20796000 8.35466 -4.52313
20797000 8.37596 -4.66617
20798000 8.36458 -4.59809
20799000 8.33442 -4.52412
20800000 8.33688 -4.51329
20801000 8.33955 -4.55921
20802000 8.37544 -4.65333
20803000 8.38466 -4.65317
20804000 8.39212 -4.6235
20805000 8.37728 -4.59753
20806000 8.39443 -4.67837
20807000 8.34517 -4.51637
20808000 8.36966 -4.58853
20809000 8.36212 -4.60461
20810000 8.40188 -4.7556
20811000 8.39284 -4.77579
20812000 8.39625 -4.6744
20813000 8.38049 -4.59814
20814000 8.33955 -4.50832
20815000 8.35772 -4.66735
20816000 8.36117 -4.61265
20817000 8.35376 -4.56684
20818000 8.34291 -4.59047
20819000 8.34987 -4.62942
20820000 8.38829 -4.62405
20821000 8.4002 -4.77666
20822000 8.40006 -4.70442
20823000 8.40152 -4.705
20824000 8.3927 -4.69598
20825000 8.38275 -4.68107
20826000 8.37424 -4.63009
20827000 8.37858 -4.65171
20828000 8.34559 -4.53077
20829000 8.3647 -4.68391
20830000 8.3567 -4.53224
20831000 8.38189 -4.68929
20832000 8.33186 -4.4963
20833000 8.38417 -4.70147
20834000 8.43017 -4.69979
20835000 8.36344 -4.59539
20836000 8.38895 -4.68588
20837000 8.37141 -4.6832
20838000 8.35308 -4.59488
20839000 8.34942 -4.61718
20840000 8.33881 -4.54738
20841000 8.34339 -4.55757
20842000 8.34717 -4.62079
20843000 8.37654 -4.658
20844000 8.34665 -4.49231
20845000 8.35761 -4.69204
20846000 8.36399 -4.61422
20847000 8.37041 -4.65864
20848000 8.36921 -4.6749
20849000 8.34564 -4.55195
20850000 8.36617 -4.60278
20851000 8.33709 -4.57378
20852000 8.32906 -4.53098
20853000 8.37919 -4.65187
20854000 8.34741 -4.54284
20855000 8.37859 -4.64259
20856000 8.35347 -4.5664
20857000 8.35738 -4.61475
20858000 8.32871 -4.57935
20859000 8.33591 -4.52167
20860000 8.37435 -4.6557
20861000 8.36102 -4.57552
20862000 8.38059 -4.68642
20863000 8.38573 -4.67953
20864000 8.4123 -4.69463
20865000 8.34763 -4.54468
20866000 8.36204 -4.67138
20867000 8.37049 -4.69639
20868000 8.36086 -4.62665
20869000 8.36011 -4.58315
20870000 8.40577 -4.70013
20871000 8.38402 -4.62802
20872000 8.34478 -4.56669
20873000 8.33676 -4.56894
20874000 8.34758 -4.56838
20875000 8.33993 -4.53523
20876000 8.36046 -4.59504
20877000 8.36452 -4.65994
20878000 8.35266 -4.59864
20879000 8.35026 -4.52031
20880000 8.36262 -4.63707
20881000 8.37808 -4.71005
20882000 8.37438 -4.68318
20883000 8.35692 -4.57294
20884000 8.34258 -4.56031
20885000 8.34366 -4.56445
20886000 8.36803 -4.62505
20887000 8.31627 -4.48869
20888000 8.34697 -4.54721
20889000 8.36459 -4.6548
20890000 8.37767 -4.7114
20891000 8.34298 -4.50561
20892000 8.36596 -4.62347
20893000 8.38967 -4.70534
20894000 8.36665 -4.68848
20895000 8.3937 -4.64495
20896000 8.36948 -4.62047
20897000 8.35058 -4.64869
20898000 8.38573 -4.69539
20899000 8.36689 -4.54478
20900000 8.34704 -4.55593
20901000 8.37784 -4.68479
20902000 8.34413 -4.50919
20903000 8.34958 -4.55851
20904000 8.37758 -4.71447
20905000 8.40682 -4.71406
20906000 8.36595 -4.66244
20907000 8.38732 -4.72665
20908000 8.39 -4.666
20909000 8.3785 -4.63871
20910000 8.36887 -4.72119
20911000 8.36658 -4.66934
20912000 8.3601 -4.64079
20913000 8.37913 -4.59494
20914000 8.40052 -4.70127
20915000 8.39871 -4.70958
20916000 8.39327 -4.66252
20917000 8.40029 -4.76547
20918000 8.40929 -4.69236
20919000 8.33947 -4.47734
20920000 8.35451 -4.60935
20921000 8.36573 -4.5729
20922000 8.34356 -4.54543
20923000 8.36376 -4.61171
20924000 8.39046 -4.69265
20925000 8.36214 -4.6083
20926000 8.36696 -4.63637
20927000 8.36207 -4.58612
20928000 8.37662 -4.67088
20929000 8.38747 -4.71144
20930000 8.38342 -4.63434
20931000 8.39885 -4.73992
20932000 8.37168 -4.60607
20933000 8.37429 -4.65761
20934000 8.35486 -4.57177
20935000 8.35087 -4.58882
20936000 8.40138 -4.66238
20937000 8.3801 -4.71546
20938000 8.36107 -4.55466
20939000 8.38549 -4.76065
20940000 8.37533 -4.5803
20941000 8.33071 -4.42613
20942000 8.34332 -4.61238
20943000 8.34508 -4.53263
20944000 8.38944 -4.65547
20945000 8.3747 -4.66048
20946000 8.36743 -4.59276
20947000 8.40451 -4.73888
20948000 8.35114 -4.50739
20949000 8.36728 -4.59448
20950000 8.35998 -4.63253
20951000 8.3957 -4.65211
20952000 8.38104 -4.66889
20953000 8.39339 -4.73457
20954000 8.38285 -4.63766
20955000 8.36942 -4.63104
20956000 8.40269 -4.73456
20957000 8.37681 -4.63919
20958000 8.42611 -4.85755
20959000 8.403 -4.73053
20960000 8.35044 -4.53304
20961000 8.36267 -4.64919
20962000 8.36853 -4.6218
20963000 8.38709 -4.65848
20964000 8.37109 -4.62252
20965000 8.3486 -4.60667
20966000 8.3747 -4.63924
20967000 8.36116 -4.55811
20968000 8.382 -4.67851
20969000 8.37249 -4.64005
20970000 8.35791 -4.62234
20971000 8.34099 -4.51494
20972000 8.37103 -4.66104
20973000 8.38818 -4.77458
20974000 8.35101 -4.54719
20975000 8.32448 -4.47536
20976000 8.37934 -4.66915
20977000 8.35894 -4.54473
20978000 8.32965 -4.55006
20979000 8.3465 -4.55891
20980000 8.37655 -4.60453
20981000 8.39781 -4.70117
20982000 8.40453 -4.68362
20983000 8.39715 -4.75068
20984000 8.36113 -4.59466
20985000 8.37896 -4.64253
20986000 8.37732 -4.67598
20987000 8.37727 -4.59313
20988000 8.35652 -4.55239
20989000 8.38003 -4.67923
20990000 8.35607 -4.57241
20991000 8.32841 -4.56134
20992000 8.35111 -4.58907
20993000 8.38024 -4.57686
20994000 8.35183 -4.55637
20995000 8.3775 -4.59011
20996000 8.33885 -4.51547
20997000 8.37901 -4.65064
20998000 8.37725 -4.68138
20999000 8.33771 -4.52092
21000000 8.3793 -4.5256
