# Time-averaged data for fix AVG
# TimeStep v_Vol v_H
15250000 8.28996 2.40475
15251000 8.30347 -3.71523
15252000 8.32749 -3.71624
15253000 8.30969 -3.64616
15254000 8.32789 -3.81598
15255000 8.31933 -3.90042
15256000 8.34191 -3.83667
15257000 8.27684 -3.70078
15258000 8.27142 -3.61205
15259000 8.28516 -3.65642
15260000 8.33285 -3.80359
15261000 8.32121 -3.73222
15262000 8.2396 -3.59713
15263000 8.33903 -3.77382
15264000 8.31255 -3.75566
15265000 8.31516 -3.80035
15266000 8.20634 -3.58538
15267000 8.32438 -3.71879
15268000 8.29541 -3.81552
15269000 8.23119 -3.67091
15270000 8.26008 -3.58553
15271000 8.31727 -3.86792
15272000 8.32343 -3.74964
15273000 8.34108 -3.86292
15274000 8.32374 -3.75758
15275000 8.22778 -3.54871
15276000 8.28683 -3.71531
15277000 8.25638 -3.63591
15278000 8.30497 -3.7662
15279000 8.28522 -3.70663
15280000 8.28654 -3.59337
15281000 8.26835 -3.71369
15282000 8.34011 -3.90946
15283000 8.31929 -3.8606
15284000 8.26076 -3.67966
15285000 8.28629 -3.80817
15286000 8.26683 -3.70596
15287000 8.32558 -3.66852
15288000 8.28991 -3.58258
15289000 8.29666 -3.75179
15290000 8.27298 -3.67306
15291000 8.26843 -3.68947
15292000 8.32528 -3.8256
15293000 8.30482 -3.74416
15294000 8.27396 -3.6893
15295000 8.38008 -3.95998
15296000 8.30102 -3.80229
15297000 8.25134 -3.58809
15298000 8.24714 -3.77092
15299000 8.24981 -3.68756
15300000 8.3354 -3.74672
15301000 8.36011 -3.74331
15302000 8.2909 -3.74819
15303000 8.26262 -3.74579
15304000 8.34034 -3.86512
15305000 8.2826 -3.67917
15306000 8.22176 -3.55691
15307000 8.27971 -3.768
15308000 8.31435 -3.82132
15309000 8.32861 -3.9284
15310000 8.23382 -3.47926
15311000 8.28654 -3.65232
15312000 8.26836 -3.64523
15313000 8.34502 -3.67001
15314000 8.29637 -3.62572
15315000 8.17206 -3.41933
15316000 8.38593 -3.86439
15317000 8.29581 -3.81113
15318000 8.28176 -3.77913
15319000 8.37065 -3.97322
15320000 8.29411 -3.72137
15321000 8.34619 -3.87572
15322000 8.32584 -3.7479
15323000 8.29439 -3.68982
15324000 8.26988 -3.71797
15325000 8.2181 -3.57134
15326000 8.24691 -3.59991
15327000 8.32669 -3.95474
15328000 8.30124 -3.80063
15329000 8.23632 -3.58994
15330000 8.27694 -3.73229
15331000 8.33845 -3.90498
15332000 8.29201 -3.91536
15333000 8.29097 -3.73782
15334000 8.25942 -3.59367
15335000 8.23535 -3.70781
15336000 8.29757 -3.74637
15337000 8.35041 -3.92566
15338000 8.29121 -3.74719
15339000 8.30459 -3.89955
15340000 8.28372 -3.75118
15341000 8.28455 -3.68743
15342000 8.31889 -3.76803
15343000 8.25196 -3.74608
15344000 8.22585 -3.64169
15345000 8.25346 -3.57112
15346000 8.33629 -3.74214
15347000 8.3275 -3.79332
15348000 8.33025 -3.92849
15349000 8.31785 -3.90816
15350000 8.27619 -3.64022
15351000 8.29353 -3.9268
15352000 8.33247 -3.74641
15353000 8.27314 -3.54361
15354000 8.27699 -3.69286
15355000 8.33413 -3.70685
15356000 8.32467 -3.97157
15357000 8.27874 -3.75561
15358000 8.28834 -3.62238
15359000 8.28286 -3.55782
15360000 8.37614 -3.76464
15361000 8.27775 -3.74416
15362000 8.34325 -3.90114
15363000 8.28504 -3.82757
15364000 8.29655 -3.80018
15365000 8.32965 -3.74271
15366000 8.26358 -3.64919
15367000 8.3097 -3.67063
15368000 8.27915 -3.69913
15369000 8.25418 -3.60816
15370000 8.24032 -3.61594
15371000 8.26491 -3.80291
15372000 8.32693 -3.80436
15373000 8.3185 -3.87443
15374000 8.28905 -3.63026
15375000 8.29606 -3.59728
15376000 8.29958 -3.7136
15377000 8.23798 -3.75513
15378000 8.35137 -3.92637
15379000 8.33544 -3.81569
15380000 8.26559 -3.67824
15381000 8.27176 -3.74125
15382000 8.33539 -3.76772
15383000 8.28667 -3.69411
15384000 8.3117 -3.76253
15385000 8.20655 -3.66707
15386000 8.30641 -3.69992
15387000 8.3079 -3.80565
15388000 8.27598 -3.78349
15389000 8.23684 -3.65101
15390000 8.30722 -3.63207
15391000 8.24604 -3.7767
15392000 8.23176 -3.68918
15393000 8.2167 -3.63457
15394000 8.31039 -3.78107
15395000 8.28296 -3.77339
15396000 8.23962 -3.76828
15397000 8.319 -3.92257
15398000 8.27879 -3.73109
15399000 8.24484 -3.61946
15400000 8.30574 -3.84221
15401000 8.22674 -3.60687
15402000 8.29592 -3.79059
15403000 8.28041 -3.71807
15404000 8.30709 -3.79516
15405000 8.34486 -3.81542
15406000 8.27648 -3.70009
15407000 8.36692 -3.91494
15408000 8.26599 -3.8159
15409000 8.29555 -3.8139
15410000 8.35727 -3.84626
15411000 8.25348 -3.6853
15412000 8.25109 -3.78554
15413000 8.26462 -3.67346
15414000 8.28812 -3.81628
15415000 8.39177 -3.99133
15416000 8.32741 -3.72576
15417000 8.31988 -3.85081
15418000 8.29302 -3.75875
15419000 8.28703 -3.66692
15420000 8.28429 -3.75516
15421000 8.35076 -3.89447
15422000 8.2039 -3.55157
15423000 8.34779 -3.98222
15424000 8.23058 -3.33016
15425000 8.26841 -3.69659
15426000 8.2424 -3.6925
15427000 8.27677 -3.75316
15428000 8.29615 -3.78019
15429000 8.21551 -3.55791
15430000 8.2931 -3.91446
15431000 8.30245 -3.76539
15432000 8.3164 -3.75667
15433000 8.29614 -3.72968
15434000 8.2758 -3.71744
15435000 8.3538 -3.82476
15436000 8.32331 -3.83995
15437000 8.31854 -3.90681
15438000 8.2909 -3.6333
15439000 8.31954 -3.83238
15440000 8.29653 -3.84049
15441000 8.27529 -3.56888
15442000 8.331 -3.87424
15443000 8.31214 -3.80541
15444000 8.2493 -3.71066
15445000 8.3057 -3.77993
15446000 8.34581 -3.90146
15447000 8.29247 -3.61095
15448000 8.40387 -3.90608
15449000 8.30319 -3.72736
15450000 8.2944 -3.86058
15451000 8.25065 -3.5659
15452000 8.30796 -3.6437
15453000 8.26764 -3.80418
15454000 8.26545 -3.86112
15455000 8.2882 -3.86685
15456000 8.20709 -3.50074
15457000 8.30041 -3.70906
15458000 8.3182 -3.86849
15459000 8.32188 -3.60067
15460000 8.28764 -3.70818
15461000 8.28395 -3.84956
15462000 8.31975 -3.87511
15463000 8.32521 -3.86083
15464000 8.25594 -3.72315
15465000 8.25386 -3.62707
15466000 8.32258 -3.88067
15467000 8.32153 -3.81091
15468000 8.21185 -3.50233
15469000 8.31881 -3.62867
15470000 8.29134 -3.66366
15471000 8.25017 -3.63849
15472000 8.35447 -3.81389
15473000 8.31071 -3.87704
15474000 8.29143 -3.76195
15475000 8.29011 -3.73123
15476000 8.31111 -3.73962
15477000 8.39864 -3.9228
15478000 8.31786 -3.5358
15479000 8.23592 -3.64618
15480000 8.23757 -3.61408
15481000 8.32438 -3.87017
15482000 8.30149 -3.81746
15483000 8.31339 -3.85654
15484000 8.27007 -3.72965
15485000 8.27307 -3.70504
15486000 8.3305 -3.87562
15487000 8.29275 -3.74006
15488000 8.3184 -3.82307
15489000 8.24445 -3.74633
15490000 8.29653 -3.74308
15491000 8.24153 -3.65255
15492000 8.32456 -3.76173
15493000 8.31242 -3.81411
15494000 8.32557 -3.8064
15495000 8.28365 -3.5224
15496000 8.32609 -3.72458
15497000 8.30507 -3.74396
15498000 8.30344 -3.77263
15499000 8.34018 -3.80757
15500000 8.33862 -3.80911
