# Time-averaged data for fix AVG
# TimeStep v_Vol v_H
12000000 7.42096 2.68789
12001000 7.4328 -2.97468
12002000 7.39663 -2.67601
12003000 7.36115 -2.54663
12004000 7.37448 -2.71917
12005000 7.42158 -2.84055
12006000 7.41202 -2.70452
12007000 7.40461 -2.86562
12008000 7.40961 -2.89083
12009000 7.40313 -2.70061
12010000 7.38481 -2.70729
12011000 7.36671 -2.70019
12012000 7.37848 -2.64648
12013000 7.41512 -2.81075
12014000 7.38157 -2.71484
12015000 7.38285 -2.69669
12016000 7.38682 -2.69121
12017000 7.36619 -2.55745
12018000 7.38061 -2.78082
12019000 7.35415 -2.62317
12020000 7.36337 -2.67868
12021000 7.39051 -2.75291
12022000 7.40679 -2.77187
12023000 7.36531 -2.7458
12024000 7.39303 -2.68
12025000 7.38678 -2.62605
12026000 7.39887 -2.69732
12027000 7.38523 -2.62217
12028000 7.36858 -2.66677
12029000 7.41642 -2.90114
12030000 7.40645 -2.799
12031000 7.44108 -2.8544
12032000 7.41333 -2.84697
12033000 7.40373 -2.79608
12034000 7.39232 -2.77351
12035000 7.3721 -2.78869
12036000 7.38659 -2.77327
12037000 7.36994 -2.68677
12038000 7.3579 -2.53628
12039000 7.38457 -2.72621
12040000 7.34355 -2.52431
12041000 7.37014 -2.72586
12042000 7.38419 -2.72909
12043000 7.38216 -2.66892
12044000 7.38359 -2.67164
12045000 7.34209 -2.71759
12046000 7.36733 -2.60918
12047000 7.37264 -2.65683
12048000 7.40126 -2.85164
12049000 7.379 -2.73402
12050000 7.36331 -2.59456
12051000 7.38078 -2.70209
12052000 7.37464 -2.6769
12053000 7.38208 -2.70248
12054000 7.407 -2.8142
12055000 7.39196 -2.74944
12056000 7.38653 -2.56323
12057000 7.40471 -2.77412
12058000 7.3738 -2.74809
12059000 7.37286 -2.72324
12060000 7.39883 -2.82796
12061000 7.39961 -2.83906
12062000 7.36441 -2.7115
12063000 7.37954 -2.68013
12064000 7.3399 -2.50045
12065000 7.38921 -2.68253
12066000 7.41721 -2.75968
12067000 7.37127 -2.68965
12068000 7.40027 -2.76003
12069000 7.3869 -2.81672
12070000 7.3808 -2.74825
12071000 7.40448 -2.75781
12072000 7.40426 -2.6602
12073000 7.38366 -2.80906
12074000 7.3926 -2.69435
12075000 7.37382 -2.62709
12076000 7.33732 -2.5905
12077000 7.33977 -2.5389
12078000 7.38698 -2.60912
12079000 7.36601 -2.75063
12080000 7.38527 -2.73144
12081000 7.3686 -2.58283
12082000 7.36993 -2.71448
12083000 7.37748 -2.72295
12084000 7.40173 -2.69439
12085000 7.39832 -2.79694
12086000 7.41157 -2.8443
12087000 7.37212 -2.63695
12088000 7.35453 -2.54461
12089000 7.33215 -2.58209
12090000 7.36092 -2.63092
12091000 7.3228 -2.55521
12092000 7.34847 -2.54894
12093000 7.3804 -2.71787
12094000 7.36318 -2.68034
12095000 7.35545 -2.71018
12096000 7.37646 -2.63802
12097000 7.41118 -2.81191
12098000 7.40459 -2.95789
12099000 7.40587 -2.8134
12100000 7.3718 -2.77473
12101000 7.30418 -2.40627
12102000 7.36693 -2.60964
12103000 7.39109 -2.70513
12104000 7.44786 -2.95134
12105000 7.42967 -2.85948
12106000 7.4096 -2.88481
12107000 7.3988 -2.76534
12108000 7.3557 -2.64782
12109000 7.36837 -2.6573
12110000 7.36584 -2.75641
12111000 7.40079 -2.75388
12112000 7.43157 -2.89592
12113000 7.40701 -2.86254
12114000 7.40157 -2.70433
12115000 7.39483 -2.70815
12116000 7.37366 -2.7041
12117000 7.37803 -2.71412
12118000 7.37856 -2.75859
12119000 7.36804 -2.6023
12120000 7.35846 -2.65916
12121000 7.36207 -2.61197
12122000 7.39388 -2.76776
12123000 7.40377 -2.87369
12124000 7.42642 -2.83834
12125000 7.37494 -2.54191
12126000 7.35747 -2.64037
12127000 7.35068 -2.47775
12128000 7.38766 -2.82042
12129000 7.38626 -2.68068
12130000 7.35461 -2.71532
12131000 7.35664 -2.68225
12132000 7.4081 -2.77733
12133000 7.43097 -2.91764
12134000 7.40945 -2.90582
12135000 7.389 -2.80917
12136000 7.39465 -2.78372
12137000 7.36934 -2.76413
12138000 7.38135 -2.66118
12139000 7.3499 -2.63236
12140000 7.37345 -2.65516
12141000 7.42579 -2.96573
12142000 7.39438 -2.8583
12143000 7.40032 -2.74576
12144000 7.39786 -2.81563
12145000 7.42528 -2.84856
12146000 7.40985 -2.88776
12147000 7.38246 -2.82909
12148000 7.37817 -2.74395
12149000 7.39632 -2.79189
12150000 7.39823 -2.76336
12151000 7.37226 -2.70184
12152000 7.39558 -2.79711
12153000 7.41663 -2.80353
12154000 7.37341 -2.75398
12155000 7.37619 -2.68303
12156000 7.34154 -2.66961
12157000 7.37837 -2.79114
12158000 7.41087 -2.8382
12159000 7.37602 -2.65841
12160000 7.35263 -2.59682
12161000 7.34869 -2.68621
12162000 7.39929 -2.77572
12163000 7.40532 -2.83755
12164000 7.36605 -2.72381
12165000 7.36332 -2.69207
12166000 7.40962 -2.77128
12167000 7.4075 -2.82898
12168000 7.41511 -2.76233
12169000 7.39638 -2.79279
12170000 7.35774 -2.6426
12171000 7.37474 -2.73132
12172000 7.37398 -2.69254
12173000 7.34824 -2.61542
12174000 7.36057 -2.64858
12175000 7.40374 -2.80704
12176000 7.38117 -2.72917
12177000 7.39015 -2.76479
12178000 7.41157 -2.91485
12179000 7.41556 -2.82946
12180000 7.40635 -2.87235
12181000 7.36951 -2.6845
12182000 7.33985 -2.49338
12183000 7.35411 -2.61007
12184000 7.35088 -2.59243
12185000 7.36042 -2.54346
12186000 7.39444 -2.68873
12187000 7.37953 -2.85113
12188000 7.37746 -2.64293
12189000 7.38437 -2.82507
12190000 7.4004 -2.77576
12191000 7.39617 -2.83536
12192000 7.39125 -2.71156
12193000 7.37971 -2.7194
12194000 7.4003 -2.81681
12195000 7.39245 -2.79743
12196000 7.38294 -2.72231
12197000 7.41815 -2.83868
12198000 7.39988 -2.71883
12199000 7.38236 -2.62822
12200000 7.38094 -2.73018
12201000 7.32963 -2.49683
12202000 7.31992 -2.55183
12203000 7.36328 -2.74055
12204000 7.39808 -2.80021
12205000 7.3999 -2.85595
12206000 7.39106 -2.91881
12207000 7.43853 -2.95214
12208000 7.41909 -2.83502
12209000 7.41814 -2.85283
12210000 7.4076 -2.74624
12211000 7.38275 -2.69722
12212000 7.36957 -2.70086
12213000 7.34732 -2.60906
12214000 7.32356 -2.49582
12215000 7.36108 -2.64602
12216000 7.37169 -2.74738
12217000 7.35163 -2.59709
12218000 7.35432 -2.50528
12219000 7.35289 -2.6235
12220000 7.37427 -2.69358
12221000 7.33839 -2.56278
12222000 7.32621 -2.4365
12223000 7.35423 -2.58196
12224000 7.37161 -2.58257
12225000 7.38876 -2.84523
12226000 7.35386 -2.66742
12227000 7.42815 -2.83545
12228000 7.43177 -2.87007
12229000 7.39257 -2.82134
12230000 7.40113 -2.76114
12231000 7.41339 -2.79718
12232000 7.38638 -2.71496
12233000 7.38513 -2.63499
12234000 7.3572 -2.62602
12235000 7.39761 -2.74901
12236000 7.35934 -2.5905
12237000 7.35028 -2.57465
12238000 7.38469 -2.60699
12239000 7.39719 -2.74481
12240000 7.39362 -2.7287
12241000 7.38164 -2.72817
12242000 7.37944 -2.67121
12243000 7.37978 -2.66043
12244000 7.38102 -2.7497
12245000 7.37598 -2.73298
12246000 7.35961 -2.67254
12247000 7.37047 -2.63658
12248000 7.39561 -2.80743
12249000 7.37086 -2.68998
12250000 7.40449 -2.74871
