# Time-averaged data for fix AVG
# TimeStep v_Vol v_H
14500000 7.797 2.31141
14501000 7.72498 -3.51714
14502000 7.82141 -3.78523
14503000 7.76439 -3.50707
14504000 7.76309 -3.68047
14505000 7.79149 -3.62108
14506000 7.74153 -3.42664
14507000 7.78048 -3.69899
14508000 7.78414 -3.60075
14509000 7.76836 -3.49434
14510000 7.78235 -3.47235
14511000 7.77421 -3.5769
14512000 7.8161 -3.59678
14513000 7.77043 -3.54299
14514000 7.79696 -3.66894
14515000 7.75722 -3.54533
14516000 7.7656 -3.48374
14517000 7.75848 -3.47481
14518000 7.79479 -3.76695
14519000 7.80128 -3.73685
14520000 7.76633 -3.54989
14521000 7.79496 -3.70692
14522000 7.79996 -3.71592
14523000 7.73953 -3.5395
14524000 7.84052 -3.86123
14525000 7.76809 -3.47813
14526000 7.79805 -3.7606
14527000 7.80183 -3.73128
14528000 7.78302 -3.68913
14529000 7.78219 -3.70764
14530000 7.80945 -3.66892
14531000 7.82831 -3.70559
14532000 7.79483 -3.64544
14533000 7.77388 -3.69989
14534000 7.72626 -3.47318
14535000 7.78073 -3.72431
14536000 7.78429 -3.59122
14537000 7.83107 -3.78498
14538000 7.7701 -3.55229
14539000 7.83828 -3.8893
14540000 7.77269 -3.5974
14541000 7.79794 -3.6881
14542000 7.75529 -3.58567
14543000 7.84528 -3.82478
14544000 7.74986 -3.65446
14545000 7.75284 -3.53476
14546000 7.78861 -3.68264
14547000 7.72078 -3.41918
14548000 7.74477 -3.57302
14549000 7.8106 -3.73498
14550000 7.74595 -3.54852
14551000 7.80047 -3.66325
14552000 7.7606 -3.65271
14553000 7.75745 -3.64705
14554000 7.78645 -3.61636
14555000 7.8038 -3.65772
14556000 7.79632 -3.53586
14557000 7.81655 -3.67352
14558000 7.78501 -3.58598
14559000 7.77593 -3.64743
14560000 7.77287 -3.57032
14561000 7.78644 -3.52767
14562000 7.83356 -3.66564
14563000 7.7529 -3.4383
14564000 7.79181 -3.74128
14565000 7.80308 -3.80415
14566000 7.85302 -3.85626
14567000 7.77385 -3.62874
14568000 7.74407 -3.49069
14569000 7.76746 -3.74326
14570000 7.79686 -3.73022
14571000 7.79696 -3.74363
14572000 7.7718 -3.5905
14573000 7.71857 -3.47641
14574000 7.78626 -3.68263
14575000 7.69237 -3.28341
14576000 7.76438 -3.54913
14577000 7.77303 -3.6672
14578000 7.75161 -3.42468
14579000 7.72581 -3.47975
14580000 7.81006 -3.70213
14581000 7.81891 -3.72095
14582000 7.82624 -3.89431
14583000 7.78473 -3.61123
14584000 7.82124 -3.74117
14585000 7.78646 -3.66357
14586000 7.78136 -3.74274
14587000 7.73571 -3.46241
14588000 7.84133 -3.84148
14589000 7.74727 -3.60877
14590000 7.73181 -3.48087
14591000 7.74158 -3.58876
14592000 7.69746 -3.42052
14593000 7.76759 -3.60146
14594000 7.80826 -3.66532
14595000 7.69675 -3.3475
14596000 7.79992 -3.67369
14597000 7.74922 -3.52543
14598000 7.75021 -3.49459
14599000 7.77531 -3.63013
14600000 7.79032 -3.55445
14601000 7.75845 -3.63056
14602000 7.8015 -3.75825
14603000 7.79427 -3.65001
14604000 7.77126 -3.50858
14605000 7.79436 -3.62273
14606000 7.7353 -3.52325
14607000 7.79745 -3.62144
14608000 7.75421 -3.53164
14609000 7.82516 -3.77265
14610000 7.76413 -3.61556
14611000 7.7905 -3.65493
14612000 7.82735 -3.76945
14613000 7.78081 -3.71903
14614000 7.81784 -3.77415
14615000 7.7964 -3.59707
14616000 7.74722 -3.53997
14617000 7.81249 -3.78645
14618000 7.71476 -3.50082
14619000 7.75175 -3.64004
14620000 7.77376 -3.69181
14621000 7.76165 -3.54165
14622000 7.79226 -3.61607
14623000 7.82054 -3.83959
14624000 7.70959 -3.38111
14625000 7.79193 -3.60875
14626000 7.78752 -3.66921
14627000 7.81632 -3.76937
14628000 7.76435 -3.63399
14629000 7.79347 -3.52162
14630000 7.75496 -3.5905
14631000 7.82271 -3.83279
14632000 7.81317 -3.56829
14633000 7.7639 -3.59757
14634000 7.78111 -3.62077
14635000 7.77836 -3.62439
14636000 7.81519 -3.62121
14637000 7.7994 -3.69303
14638000 7.73498 -3.51816
14639000 7.76692 -3.5751
14640000 7.80246 -3.62701
14641000 7.76162 -3.56637
14642000 7.76157 -3.50957
14643000 7.76915 -3.54366
14644000 7.77144 -3.53283
14645000 7.77948 -3.60949
14646000 7.8337 -3.87852
14647000 7.80726 -3.72549
14648000 7.74531 -3.57135
14649000 7.72187 -3.37641
14650000 7.76451 -3.6347
14651000 7.8022 -3.65076
14652000 7.79598 -3.68589
14653000 7.7825 -3.64642
14654000 7.76727 -3.62025
14655000 7.76512 -3.57895
14656000 7.81226 -3.89172
14657000 7.77905 -3.63125
14658000 7.76972 -3.64477
14659000 7.79843 -3.7925
14660000 7.82623 -3.68658
14661000 7.76608 -3.71158
14662000 7.82395 -3.68969
14663000 7.77093 -3.63864
14664000 7.76256 -3.64254
14665000 7.75455 -3.61138
14666000 7.80569 -3.61229
14667000 7.77908 -3.70448
14668000 7.74356 -3.5146
14669000 7.79572 -3.55763
14670000 7.76285 -3.48782
14671000 7.8504 -3.84344
14672000 7.79622 -3.74637
14673000 7.72247 -3.45938
14674000 7.78192 -3.69265
14675000 7.8011 -3.68244
14676000 7.79495 -3.74472
14677000 7.83042 -3.7949
14678000 7.8261 -3.81984
14679000 7.76951 -3.57584
14680000 7.80849 -3.63759
14681000 7.7812 -3.6254
14682000 7.7691 -3.59055
14683000 7.75273 -3.58503
14684000 7.78252 -3.67502
14685000 7.80877 -3.77171
14686000 7.75325 -3.54133
14687000 7.75872 -3.60037
14688000 7.77548 -3.68051
14689000 7.73285 -3.60338
14690000 7.78258 -3.5079
14691000 7.78929 -3.57267
14692000 7.7791 -3.60124
14693000 7.77293 -3.67637
14694000 7.78264 -3.62884
14695000 7.78589 -3.65799
14696000 7.80248 -3.66834
14697000 7.77819 -3.58442
14698000 7.77425 -3.57918
14699000 7.79997 -3.73948
14700000 7.78703 -3.59259
14701000 7.78311 -3.73635
14702000 7.83177 -3.7781
14703000 7.72418 -3.51588
14704000 7.78307 -3.68083
14705000 7.76677 -3.67612
14706000 7.78006 -3.55651
14707000 7.67364 -3.30656
14708000 7.76132 -3.54903
14709000 7.8223 -3.72182
14710000 7.77782 -3.59671
14711000 7.7756 -3.67678
14712000 7.79395 -3.61185
14713000 7.80974 -3.72316
14714000 7.73905 -3.50475
14715000 7.79366 -3.80244
14716000 7.76832 -3.58669
14717000 7.76461 -3.69602
14718000 7.74208 -3.43862
14719000 7.78138 -3.61451
14720000 7.77955 -3.62324
14721000 7.78986 -3.76714
14722000 7.72724 -3.51931
14723000 7.80529 -3.7294
14724000 7.77798 -3.7097
14725000 7.71328 -3.39829
14726000 7.8081 -3.65857
14727000 7.79411 -3.59098
14728000 7.77624 -3.58588
14729000 7.76686 -3.47698
14730000 7.80024 -3.69426
14731000 7.8026 -3.59414
14732000 7.75888 -3.50799
14733000 7.79323 -3.73635
14734000 7.79382 -3.64575
14735000 7.81144 -3.84341
14736000 7.7404 -3.47029
14737000 7.81623 -3.69162
14738000 7.79428 -3.63355
14739000 7.83582 -3.89566
14740000 7.75861 -3.43075
14741000 7.78397 -3.69967
14742000 7.75985 -3.53575
14743000 7.73824 -3.44975
14744000 7.78322 -3.66736
14745000 7.75653 -3.58394
14746000 7.81619 -3.84825
14747000 7.72236 -3.47775
14748000 7.77784 -3.66125
14749000 7.74309 -3.5481
14750000 7.81673 -3.77921
