# Time-averaged data for fix AVG
# TimeStep v_Vol v_H
30250000 8.25242 2.78119
30251000 8.12944 -3.02377
30252000 8.11544 -3.06642
30253000 8.16662 -3.1087
30254000 8.06498 -2.9279
30255000 8.1987 -3.10388
30256000 8.21345 -2.9675
30257000 8.08138 -2.7822
30258000 8.14039 -3.06288
30259000 8.15537 -2.78362
30260000 8.14776 -2.984
30261000 8.10738 -3.04911
30262000 8.13611 -3.13301
30263000 8.15586 -2.96426
30264000 8.11367 -2.87884
30265000 8.16073 -3.11002
30266000 8.12326 -3.00036
30267000 8.12458 -2.94804
30268000 8.17801 -3.26895
30269000 8.10352 -2.83158
30270000 8.14499 -3.04735
30271000 8.11289 -3.13103
30272000 8.15494 -3.16435
30273000 8.1692 -3.14479
30274000 8.21404 -3.00174
30275000 8.11681 -2.73737
30276000 8.14419 -3.00493
30277000 8.1099 -2.88671
30278000 8.06986 -2.81531
30279000 8.11513 -2.98943
30280000 8.10459 -2.90375
30281000 8.16888 -2.9594
30282000 8.15241 -3.07556
30283000 8.15514 -3.086
30284000 8.07426 -2.7592
30285000 8.14641 -3.07219
30286000 8.09561 -3.06505
30287000 8.1427 -3.00539
30288000 8.18571 -3.11167
30289000 8.16721 -3.1796
30290000 8.13573 -2.92235
30291000 8.10404 -2.87611
30292000 8.21784 -3.24558
30293000 8.17261 -3.08261
30294000 8.12898 -2.92596
30295000 8.17829 -3.10476
30296000 8.14396 -3.00561
30297000 8.19934 -3.05139
30298000 8.14591 -3.14218
30299000 8.17729 -3.10724
30300000 8.20081 -3.12724
30301000 8.19214 -2.94951
30302000 8.09432 -2.80855
30303000 8.17715 -3.26207
30304000 8.09585 -2.82038
30305000 8.1805 -3.14078
30306000 8.18999 -2.97518
30307000 8.08899 -2.82614
30308000 8.2516 -3.29757
30309000 8.09021 -3.06349
30310000 8.10271 -3.06048
30311000 8.13612 -2.88919
30312000 8.1364 -3.04686
30313000 8.21021 -3.10073
30314000 8.20196 -3.23057
30315000 8.20431 -3.04976
30316000 8.14357 -2.68894
30317000 8.16414 -3.20643
30318000 8.1182 -3.0098
30319000 8.14937 -3.10657
30320000 8.16589 -2.98944
30321000 8.12724 -2.92421
30322000 8.14478 -2.92425
30323000 8.12161 -2.98467
30324000 8.21632 -3.31195
30325000 8.17824 -3.24722
30326000 8.22882 -3.32227
30327000 8.16865 -3.01673
30328000 8.14397 -2.73934
30329000 8.08541 -2.86654
30330000 8.18432 -3.14619
30331000 8.06532 -2.80491
30332000 8.175 -3.04375
30333000 8.14528 -2.90421
30334000 8.12776 -3.14767
30335000 8.14144 -3.02983
30336000 8.11305 -2.99105
30337000 8.11831 -2.91476
30338000 8.13039 -2.93376
30339000 8.16934 -2.88352
30340000 8.11648 -2.92348
30341000 8.18512 -3.28252
30342000 8.11916 -2.99289
30343000 8.11762 -2.8987
30344000 8.07295 -2.78802
30345000 8.16776 -3.15533
30346000 8.17304 -3.10452
30347000 8.0607 -2.73031
30348000 8.04278 -2.82112
30349000 8.03477 -2.90949
30350000 8.13589 -2.9643
30351000 8.19022 -3.05935
30352000 8.21027 -3.09912
30353000 8.08028 -2.74168
30354000 8.27266 -3.24063
30355000 8.20965 -3.05997
30356000 8.09715 -3.04248
30357000 8.1245 -2.98692
30358000 8.16432 -3.08949
30359000 8.12833 -3.0318
30360000 8.12315 -2.74285
30361000 8.15552 -3.0219
30362000 8.12483 -3.02642
30363000 8.07464 -3.1008
30364000 8.124 -2.92876
30365000 8.10052 -2.93375
30366000 8.13354 -3.25447
30367000 8.21949 -3.04907
30368000 8.09951 -2.77341
30369000 8.09992 -2.90666
30370000 8.10597 -2.85677
30371000 8.18851 -2.9842
30372000 8.10211 -2.91197
30373000 8.14915 -3.0025
30374000 8.18208 -3.12288
30375000 8.12786 -2.89192
30376000 8.06327 -2.87232
30377000 8.10298 -3.1135
30378000 8.16945 -3.14247
30379000 8.14708 -2.87961
30380000 8.10241 -3.08799
30381000 8.12832 -3.11052
30382000 8.15496 -2.93153
30383000 8.05601 -2.6275
30384000 8.11238 -3.01281
30385000 8.14835 -3.19056
30386000 8.11388 -2.89684
30387000 8.05513 -2.84683
30388000 8.09902 -2.5893
30389000 8.11468 -3.06808
30390000 8.16433 -2.97717
30391000 8.10716 -2.85618
30392000 8.11771 -2.94092
30393000 8.10976 -3.06424
30394000 8.06094 -2.77635
30395000 8.07358 -2.81265
30396000 8.21505 -3.19955
30397000 8.15996 -3.02442
30398000 8.11944 -2.99754
30399000 8.20358 -2.97539
30400000 8.20415 -3.19464
30401000 8.21628 -3.20476
30402000 8.1275 -2.85988
30403000 8.13239 -3.01318
30404000 8.00219 -2.52192
30405000 8.16962 -3.02696
30406000 8.20098 -3.18108
30407000 8.16421 -3.07236
30408000 8.11903 -2.87749
30409000 8.15307 -3.07388
30410000 8.19418 -3.1246
30411000 8.16097 -2.90849
30412000 8.12798 -3.03141
30413000 8.18043 -3.01288
30414000 8.15006 -2.88429
30415000 8.11824 -3.09208
30416000 8.19197 -3.16302
30417000 8.18223 -3.05235
30418000 8.14324 -2.95332
30419000 8.12573 -2.97717
30420000 8.13825 -2.89907
30421000 8.1234 -3.02736
30422000 8.14604 -3.07269
30423000 8.09175 -2.9112
30424000 8.14565 -3.13336
30425000 8.12207 -3.05815
30426000 8.07589 -2.96182
30427000 8.11315 -2.95039
30428000 8.1909 -2.95683
30429000 7.9926 -2.56684
30430000 8.17183 -3.08884
30431000 8.12774 -2.90937
30432000 8.15841 -2.91488
30433000 8.11607 -3.0808
30434000 8.15777 -3.06038
30435000 8.14014 -3.00459
30436000 8.04312 -2.90275
30437000 8.03103 -2.83054
30438000 8.10423 -3.08719
30439000 8.09465 -2.97438
30440000 8.15228 -2.95376
30441000 8.16414 -2.92955
30442000 8.12864 -2.92484
30443000 8.14988 -3.01433
30444000 8.10588 -3.06652
30445000 8.15499 -3.04078
30446000 8.16862 -3.10882
30447000 8.08674 -2.88622
30448000 8.12349 -2.92029
30449000 8.15412 -3.01409
30450000 8.11584 -2.88531
30451000 8.16654 -3.12631
30452000 8.13755 -3.00637
30453000 8.04333 -2.75007
30454000 8.1859 -3.18854
30455000 8.20982 -3.10887
30456000 8.1908 -3.0672
30457000 8.18237 -3.15101
30458000 8.15807 -3.04517
30459000 8.20118 -3.06254
30460000 8.12219 -2.84327
30461000 8.15808 -3.10749
30462000 8.09543 -2.80521
30463000 8.19808 -3.20209
30464000 8.11727 -2.82495
30465000 8.11579 -2.96661
30466000 8.14152 -3.04641
30467000 8.17494 -2.99995
30468000 8.11889 -2.88724
30469000 8.13541 -3.00402
30470000 8.14403 -2.98236
30471000 8.17445 -3.08181
30472000 8.242 -3.19791
30473000 8.14345 -3.15921
30474000 8.09211 -2.87255
30475000 8.20814 -3.08485
30476000 8.14928 -3.03367
30477000 8.13349 -2.83709
30478000 8.07905 -2.97332
30479000 8.13989 -2.96755
30480000 8.16488 -3.0252
30481000 8.1221 -3.01993
30482000 8.16612 -3.20047
30483000 8.0739 -2.73282
30484000 8.18459 -2.96563
30485000 8.16234 -3.01869
30486000 8.18473 -3.03076
30487000 8.14705 -3.13856
30488000 8.118 -2.92788
30489000 8.04565 -2.94778
30490000 8.20747 -3.12446
30491000 8.15344 -3.23772
30492000 8.21044 -3.15026
30493000 8.14246 -3.04382
30494000 8.13371 -2.89353
30495000 8.19789 -3.19686
30496000 8.17446 -3.00414
30497000 8.22056 -3.29716
30498000 8.19266 -3.10023
30499000 8.0936 -2.72819
30500000 8.0942 -2.89767
