# Time-averaged data for fix AVG
# TimeStep v_Vol v_H
13000000 7.97312 1.76924
13001000 7.96057 -4.30568
13002000 7.95721 -4.29105
13003000 7.96412 -4.31028
13004000 7.9622 -4.29933
13005000 7.95814 -4.2811
13006000 7.9545 -4.27847
13007000 7.96113 -4.29331
13008000 7.96492 -4.3061
13009000 7.95274 -4.26408
13010000 7.95142 -4.26549
13011000 7.9597 -4.28336
13012000 7.96554 -4.30234
13013000 7.96024 -4.3029
13014000 7.95947 -4.30266
13015000 7.96344 -4.30184
13016000 7.96125 -4.30442
13017000 7.95611 -4.28477
13018000 7.96164 -4.30475
13019000 7.96563 -4.29406
13020000 7.96215 -4.28987
13021000 7.95715 -4.29117
13022000 7.96197 -4.29755
13023000 7.95541 -4.27471
13024000 7.95982 -4.28913
13025000 7.95847 -4.28129
13026000 7.96288 -4.29366
13027000 7.96501 -4.32221
13028000 7.95891 -4.30085
13029000 7.96304 -4.29566
13030000 7.96538 -4.30932
13031000 7.95313 -4.27698
13032000 7.95983 -4.29333
13033000 7.96881 -4.30975
13034000 7.95683 -4.28474
13035000 7.9555 -4.29436
13036000 7.95953 -4.29326
13037000 7.96231 -4.28792
13038000 7.96059 -4.29392
13039000 7.95643 -4.2792
13040000 7.95883 -4.2967
13041000 7.96003 -4.30326
13042000 7.95753 -4.28931
13043000 7.96039 -4.28772
13044000 7.95657 -4.27451
13045000 7.95606 -4.28035
13046000 7.95957 -4.2917
13047000 7.96355 -4.30313
13048000 7.96257 -4.30209
13049000 7.95887 -4.29659
13050000 7.95903 -4.29284
13051000 7.96384 -4.28438
13052000 7.95957 -4.29302
13053000 7.953 -4.28034
13054000 7.95955 -4.30082
13055000 7.96578 -4.29537
13056000 7.95612 -4.27214
13057000 7.95467 -4.28812
13058000 7.96542 -4.2997
13059000 7.96149 -4.2926
13060000 7.95957 -4.30678
13061000 7.95426 -4.26297
13062000 7.96407 -4.2924
13063000 7.95841 -4.29533
13064000 7.95437 -4.28142
13065000 7.96184 -4.29921
13066000 7.96179 -4.29566
13067000 7.95683 -4.27974
13068000 7.95823 -4.29139
13069000 7.95784 -4.28395
13070000 7.96113 -4.28726
13071000 7.95539 -4.27874
13072000 7.9555 -4.27563
13073000 7.96259 -4.29218
13074000 7.96241 -4.29392
13075000 7.95264 -4.27539
13076000 7.95319 -4.276
13077000 7.96247 -4.28395
13078000 7.95883 -4.27384
13079000 7.95347 -4.2765
13080000 7.96012 -4.2955
13081000 7.9622 -4.29679
13082000 7.96217 -4.28933
13083000 7.96078 -4.30547
13084000 7.96121 -4.30267
13085000 7.95986 -4.29269
13086000 7.95262 -4.26555
13087000 7.96119 -4.3006
13088000 7.96225 -4.29218
13089000 7.95549 -4.28785
13090000 7.95778 -4.28124
13091000 7.96269 -4.30114
13092000 7.96126 -4.29178
13093000 7.95568 -4.28182
13094000 7.96044 -4.30238
13095000 7.96208 -4.29235
13096000 7.96189 -4.28863
13097000 7.96691 -4.32911
13098000 7.95525 -4.29166
13099000 7.96384 -4.29619
13100000 7.96377 -4.29165
13101000 7.95998 -4.30123
13102000 7.95705 -4.293
13103000 7.96218 -4.29223
13104000 7.96462 -4.29363
13105000 7.94855 -4.25806
13106000 7.95829 -4.30744
13107000 7.96676 -4.30928
13108000 7.95967 -4.28134
13109000 7.95602 -4.28338
13110000 7.95701 -4.28837
13111000 7.96369 -4.29453
13112000 7.95979 -4.28646
13113000 7.95987 -4.2988
13114000 7.96054 -4.27997
13115000 7.96346 -4.29733
13116000 7.96233 -4.30773
13117000 7.96138 -4.3005
13118000 7.96101 -4.2967
13119000 7.95527 -4.28865
13120000 7.96116 -4.29962
13121000 7.96472 -4.301
13122000 7.95901 -4.28337
13123000 7.95894 -4.28979
13124000 7.95644 -4.27481
13125000 7.96193 -4.29029
13126000 7.95832 -4.28027
13127000 7.95749 -4.29018
13128000 7.95721 -4.2795
13129000 7.96137 -4.28471
13130000 7.9538 -4.28126
13131000 7.95792 -4.29808
13132000 7.96246 -4.28117
13133000 7.96316 -4.29338
13134000 7.95105 -4.27663
13135000 7.95604 -4.29034
13136000 7.96189 -4.28564
13137000 7.95837 -4.27852
13138000 7.95515 -4.28924
13139000 7.9603 -4.29321
13140000 7.96271 -4.28971
13141000 7.96445 -4.30013
13142000 7.95543 -4.278
13143000 7.94933 -4.25914
13144000 7.96229 -4.30318
13145000 7.96243 -4.2821
13146000 7.9602 -4.30448
13147000 7.95901 -4.30757
13148000 7.96136 -4.28794
13149000 7.96141 -4.29314
13150000 7.96042 -4.30862
13151000 7.96051 -4.28809
13152000 7.9629 -4.30599
13153000 7.96374 -4.29934
13154000 7.96053 -4.296
13155000 7.96191 -4.2971
13156000 7.95936 -4.28286
13157000 7.95499 -4.28218
13158000 7.95567 -4.28101
13159000 7.95805 -4.27599
13160000 7.96445 -4.30818
13161000 7.9588 -4.29772
13162000 7.95571 -4.27503
13163000 7.95965 -4.28575
13164000 7.95992 -4.29393
13165000 7.95552 -4.27632
13166000 7.95809 -4.28399
13167000 7.96045 -4.2993
13168000 7.96022 -4.29766
13169000 7.95852 -4.29182
13170000 7.95742 -4.29648
13171000 7.95889 -4.28777
13172000 7.96278 -4.28832
13173000 7.95675 -4.28966
13174000 7.95955 -4.29904
13175000 7.9619 -4.30033
13176000 7.96029 -4.29421
13177000 7.96314 -4.30543
13178000 7.95868 -4.28187
13179000 7.96556 -4.30254
13180000 7.96754 -4.30656
13181000 7.96578 -4.32508
13182000 7.96143 -4.30873
13183000 7.95843 -4.28116
13184000 7.96059 -4.29289
13185000 7.95537 -4.2904
13186000 7.95711 -4.27368
13187000 7.96009 -4.2757
13188000 7.96012 -4.29296
13189000 7.95463 -4.29001
13190000 7.96242 -4.28772
13191000 7.95912 -4.27307
13192000 7.9602 -4.30671
13193000 7.9618 -4.30312
13194000 7.96479 -4.30983
13195000 7.95775 -4.28504
13196000 7.96347 -4.31308
13197000 7.96878 -4.31508
13198000 7.95971 -4.28968
13199000 7.95585 -4.28406
13200000 7.96314 -4.29227
13201000 7.96426 -4.29787
13202000 7.95732 -4.29314
13203000 7.95563 -4.28307
13204000 7.96187 -4.29137
13205000 7.95886 -4.29584
13206000 7.95781 -4.29279
13207000 7.96512 -4.30522
13208000 7.95966 -4.29531
13209000 7.95494 -4.28017
13210000 7.95736 -4.28759
13211000 7.96178 -4.29153
13212000 7.96028 -4.29109
13213000 7.95705 -4.2848
13214000 7.96064 -4.28673
13215000 7.96197 -4.31237
13216000 7.95955 -4.28944
13217000 7.95895 -4.29635
13218000 7.95585 -4.27826
13219000 7.96467 -4.30819
13220000 7.96244 -4.30693
13221000 7.95941 -4.29549
13222000 7.96225 -4.30869
13223000 7.95689 -4.27972
13224000 7.96113 -4.28678
13225000 7.95614 -4.28693
13226000 7.95641 -4.27921
13227000 7.96157 -4.28188
13228000 7.96081 -4.29057
13229000 7.96031 -4.30108
13230000 7.95761 -4.27207
13231000 7.96534 -4.30063
13232000 7.95544 -4.27167
13233000 7.96221 -4.31356
13234000 7.96214 -4.30335
13235000 7.958 -4.28009
13236000 7.95634 -4.28454
13237000 7.95938 -4.29639
13238000 7.95871 -4.27059
13239000 7.95964 -4.30144
13240000 7.96304 -4.30905
13241000 7.96046 -4.29566
13242000 7.95712 -4.28624
13243000 7.95742 -4.28412
13244000 7.96125 -4.29365
13245000 7.9652 -4.30192
13246000 7.95756 -4.29559
13247000 7.95758 -4.29395
13248000 7.96079 -4.2886
13249000 7.9645 -4.31335
13250000 7.96702 -4.31686
