# Time-averaged data for fix AVG
# TimeStep v_Vol v_H
750000 8.8322 1.39107
751000 8.84557 -4.181
752000 8.83061 -4.27185
753000 8.87482 -4.35393
754000 8.78194 -4.17952
755000 8.92575 -4.22678
756000 8.83858 -4.17748
757000 8.82183 -4.1506
758000 8.69973 -3.96894
759000 8.82248 -4.15443
760000 8.84465 -4.08043
761000 8.7488 -4.15088
762000 8.79393 -4.27429
763000 8.83854 -4.05463
764000 8.85042 -4.15601
765000 8.74514 -3.99967
766000 8.90949 -4.30652
767000 8.77763 -4.04215
768000 8.78486 -4.17799
769000 8.94499 -4.4649
770000 8.72057 -4.08063
771000 8.87271 -4.23315
772000 8.7045 -4.05627
773000 8.83754 -4.25959
774000 8.85661 -4.0546
775000 8.75387 -3.92789
776000 8.93334 -4.36917
777000 8.74922 -3.95364
778000 8.85876 -4.33931
779000 8.77877 -4.17297
780000 8.82667 -3.90338
781000 8.78062 -4.04796
782000 8.6894 -3.91959
783000 8.87782 -4.23421
784000 8.77489 -4.07115
785000 8.84141 -4.2686
786000 8.77723 -4.13947
787000 8.85929 -4.27034
788000 8.83002 -4.08551
789000 8.77249 -4.17268
790000 8.88738 -4.21748
791000 8.7387 -4.09915
792000 8.78549 -4.08389
793000 8.76694 -4.12402
794000 8.75232 -4.02744
795000 8.82957 -4.16356
796000 8.82209 -4.0317
797000 8.78887 -3.99011
798000 8.7379 -4.08968
799000 8.73396 -3.97258
800000 8.80445 -4.12554
801000 8.87868 -4.14428
802000 8.82862 -4.03169
803000 8.77922 -4.024
804000 8.75181 -3.97586
805000 8.79309 -3.92944
806000 8.81388 -4.05882
807000 8.82399 -4.19396
808000 8.73917 -4.12889
809000 8.83545 -4.17434
810000 8.71778 -4.16841
811000 8.79591 -4.14002
812000 8.85825 -4.18038
813000 8.89062 -4.15876
814000 8.94683 -4.46219
815000 8.77677 -4.16071
816000 8.84941 -4.31217
817000 8.81108 -4.24726
818000 8.80837 -4.10029
819000 8.84187 -4.12732
820000 8.87475 -4.14525
821000 8.89955 -4.3358
822000 8.87137 -4.22552
823000 8.88552 -4.35407
824000 8.80663 -4.23463
825000 8.90738 -4.25478
826000 8.7911 -4.19857
827000 8.73878 -4.31269
828000 8.88609 -4.14073
829000 8.83252 -4.18101
830000 8.80864 -4.02075
831000 8.89402 -4.19884
832000 8.77754 -4.15418
833000 8.8551 -4.24323
834000 8.788 -4.08088
835000 8.91488 -4.36517
836000 8.70852 -3.97654
837000 8.77137 -4.14698
838000 8.79495 -4.28309
839000 8.84945 -4.2915
840000 8.82064 -4.15507
841000 8.81578 -4.22446
842000 8.80913 -4.21565
843000 8.78426 -4.11907
844000 8.81256 -4.12529
845000 8.74507 -4.02511
846000 8.94118 -4.18423
847000 8.76191 -4.14307
848000 8.84501 -4.15197
849000 8.87568 -4.24174
850000 8.89218 -4.15508
851000 8.79855 -4.30571
852000 8.82025 -4.03481
853000 8.82029 -4.14473
854000 8.87598 -4.21753
855000 8.86785 -4.12568
856000 8.84382 -4.15953
857000 8.76198 -4.09715
858000 8.75196 -4.1848
859000 8.87324 -4.30614
860000 8.81773 -4.17641
861000 8.79792 -4.06776
862000 8.85689 -4.20646
863000 8.74409 -4.12002
864000 8.75505 -4.01284
865000 8.76356 -4.23196
866000 8.82998 -4.1409
867000 8.81906 -4.24609
868000 8.90683 -4.376
869000 8.7972 -4.15804
870000 8.84131 -4.13913
871000 8.78337 -4.19483
872000 8.77994 -4.02318
873000 8.82236 -3.98215
874000 8.76261 -4.17165
875000 8.90552 -4.18822
876000 8.81791 -4.10389
877000 8.77629 -4.1412
878000 8.85869 -4.29316
879000 8.8488 -4.23842
880000 8.86033 -4.35149
881000 8.76354 -4.18991
882000 8.90206 -4.27421
883000 8.70437 -3.95837
884000 8.75261 -3.97382
885000 8.73273 -3.96446
886000 8.85044 -4.15939
887000 8.87125 -4.1056
888000 8.81056 -4.29852
889000 8.85439 -4.36365
890000 8.89032 -4.1953
891000 8.85748 -4.31557
892000 8.88079 -4.27374
893000 8.72532 -3.88358
894000 8.91765 -4.25915
895000 8.73918 -4.09644
896000 8.80444 -4.28554
897000 8.7966 -4.1037
898000 8.79163 -4.10696
899000 8.78842 -3.99751
900000 8.85634 -4.31886
901000 8.79346 -4.06951
902000 8.89845 -4.21352
903000 8.73329 -4.00426
904000 8.84454 -4.15983
905000 8.77246 -3.95248
906000 8.85647 -4.23078
907000 8.81776 -4.14937
908000 8.77423 -4.10654
909000 8.81987 -4.28414
910000 8.82807 -4.09565
911000 8.80614 -4.15181
912000 8.73092 -4.14097
913000 8.83869 -3.94228
914000 8.86216 -4.16173
915000 8.79298 -4.11773
916000 8.90575 -4.3285
917000 8.76441 -3.94712
918000 8.79541 -4.01609
919000 8.89052 -4.26588
920000 8.88606 -4.20021
921000 8.85248 -4.34178
922000 8.76463 -4.11553
923000 8.73149 -4.10172
924000 8.86836 -4.05075
925000 8.80698 -3.96744
926000 8.73624 -3.98295
927000 8.77779 -4.22064
928000 8.80041 -4.11774
929000 8.81785 -4.16803
930000 8.84304 -4.16635
931000 8.84454 -4.1608
932000 8.77203 -4.1276
933000 8.81198 -4.14373
934000 8.77668 -4.13056
935000 8.92764 -4.22306
936000 8.76741 -3.91306
937000 8.78104 -4.17224
938000 8.84488 -4.15615
939000 8.78059 -4.2538
940000 8.77274 -3.95378
941000 8.81318 -4.06486
942000 8.93434 -4.41704
943000 8.84878 -4.23666
944000 8.82403 -4.14674
945000 8.90698 -4.15395
946000 8.75001 -4.0241
947000 8.95505 -4.40578
948000 8.76945 -3.9893
949000 8.81982 -4.03465
950000 8.80603 -4.08883
951000 8.89015 -4.37577
952000 8.93344 -4.3755
953000 8.77328 -4.08289
954000 8.83895 -4.37162
955000 8.83462 -4.29951
956000 8.78582 -4.2884
957000 8.80751 -4.20688
958000 8.86611 -4.18453
959000 8.75289 -4.05188
960000 8.8807 -4.19872
961000 8.80338 -4.1469
962000 8.83619 -4.03495
963000 8.74866 -4.04488
964000 8.92923 -4.50318
965000 8.68483 -4.03687
966000 8.92019 -4.33847
967000 8.83232 -4.30606
968000 8.89668 -4.08322
969000 8.7786 -4.16732
970000 8.81007 -4.13487
971000 8.79691 -4.31767
972000 8.86717 -4.32769
973000 8.82517 -4.11855
974000 8.82453 -4.11599
975000 8.76748 -4.09878
976000 8.86559 -4.12491
977000 8.81943 -4.01823
978000 8.84249 -4.22676
979000 8.82865 -4.02742
980000 8.78954 -4.0545
981000 8.83704 -4.29011
982000 8.82162 -4.08038
983000 8.86313 -4.30129
984000 8.82161 -4.21887
985000 8.88762 -4.20204
986000 8.72914 -3.98801
987000 8.84965 -4.20336
988000 8.81085 -4.1514
989000 8.76533 -4.08189
990000 8.85346 -4.34273
991000 8.80146 -4.1429
992000 8.87032 -4.25718
993000 8.85778 -4.26464
994000 8.71464 -3.95859
995000 8.84332 -4.25822
996000 8.81701 -4.32268
997000 8.90755 -4.3162
998000 8.80381 -4.05014
999000 8.84016 -4.16719
1000000 8.80225 -4.02773
