# Time-averaged data for fix AVG
# TimeStep v_Vol v_H
27000000 8.38429 1.91844
27001000 8.37272 -3.64618
27002000 8.32301 -3.49135
27003000 8.31473 -3.46245
27004000 8.3226 -3.54974
27005000 8.38562 -3.68673
27006000 8.35601 -3.56522
27007000 8.32404 -3.50622
27008000 8.31701 -3.49196
27009000 8.35192 -3.45755
27010000 8.31784 -3.45914
27011000 8.32827 -3.46365
27012000 8.36168 -3.64092
27013000 8.31545 -3.41114
27014000 8.29813 -3.39603
27015000 8.32938 -3.46808
27016000 8.31374 -3.47791
27017000 8.2947 -3.37757
27018000 8.30364 -3.4335
27019000 8.28344 -3.37609
27020000 8.27573 -3.36791
27021000 8.30022 -3.42854
27022000 8.31496 -3.40228
27023000 8.31296 -3.45756
27024000 8.31266 -3.30716
27025000 8.30931 -3.44435
27026000 8.39854 -3.67938
27027000 8.34861 -3.54448
27028000 8.31707 -3.55678
27029000 8.30779 -3.47353
27030000 8.35938 -3.4505
27031000 8.34435 -3.5139
27032000 8.32956 -3.51576
27033000 8.36973 -3.58331
27034000 8.34067 -3.5449
27035000 8.31925 -3.58102
27036000 8.29391 -3.435
27037000 8.23943 -3.17717
27038000 8.26937 -3.26275
27039000 8.33176 -3.47175
27040000 8.26572 -3.39052
27041000 8.26315 -3.39762
27042000 8.30139 -3.39637
27043000 8.29046 -3.316
27044000 8.27879 -3.38231
27045000 8.27555 -3.52984
27046000 8.27392 -3.19783
27047000 8.27773 -3.27443
27048000 8.30945 -3.33649
27049000 8.31341 -3.39927
27050000 8.25238 -3.27046
27051000 8.30638 -3.33181
27052000 8.30051 -3.41438
27053000 8.29663 -3.40691
27054000 8.35988 -3.56995
27055000 8.31149 -3.38466
27056000 8.30408 -3.3969
27057000 8.28942 -3.39807
27058000 8.28835 -3.32121
27059000 8.26112 -3.26758
27060000 8.27526 -3.39814
27061000 8.35677 -3.59383
27062000 8.38303 -3.59616
27063000 8.34233 -3.54367
27064000 8.35192 -3.55667
27065000 8.33263 -3.57668
27066000 8.38363 -3.65701
27067000 8.34259 -3.62446
27068000 8.32938 -3.50122
27069000 8.29294 -3.49217
27070000 8.34409 -3.52981
27071000 8.36644 -3.60406
27072000 8.32663 -3.47227
27073000 8.29295 -3.41325
27074000 8.32961 -3.51016
27075000 8.33417 -3.53727
27076000 8.257 -3.29193
27077000 8.29605 -3.44451
27078000 8.37485 -3.63765
27079000 8.33049 -3.53764
27080000 8.35629 -3.48137
27081000 8.28512 -3.47436
27082000 8.29785 -3.43895
27083000 8.34608 -3.57345
27084000 8.35706 -3.40136
27085000 8.30934 -3.51246
27086000 8.25043 -3.34195
27087000 8.25003 -3.32403
27088000 8.30424 -3.38757
27089000 8.27526 -3.4197
27090000 8.25691 -3.34067
27091000 8.25833 -3.33471
27092000 8.29646 -3.40034
27093000 8.29827 -3.41052
27094000 8.32626 -3.50522
27095000 8.31665 -3.54053
27096000 8.32504 -3.46225
27097000 8.32276 -3.60013
27098000 8.2884 -3.52638
27099000 8.30481 -3.26261
27100000 8.29882 -3.48296
27101000 8.30883 -3.41984
27102000 8.29698 -3.49565
27103000 8.31276 -3.36151
27104000 8.34531 -3.56679
27105000 8.32239 -3.43653
27106000 8.28315 -3.38804
27107000 8.30073 -3.45631
27108000 8.29837 -3.4451
27109000 8.26673 -3.3373
27110000 8.30768 -3.48476
27111000 8.36312 -3.55942
27112000 8.31906 -3.50907
27113000 8.3259 -3.52042
27114000 8.30608 -3.42035
27115000 8.31595 -3.47055
27116000 8.27783 -3.368
27117000 8.2958 -3.54419
27118000 8.2925 -3.47886
27119000 8.31741 -3.43186
27120000 8.32227 -3.50875
27121000 8.32482 -3.54296
27122000 8.31579 -3.43354
27123000 8.31676 -3.48379
27124000 8.30101 -3.45651
27125000 8.2875 -3.38263
27126000 8.26583 -3.31873
27127000 8.26783 -3.32432
27128000 8.29091 -3.39386
27129000 8.30312 -3.33254
27130000 8.33537 -3.6396
27131000 8.29134 -3.52866
27132000 8.35369 -3.52897
27133000 8.35062 -3.54349
27134000 8.30214 -3.49384
27135000 8.31019 -3.49854
27136000 8.342 -3.56217
27137000 8.27589 -3.4269
27138000 8.28138 -3.37459
27139000 8.28396 -3.41003
27140000 8.29051 -3.46229
27141000 8.36262 -3.69819
27142000 8.27683 -3.3297
27143000 8.30578 -3.4346
27144000 8.30026 -3.51267
27145000 8.32736 -3.38171
27146000 8.27081 -3.30881
27147000 8.29886 -3.42408
27148000 8.3031 -3.4634
27149000 8.33966 -3.39765
27150000 8.30862 -3.52265
27151000 8.32181 -3.51794
27152000 8.32487 -3.57578
27153000 8.34577 -3.50734
27154000 8.35896 -3.68287
27155000 8.28119 -3.45313
27156000 8.30384 -3.48968
27157000 8.34296 -3.54638
27158000 8.33011 -3.63288
27159000 8.31912 -3.52928
27160000 8.36095 -3.54951
27161000 8.30766 -3.54974
27162000 8.363 -3.6501
27163000 8.34965 -3.64379
27164000 8.32175 -3.49277
27165000 8.33557 -3.51735
27166000 8.34607 -3.5001
27167000 8.34041 -3.5811
27168000 8.36098 -3.63348
27169000 8.37553 -3.59368
27170000 8.3005 -3.44931
27171000 8.29281 -3.41543
27172000 8.27993 -3.31988
27173000 8.24776 -3.23604
27174000 8.23647 -3.28703
27175000 8.27908 -3.38921
27176000 8.25958 -3.39732
27177000 8.29042 -3.35007
27178000 8.30266 -3.42654
27179000 8.36467 -3.59416
27180000 8.34737 -3.56675
27181000 8.33128 -3.52001
27182000 8.31023 -3.42532
27183000 8.32823 -3.55229
27184000 8.33117 -3.63361
27185000 8.29465 -3.35588
27186000 8.34759 -3.56751
27187000 8.33634 -3.61528
27188000 8.29221 -3.30257
27189000 8.30645 -3.46799
27190000 8.32369 -3.47625
27191000 8.31796 -3.43748
27192000 8.32267 -3.42242
27193000 8.30769 -3.42192
27194000 8.32901 -3.52288
27195000 8.31554 -3.443
27196000 8.31942 -3.52148
27197000 8.33394 -3.46907
27198000 8.33288 -3.53536
27199000 8.31499 -3.47361
27200000 8.31928 -3.50391
27201000 8.31041 -3.35998
27202000 8.31425 -3.51438
27203000 8.25915 -3.43027
27204000 8.31119 -3.43144
27205000 8.30233 -3.46638
27206000 8.27647 -3.43418
27207000 8.29526 -3.33891
27208000 8.29928 -3.37789
27209000 8.33699 -3.50283
27210000 8.33601 -3.55962
27211000 8.35964 -3.51709
27212000 8.37618 -3.64429
27213000 8.34895 -3.49692
27214000 8.31816 -3.52315
27215000 8.31664 -3.58188
27216000 8.3028 -3.42626
27217000 8.30749 -3.49958
27218000 8.30834 -3.42927
27219000 8.29796 -3.46747
27220000 8.2748 -3.37245
27221000 8.31147 -3.48961
27222000 8.27832 -3.36181
27223000 8.30841 -3.50097
27224000 8.28578 -3.28151
27225000 8.33662 -3.58778
27226000 8.34655 -3.59692
27227000 8.29936 -3.34133
27228000 8.33335 -3.42376
27229000 8.31625 -3.49433
27230000 8.33648 -3.42224
27231000 8.2989 -3.40535
27232000 8.24871 -3.19793
27233000 8.22612 -3.2867
27234000 8.2831 -3.39702
27235000 8.2976 -3.38021
27236000 8.26391 -3.33826
27237000 8.26989 -3.31856
27238000 8.29432 -3.26753
27239000 8.33276 -3.57205
27240000 8.31354 -3.48513
27241000 8.26571 -3.33541
27242000 8.31361 -3.47935
27243000 8.26918 -3.31403
27244000 8.24337 -3.28199
27245000 8.28754 -3.33486
27246000 8.34409 -3.6101
27247000 8.31114 -3.50944
27248000 8.31935 -3.5262
27249000 8.32709 -3.54239
27250000 8.36375 -3.55625
