#! FIELDS time refcv.mean refcv.morethan
 0.000000 1.070846 323.965212
 1.000000 1.007276 323.923357
 2.000000 1.005457 323.921422
 3.000000 0.996905 323.904821
 4.000000 0.999874 323.914700
 5.000000 1.006283 323.921841
 6.000000 0.998032 323.911434
 7.000000 1.005958 323.918467
 8.000000 1.005442 323.919633
 9.000000 1.002869 323.916674
 10.000000 0.995978 323.908381
 11.000000 1.002068 323.915225
 12.000000 1.007385 323.922810
 13.000000 1.006451 323.920464
 14.000000 1.009879 323.925042
 15.000000 1.000380 323.915156
 16.000000 1.010971 323.927497
 17.000000 1.010159 323.926445
 18.000000 1.009749 323.925489
 19.000000 1.005093 323.921398
 20.000000 1.003430 323.918768
 21.000000 0.996427 323.907704
 22.000000 1.005054 323.917107
 23.000000 1.004424 323.919889
 24.000000 0.996718 323.909702
 25.000000 1.003230 323.918039
 26.000000 1.001920 323.916940
 27.000000 1.004627 323.917585
 28.000000 1.009369 323.924347
 29.000000 1.008478 323.923374
 30.000000 1.005559 323.920080
 31.000000 1.001600 323.914753
 32.000000 1.000879 323.914768
 33.000000 0.998463 323.909769
 34.000000 1.008622 323.921499
 35.000000 1.003577 323.917450
 36.000000 1.010388 323.926767
 37.000000 1.012932 323.928314
 38.000000 1.003062 323.918204
 39.000000 1.009604 323.923169
 40.000000 1.006464 323.922052
 41.000000 1.006540 323.922022
 42.000000 1.007235 323.917985
 43.000000 1.006886 323.922543
 44.000000 1.002167 323.916244
 45.000000 1.003653 323.834557
 46.000000 1.005509 323.921347
 47.000000 0.999397 323.906453
 48.000000 1.001618 323.916529
 49.000000 1.005042 323.920967
 50.000000 1.007270 323.923590
 51.000000 1.004767 323.920162
 52.000000 1.003758 323.920114
 53.000000 1.005450 323.920966
 54.000000 1.008925 323.924062
 55.000000 1.002195 323.918265
 56.000000 1.011745 323.927455
 57.000000 1.001993 323.918896
 58.000000 1.001793 323.914934
 59.000000 0.999857 323.914938
 60.000000 0.995620 323.907896
 61.000000 1.002298 323.916489
 62.000000 0.992076 323.905039
 63.000000 0.997965 323.912184
 64.000000 1.002764 323.915972
 65.000000 1.004444 323.917916
 66.000000 1.002432 323.917268
 67.000000 1.005117 323.920650
 68.000000 1.010441 323.925793
 69.000000 1.009579 323.925528
 70.000000 1.015001 323.930078
 71.000000 1.007186 323.922685
 72.000000 1.005734 323.920773
 73.000000 1.002964 323.917094
 74.000000 1.006219 323.921104
 75.000000 1.006276 323.922306
 76.000000 0.997108 323.910011
 77.000000 1.006162 323.920944
 78.000000 0.999903 323.910818
 79.000000 0.999673 323.913951
 80.000000 1.005435 323.919410
 81.000000 1.009606 323.925915
 82.000000 0.996064 323.906089
 83.000000 1.007349 323.922723
 84.000000 1.000242 323.915683
 85.000000 1.003709 323.916414
 86.000000 0.998333 323.899488
 87.000000 1.000988 323.911801
 88.000000 1.005372 323.920423
 89.000000 1.004117 323.917168
 90.000000 1.005929 323.917572
 91.000000 1.002371 323.915289
 92.000000 1.002464 323.917742
 93.000000 1.002913 323.918541
 94.000000 1.002569 323.916145
 95.000000 1.002844 323.914664
 96.000000 1.005416 323.919708
 97.000000 1.013086 323.928547
 98.000000 1.004097 323.918283
 99.000000 0.998771 323.910144
 100.000000 1.001341 323.914659
 101.000000 1.005219 323.919600
 102.000000 1.004301 323.919736
 103.000000 1.000757 323.915815
 104.000000 0.998921 323.912336
 105.000000 1.014018 323.929713
 106.000000 1.011597 323.927263
 107.000000 1.009936 323.924815
 108.000000 0.997934 323.911837
 109.000000 1.008778 323.924391
 110.000000 0.997086 323.906391
 111.000000 1.001754 323.915198
 112.000000 0.990513 323.900777
 113.000000 1.004644 323.919755
 114.000000 1.005556 323.919437
 115.000000 1.001829 323.917972
 116.000000 1.004341 323.920562
 117.000000 1.003722 323.918108
 118.000000 1.002950 323.918753
 119.000000 1.006061 323.914409
 120.000000 1.003287 323.918463
 121.000000 1.003781 323.919529
 122.000000 1.003172 323.918372
 123.000000 1.001899 323.916605
 124.000000 1.002437 323.916679
 125.000000 0.997852 323.912039
 126.000000 1.002114 323.915030
 127.000000 1.004510 323.918554
 128.000000 1.002188 323.918461
 129.000000 1.004144 323.919419
 130.000000 1.008733 323.925049
 131.000000 1.006196 323.920865
 132.000000 1.002029 323.916586
 133.000000 1.000490 323.914407
 134.000000 1.008595 323.924088
 135.000000 0.999887 323.913395
 136.000000 0.997806 323.913058
 137.000000 1.001900 323.912825
 138.000000 1.008412 323.922854
 139.000000 1.009644 323.926119
 140.000000 1.008214 323.924349
 141.000000 1.006358 323.923064
 142.000000 0.997748 323.911847
 143.000000 1.010900 323.926689
 144.000000 0.998672 323.907779
 145.000000 1.008721 323.922161
 146.000000 1.007916 323.923349
 147.000000 1.006824 323.921586
 148.000000 1.003164 323.916951
 149.000000 1.002264 323.916925
 150.000000 0.997857 323.912763
 151.000000 1.009190 323.924747
 152.000000 0.998550 323.911213
 153.000000 1.011680 323.926436
 154.000000 1.004337 323.919987
 155.000000 1.003916 323.919216
 156.000000 1.004579 323.919555
 157.000000 1.004469 323.919871
 158.000000 1.003907 323.920685
 159.000000 1.002876 323.918287
 160.000000 1.002388 323.916593
 161.000000 1.005533 323.921796
 162.000000 1.002113 323.916290
 163.000000 1.007460 323.923821
 164.000000 1.003915 323.918419
 165.000000 1.001354 323.915143
 166.000000 1.004208 323.918069
 167.000000 1.004233 323.909725
 168.000000 1.001817 323.915431
 169.000000 1.000520 323.915250
 170.000000 1.008700 323.923991
 171.000000 1.007659 323.922504
 172.000000 1.000212 323.914307
 173.000000 1.004869 323.919624
 174.000000 1.002550 323.911589
 175.000000 1.005135 323.919238
 176.000000 1.009055 323.923908
 177.000000 1.006158 323.922520
 178.000000 1.008369 323.924899
 179.000000 1.010759 323.923972
 180.000000 1.003421 323.914893
 181.000000 1.006894 323.921987
 182.000000 1.003367 323.916058
 183.000000 1.000855 323.914418
 184.000000 1.005275 323.919749
 185.000000 1.008391 323.922154
 186.000000 0.994635 323.908113
 187.000000 1.007151 323.922019
 188.000000 1.004756 323.919554
 189.000000 1.003074 323.918891
 190.000000 1.010136 323.925200
 191.000000 1.004130 323.918580
 192.000000 1.004014 323.918680
 193.000000 1.007647 323.921960
 194.000000 1.003783 323.917779
 195.000000 1.006540 323.920066
 196.000000 0.999793 323.911415
 197.000000 1.002423 323.917165
 198.000000 1.009071 323.925203
 199.000000 1.004234 323.918216
 200.000000 1.007267 323.923139
 201.000000 1.000938 323.915135
 202.000000 1.005467 323.921421
 203.000000 0.998026 323.911576
 204.000000 0.994551 323.903560
 205.000000 1.007859 323.923017
 206.000000 1.004628 323.921167
 207.000000 1.004887 323.919147
 208.000000 1.003385 323.916779
 209.000000 1.007352 323.924009
 210.000000 0.996248 323.910470
 211.000000 1.008265 323.924324
 212.000000 1.006364 323.922418
 213.000000 1.008723 323.924454
 214.000000 1.008725 323.925437
 215.000000 1.002756 323.916860
 216.000000 1.001236 323.917783
 217.000000 1.001231 323.916014
 218.000000 1.005088 323.920289
 219.000000 1.007300 323.923279
 220.000000 1.000304 323.912505
 221.000000 1.000727 323.911781
 222.000000 0.998854 323.913145
 223.000000 1.007539 323.923349
 224.000000 1.009630 323.924449
 225.000000 1.004893 323.917202
 226.000000 1.011841 323.926159
 227.000000 1.009239 323.924170
 228.000000 1.002132 323.915876
 229.000000 1.007195 323.922405
 230.000000 0.998023 323.912037
 231.000000 1.009786 323.924691
 232.000000 1.010702 323.925343
 233.000000 1.002651 323.918327
 234.000000 1.010307 323.924970
 235.000000 1.004834 323.920330
 236.000000 1.003231 323.916962
 237.000000 1.005877 323.920132
 238.000000 1.005518 323.920435
 239.000000 1.008077 323.923809
 240.000000 1.003977 323.919606
 241.000000 1.010887 323.926733
 242.000000 1.006981 323.922315
 243.000000 1.001359 323.915475
 244.000000 1.000078 323.913771
 245.000000 0.999027 323.912940
 246.000000 1.008592 323.922215
 247.000000 1.003002 323.918704
 248.000000 1.001426 323.914903
 249.000000 1.002761 323.918125
 250.000000 1.005931 323.920225
 251.000000 1.008051 323.923613
 252.000000 1.001798 323.916088
 253.000000 1.005316 323.921770
 254.000000 1.006778 323.920669
 255.000000 1.005782 323.920991
 256.000000 1.004051 323.918926
 257.000000 1.007875 323.924937
 258.000000 0.996875 323.909175
 259.000000 1.001486 323.914875
 260.000000 1.000874 323.916247
 261.000000 1.001875 323.917476
 262.000000 1.009108 323.925184
 263.000000 1.005158 323.920905
 264.000000 1.002797 323.917746
 265.000000 1.008485 323.924754
 266.000000 1.002836 323.914614
 267.000000 1.005640 323.917442
 268.000000 1.009069 323.924124
 269.000000 1.009007 323.924521
 270.000000 1.008411 323.921374
 271.000000 1.010941 323.926807
 272.000000 1.009594 323.925407
 273.000000 0.997287 323.904982
 274.000000 1.008022 323.922983
 275.000000 1.005612 323.920192
 276.000000 1.005809 323.920896
 277.000000 1.005444 323.920834
 278.000000 1.008422 323.924434
 279.000000 1.009733 323.924889
 280.000000 1.006350 323.922574
 281.000000 0.996034 323.906061
 282.000000 1.005606 323.920594
 283.000000 1.003051 323.917150
 284.000000 1.003817 323.918727
 285.000000 1.000399 323.914794
 286.000000 1.008053 323.923506
 287.000000 1.009076 323.924303
 288.000000 1.005080 323.918851
 289.000000 1.006607 323.921065
 290.000000 1.002842 323.917475
 291.000000 1.003252 323.916339
 292.000000 0.997429 323.907506
 293.000000 1.000105 323.915677
 294.000000 1.003397 323.916767
 295.000000 1.005406 323.920115
 296.000000 1.005085 323.921406
 297.000000 1.003418 323.916237
 298.000000 1.005236 323.919821
 299.000000 1.002029 323.917696
 300.000000 1.002865 323.918866
 301.000000 1.011086 323.926487
 302.000000 1.002844 323.917397
 303.000000 1.008136 323.922949
 304.000000 1.005789 323.922675
 305.000000 1.008325 323.923820
 306.000000 1.005960 323.921268
 307.000000 1.006669 323.920976
 308.000000 1.008589 323.923762
 309.000000 1.013161 323.928617
 310.000000 1.005643 323.920217
 311.000000 1.006331 323.921624
 312.000000 1.005688 323.920625
 313.000000 1.004159 323.919501
 314.000000 1.006656 323.920719
 315.000000 1.011013 323.925577
 316.000000 1.008583 323.924627
 317.000000 1.007630 323.923207
 318.000000 1.002812 323.915668
 319.000000 1.005278 323.920780
 320.000000 1.003932 323.919300
 321.000000 1.006919 323.922335
 322.000000 1.010045 323.923816
 323.000000 1.006704 323.921432
 324.000000 0.999640 323.913655
 325.000000 1.011820 323.927969
 326.000000 1.010647 323.925742
 327.000000 1.004266 323.917888
 328.000000 1.004035 323.920185
 329.000000 1.000208 323.913736
 330.000000 1.008566 323.924417
 331.000000 1.005474 323.921337
 332.000000 0.996528 323.907124
 333.000000 1.006280 323.921642
 334.000000 1.005277 323.919145
 335.000000 1.012557 323.928794
 336.000000 1.005970 323.921909
 337.000000 1.007006 323.923319
 338.000000 1.004726 323.920186
 339.000000 1.003018 323.918647
 340.000000 1.003593 323.919407
 341.000000 1.004039 323.918172
 342.000000 1.001478 323.918055
 343.000000 1.003626 323.916325
 344.000000 1.003150 323.917530
 345.000000 1.005628 323.921335
 346.000000 1.006046 323.920836
 347.000000 1.006445 323.921946
 348.000000 1.004613 323.919262
 349.000000 1.011680 323.927121
 350.000000 1.008724 323.924363
 351.000000 1.014873 323.929317
 352.000000 1.010028 323.924389
 353.000000 1.002381 323.915172
 354.000000 1.000856 323.914863
 355.000000 1.002122 323.916535
 356.000000 1.003545 323.916615
 357.000000 1.004573 323.919629
 358.000000 0.999413 323.910902
 359.000000 1.002347 323.916113
 360.000000 1.000670 323.913992
 361.000000 1.002096 323.918784
 362.000000 1.001580 323.915181
 363.000000 0.998393 323.911495
 364.000000 1.001406 323.914201
 365.000000 1.003408 323.916109
 366.000000 1.002868 323.918490
 367.000000 1.001417 323.914959
 368.000000 1.001727 323.916801
 369.000000 1.007217 323.922402
 370.000000 1.005996 323.921881
 371.000000 1.002389 323.912391
 372.000000 0.998193 323.910523
 373.000000 1.007995 323.924561
 374.000000 1.006020 323.920523
 375.000000 1.001308 323.910888
 376.000000 1.003365 323.918779
 377.000000 1.006136 323.921277
 378.000000 1.008124 323.924275
 379.000000 1.001357 323.917562
 380.000000 0.997752 323.910911
 381.000000 0.996774 323.908415
 382.000000 1.000554 323.909561
 383.000000 1.006507 323.922404
 384.000000 1.003632 323.920297
 385.000000 1.005016 323.918082
 386.000000 1.007979 323.923319
 387.000000 0.999594 323.913471
 388.000000 1.009157 323.925758
 389.000000 1.001753 323.917020
 390.000000 1.005406 323.919841
 391.000000 1.007311 323.922973
 392.000000 1.007260 323.922417
 393.000000 0.998533 323.913912
 394.000000 1.000721 323.914301
 395.000000 1.005068 323.920206
 396.000000 1.002148 323.915687
 397.000000 1.004320 323.920345
 398.000000 1.001270 323.916717
 399.000000 1.004569 323.920148
 400.000000 1.006600 323.923241
 401.000000 1.007926 323.924096
 402.000000 0.997577 323.909911
 403.000000 1.000815 323.910070
 404.000000 1.004944 323.921335
 405.000000 1.005209 323.920912
 406.000000 1.006346 323.922659
 407.000000 0.996499 323.907796
 408.000000 1.008413 323.924318
 409.000000 1.008001 323.923787
 410.000000 1.007509 323.922964
 411.000000 1.001740 323.916858
 412.000000 1.002685 323.919366
 413.000000 1.006113 323.922208
 414.000000 1.002303 323.915163
 415.000000 1.000863 323.916098
 416.000000 0.992367 323.902900
 417.000000 1.008935 323.924415
 418.000000 1.002253 323.917939
 419.000000 1.001093 323.915528
 420.000000 1.002209 323.918002
 421.000000 1.004442 323.919399
 422.000000 1.003931 323.917414
 423.000000 1.005852 323.920866
 424.000000 1.002995 323.918462
 425.000000 0.998459 323.912405
 426.000000 1.002837 323.917370
 427.000000 1.004520 323.919600
 428.000000 1.005393 323.920901
 429.000000 1.001795 323.916858
 430.000000 1.006543 323.921535
 431.000000 1.002102 323.914989
 432.000000 1.001705 323.914574
 433.000000 1.010544 323.926762
 434.000000 1.007884 323.922217
 435.000000 0.998863 323.904920
 436.000000 1.008984 323.923169
 437.000000 0.999034 323.910694
 438.000000 1.003084 323.917189
 439.000000 1.004580 323.913832
 440.000000 1.012088 323.926590
 441.000000 1.008075 323.922964
 442.000000 1.008756 323.924241
 443.000000 1.003796 323.918883
 444.000000 1.006693 323.921466
 445.000000 0.995277 323.906015
 446.000000 1.005834 323.920790
 447.000000 0.999515 323.914642
 448.000000 0.998913 323.913129
 449.000000 0.998564 323.912063
 450.000000 0.996494 323.907188
 451.000000 1.000257 323.914562
 452.000000 0.996064 323.910042
 453.000000 0.999171 323.910900
 454.000000 0.987541 323.896868
 455.000000 0.995974 323.907644
 456.000000 1.005639 323.922029
 457.000000 1.002483 323.918086
 458.000000 1.011106 323.926498
 459.000000 1.008256 323.924169
 460.000000 1.001224 323.913756
 461.000000 1.000282 323.910047
 462.000000 1.009421 323.925944
 463.000000 1.014704 323.929761
 464.000000 1.004030 323.918710
 465.000000 1.007090 323.921874
 466.000000 1.005516 323.920048
