#! FIELDS time refcv.mean refcv.morethan
 0.000000 0.582421 235.059437
 1.000000 0.604820 251.496577
 2.000000 0.610267 254.674472
 3.000000 0.620419 259.067654
 4.000000 0.615331 259.058097
 5.000000 0.615700 256.145876
 6.000000 0.618149 257.987012
 7.000000 0.624815 262.246247
 8.000000 0.622215 259.794896
 9.000000 0.619976 260.344147
 10.000000 0.628387 264.386559
 11.000000 0.623967 262.849444
 12.000000 0.621722 261.094264
 13.000000 0.623185 261.745055
 14.000000 0.626345 263.177182
 15.000000 0.631727 266.961917
 16.000000 0.626845 263.597857
 17.000000 0.639126 268.607973
 18.000000 0.641372 269.428671
 19.000000 0.637608 267.769859
 20.000000 0.630310 265.460942
 21.000000 0.621580 261.530407
 22.000000 0.631166 266.624612
 23.000000 0.630816 265.861543
 24.000000 0.624524 262.747953
 25.000000 0.632008 265.015921
 26.000000 0.633187 266.425468
 27.000000 0.627288 264.114630
 28.000000 0.630867 265.049280
 29.000000 0.629460 265.431757
 30.000000 0.623028 261.976269
 31.000000 0.624593 262.623725
 32.000000 0.625815 263.745704
 33.000000 0.634561 266.081100
 34.000000 0.632049 264.880301
 35.000000 0.632849 266.269591
 36.000000 0.629237 263.970771
 37.000000 0.627894 263.921563
 38.000000 0.628377 264.092247
 39.000000 0.633823 265.824552
 40.000000 0.628697 263.330033
 41.000000 0.631188 264.140380
 42.000000 0.631034 264.450545
 43.000000 0.634938 265.774959
 44.000000 0.631383 265.980402
 45.000000 0.638132 267.478679
 46.000000 0.631908 265.670185
 47.000000 0.627492 263.432409
 48.000000 0.634885 267.217165
 49.000000 0.623352 262.666875
 50.000000 0.629044 264.075415
 51.000000 0.624384 262.888185
 52.000000 0.621904 261.832552
 53.000000 0.625273 264.580298
 54.000000 0.628616 264.825468
 55.000000 0.626004 264.504226
 56.000000 0.632795 267.103081
 57.000000 0.629832 265.207530
 58.000000 0.634997 268.414992
 59.000000 0.633583 267.586355
 60.000000 0.630806 266.722883
 61.000000 0.632410 266.872158
 62.000000 0.634106 266.912875
 63.000000 0.627106 263.431484
 64.000000 0.632036 265.859339
 65.000000 0.634944 267.059341
 66.000000 0.628555 264.944367
 67.000000 0.635827 267.859186
 68.000000 0.631684 265.979230
 69.000000 0.630009 265.018838
 70.000000 0.636282 268.614887
 71.000000 0.633034 267.245538
 72.000000 0.629778 265.393673
 73.000000 0.638111 268.412155
 74.000000 0.639248 268.333036
 75.000000 0.622853 263.158334
 76.000000 0.632681 266.951165
 77.000000 0.638631 268.231885
 78.000000 0.637761 267.580180
 79.000000 0.644754 270.606303
 80.000000 0.635494 267.299046
 81.000000 0.639463 268.968303
 82.000000 0.640367 269.703438
 83.000000 0.637428 267.985938
 84.000000 0.637089 268.599699
 85.000000 0.645346 270.822115
 86.000000 0.646268 271.251021
 87.000000 0.649857 272.144233
 88.000000 0.648918 271.545132
 89.000000 0.648493 272.136211
 90.000000 0.647932 271.323041
 91.000000 0.642328 269.434349
 92.000000 0.644530 269.921495
 93.000000 0.647574 271.465229
 94.000000 0.642685 270.459505
 95.000000 0.649229 271.719855
 96.000000 0.656080 273.762942
 97.000000 0.647451 271.362663
 98.000000 0.641816 269.350873
 99.000000 0.647362 271.071506
 100.000000 0.650224 271.311625
 101.000000 0.649074 271.473803
 102.000000 0.646647 270.616782
 103.000000 0.646396 271.069645
 104.000000 0.640729 269.148614
 105.000000 0.640263 268.807761
 106.000000 0.643812 270.638698
 107.000000 0.644116 270.680489
 108.000000 0.645687 271.498998
 109.000000 0.647242 271.690515
 110.000000 0.647964 272.084939
 111.000000 0.648059 272.210964
 112.000000 0.653934 273.302174
 113.000000 0.641834 270.571001
 114.000000 0.644312 269.330477
 115.000000 0.643031 268.559344
 116.000000 0.646334 270.695662
 117.000000 0.646554 271.464756
 118.000000 0.637030 267.676082
 119.000000 0.652542 273.586117
 120.000000 0.653374 273.191799
 121.000000 0.639495 268.981633
 122.000000 0.644419 270.377272
 123.000000 0.647449 271.689677
 124.000000 0.643627 269.744270
 125.000000 0.643345 269.882426
 126.000000 0.643840 271.038876
 127.000000 0.646023 271.440548
 128.000000 0.641694 270.692273
 129.000000 0.648741 271.777308
 130.000000 0.649039 271.828600
 131.000000 0.649201 272.333371
 132.000000 0.646718 271.646517
 133.000000 0.644794 269.836830
 134.000000 0.650425 271.182766
 135.000000 0.645198 271.150606
 136.000000 0.646276 271.140469
 137.000000 0.649252 272.150991
 138.000000 0.632837 267.467917
 139.000000 0.637313 267.767643
 140.000000 0.631959 266.123833
 141.000000 0.644576 271.306983
 142.000000 0.639175 269.325834
 143.000000 0.641908 269.782166
 144.000000 0.635875 267.860646
 145.000000 0.636539 267.620387
 146.000000 0.648359 271.460686
 147.000000 0.645702 271.301078
 148.000000 0.640254 269.654091
 149.000000 0.633593 267.740527
 150.000000 0.642200 270.339832
 151.000000 0.650211 273.055180
 152.000000 0.636604 268.188075
 153.000000 0.653083 273.588226
 154.000000 0.642500 270.184200
 155.000000 0.645029 271.480136
 156.000000 0.645663 270.469800
 157.000000 0.651915 273.136224
 158.000000 0.647287 271.777690
 159.000000 0.644968 269.781091
 160.000000 0.637555 267.734107
 161.000000 0.641199 269.212062
 162.000000 0.638794 269.557248
 163.000000 0.649371 272.570675
 164.000000 0.647159 271.980309
 165.000000 0.647450 271.729916
 166.000000 0.651573 272.919031
 167.000000 0.646130 271.630666
 168.000000 0.642088 270.718349
 169.000000 0.657054 273.965424
 170.000000 0.652410 272.816708
 171.000000 0.645274 270.658701
 172.000000 0.644848 271.622137
 173.000000 0.645305 271.208320
 174.000000 0.644832 271.588180
 175.000000 0.646963 270.886118
 176.000000 0.637803 268.773225
 177.000000 0.654965 274.068484
 178.000000 0.643897 270.706526
 179.000000 0.644360 270.035246
 180.000000 0.646889 271.295800
 181.000000 0.646396 271.243172
 182.000000 0.638588 268.258752
 183.000000 0.650013 273.222434
 184.000000 0.651461 272.330764
 185.000000 0.648435 272.596217
 186.000000 0.642811 270.379223
 187.000000 0.648369 271.785204
 188.000000 0.646784 270.868468
 189.000000 0.648984 271.965537
 190.000000 0.648149 271.733983
 191.000000 0.647626 270.911547
 192.000000 0.651947 272.852421
 193.000000 0.647841 270.553433
 194.000000 0.641734 269.310404
 195.000000 0.647777 271.211853
 196.000000 0.651202 273.342268
 197.000000 0.643900 270.539344
 198.000000 0.651375 273.033463
 199.000000 0.646823 271.743989
 200.000000 0.655568 274.081187
 201.000000 0.647396 272.071935
 202.000000 0.652323 273.053218
 203.000000 0.651821 272.737805
 204.000000 0.654184 273.996415
 205.000000 0.661364 276.065504
 206.000000 0.655319 273.883148
 207.000000 0.652519 273.476418
 208.000000 0.649633 272.660782
 209.000000 0.657641 274.748978
 210.000000 0.662588 275.328514
 211.000000 0.656349 274.908165
 212.000000 0.653760 273.604398
 213.000000 0.659809 275.586426
 214.000000 0.662944 276.059270
 215.000000 0.661486 275.591103
 216.000000 0.661727 275.488464
 217.000000 0.662175 275.513608
 218.000000 0.651614 274.031268
 219.000000 0.658180 274.589866
 220.000000 0.659086 275.292764
 221.000000 0.655001 274.364209
 222.000000 0.657929 274.834173
 223.000000 0.650227 272.536188
 224.000000 0.659591 275.706563
 225.000000 0.654883 274.204796
 226.000000 0.646579 271.975099
 227.000000 0.652476 272.954588
 228.000000 0.650429 272.695820
 229.000000 0.653140 273.139384
 230.000000 0.650841 272.676298
 231.000000 0.638063 269.482020
 232.000000 0.642107 271.170340
 233.000000 0.646020 271.758994
 234.000000 0.635983 268.597432
 235.000000 0.640415 270.672692
 236.000000 0.645413 271.688463
 237.000000 0.647658 272.135388
 238.000000 0.642638 271.259971
 239.000000 0.634764 268.071973
 240.000000 0.655165 273.826925
 241.000000 0.646365 272.003071
 242.000000 0.636844 268.624631
 243.000000 0.647571 272.469102
 244.000000 0.649365 272.390875
 245.000000 0.637141 269.168400
 246.000000 0.644950 271.678824
 247.000000 0.643349 270.903400
 248.000000 0.646610 270.973205
 249.000000 0.646194 270.757099
 250.000000 0.643867 270.939138
 251.000000 0.642406 270.314421
 252.000000 0.648186 272.251405
 253.000000 0.648940 272.409019
 254.000000 0.636652 268.008077
 255.000000 0.648932 271.329472
 256.000000 0.639231 269.733701
 257.000000 0.639215 269.116139
 258.000000 0.642628 270.568904
 259.000000 0.641893 270.584205
 260.000000 0.644685 270.748232
 261.000000 0.639343 268.106275
 262.000000 0.647558 271.053140
 263.000000 0.632317 265.216758
 264.000000 0.639813 269.208007
 265.000000 0.644341 270.009972
 266.000000 0.639933 268.498007
 267.000000 0.640431 268.753647
 268.000000 0.639340 267.916983
 269.000000 0.629842 264.757267
 270.000000 0.636931 266.951183
 271.000000 0.635905 267.723065
 272.000000 0.640569 269.319970
 273.000000 0.637737 267.672526
 274.000000 0.641109 269.148640
 275.000000 0.642024 269.009773
 276.000000 0.646898 271.279503
 277.000000 0.646198 270.517122
 278.000000 0.642772 268.481741
 279.000000 0.643531 269.343220
 280.000000 0.643937 269.161210
 281.000000 0.639725 268.673917
 282.000000 0.648206 270.576558
 283.000000 0.638741 268.469091
 284.000000 0.642835 270.120504
 285.000000 0.643287 269.980926
 286.000000 0.646591 271.524743
 287.000000 0.652057 272.794812
 288.000000 0.642486 270.089632
 289.000000 0.649563 272.322704
 290.000000 0.646424 271.071780
 291.000000 0.653158 272.586560
 292.000000 0.651496 272.361546
 293.000000 0.654455 272.513707
 294.000000 0.654074 272.144734
 295.000000 0.649986 271.881537
 296.000000 0.652642 272.667283
 297.000000 0.650134 271.306178
 298.000000 0.648567 270.465040
 299.000000 0.651921 272.471647
 300.000000 0.645985 270.754911
 301.000000 0.639402 269.164186
 302.000000 0.651305 271.862849
 303.000000 0.648173 272.182179
 304.000000 0.646917 271.097826
 305.000000 0.646307 270.824554
 306.000000 0.645666 270.468532
 307.000000 0.639754 268.872362
 308.000000 0.650073 272.390867
 309.000000 0.645678 270.317346
 310.000000 0.648325 271.021909
 311.000000 0.650957 272.697172
 312.000000 0.647716 271.618863
 313.000000 0.652817 272.278063
 314.000000 0.641188 269.733433
 315.000000 0.644815 270.501853
 316.000000 0.649212 271.812016
 317.000000 0.645274 270.957202
 318.000000 0.642395 269.699822
 319.000000 0.641718 269.564409
 320.000000 0.639098 268.980502
 321.000000 0.647848 271.491916
 322.000000 0.640676 270.810851
 323.000000 0.640544 268.998398
 324.000000 0.636644 268.735550
 325.000000 0.637503 268.126392
 326.000000 0.633492 266.400147
 327.000000 0.649183 271.399343
 328.000000 0.643151 270.312455
 329.000000 0.642009 268.949163
 330.000000 0.647754 271.408955
 331.000000 0.643368 269.651982
 332.000000 0.645057 270.764009
 333.000000 0.643136 270.102765
 334.000000 0.636387 267.617137
 335.000000 0.638039 267.739067
 336.000000 0.634778 267.626145
 337.000000 0.637220 267.106282
 338.000000 0.637241 267.591781
 339.000000 0.640335 266.790392
 340.000000 0.635389 266.379088
 341.000000 0.637557 268.026515
 342.000000 0.633874 266.260227
 343.000000 0.636459 266.421385
 344.000000 0.642428 268.568870
 345.000000 0.644515 270.458824
 346.000000 0.641950 270.321228
 347.000000 0.642222 269.545494
 348.000000 0.651237 272.471031
 349.000000 0.660151 275.084250
 350.000000 0.662955 275.902951
 351.000000 0.649246 273.227069
 352.000000 0.648437 271.264189
 353.000000 0.640173 269.566014
 354.000000 0.643224 270.243069
 355.000000 0.642140 270.637696
 356.000000 0.648152 272.149461
 357.000000 0.646117 272.188839
 358.000000 0.641687 270.113667
 359.000000 0.640828 270.217977
 360.000000 0.642387 269.926295
 361.000000 0.648093 271.515911
 362.000000 0.654900 273.858668
 363.000000 0.642010 269.874479
 364.000000 0.646902 271.374188
 365.000000 0.648865 271.910513
 366.000000 0.642832 268.975062
 367.000000 0.650489 271.217812
 368.000000 0.647750 271.920840
 369.000000 0.635988 268.242267
 370.000000 0.649244 272.075609
 371.000000 0.636805 268.447473
 372.000000 0.640349 269.465020
 373.000000 0.642823 270.509039
 374.000000 0.647619 271.667611
 375.000000 0.639492 269.569336
 376.000000 0.651534 272.529830
 377.000000 0.640075 268.693860
 378.000000 0.644669 270.893476
 379.000000 0.643098 270.730501
 380.000000 0.648263 271.434256
 381.000000 0.644912 271.052946
 382.000000 0.646842 271.361405
 383.000000 0.642646 270.126409
 384.000000 0.648232 271.266936
 385.000000 0.652883 273.193015
 386.000000 0.658971 274.884733
 387.000000 0.650354 272.090101
 388.000000 0.646829 271.984228
 389.000000 0.655554 273.692334
 390.000000 0.648691 271.759643
 391.000000 0.642084 269.849796
 392.000000 0.644177 271.106341
 393.000000 0.636061 268.887530
 394.000000 0.638232 269.286490
 395.000000 0.642737 269.875638
 396.000000 0.639063 269.991752
 397.000000 0.640333 269.677079
 398.000000 0.652667 273.888867
 399.000000 0.643653 270.773128
 400.000000 0.645966 271.169775
 401.000000 0.653091 273.494215
 402.000000 0.635878 268.275429
 403.000000 0.641353 269.956057
 404.000000 0.646919 271.921663
 405.000000 0.638829 268.397637
 406.000000 0.638090 269.184563
 407.000000 0.638148 269.131231
 408.000000 0.641904 269.778189
 409.000000 0.646935 270.786271
 410.000000 0.644146 269.324004
 411.000000 0.638675 267.746178
 412.000000 0.646990 271.419967
 413.000000 0.647800 271.215711
 414.000000 0.643268 269.791150
 415.000000 0.644811 269.780174
 416.000000 0.646411 271.030710
 417.000000 0.642972 269.501859
 418.000000 0.650432 272.378401
 419.000000 0.646094 271.291710
 420.000000 0.641726 269.487708
 421.000000 0.638793 268.662648
 422.000000 0.637476 268.012844
 423.000000 0.637881 268.921980
 424.000000 0.639071 268.753330
 425.000000 0.632057 265.565254
 426.000000 0.630356 265.653155
 427.000000 0.632488 266.511690
 428.000000 0.631750 266.268136
 429.000000 0.635693 266.128546
 430.000000 0.636699 267.502341
 431.000000 0.634865 266.683905
 432.000000 0.644592 270.580458
 433.000000 0.642402 269.771131
 434.000000 0.638914 269.071443
 435.000000 0.634518 267.512431
 436.000000 0.640855 269.000607
 437.000000 0.639718 268.705854
 438.000000 0.642052 269.497270
 439.000000 0.641593 269.674508
 440.000000 0.644650 270.266618
 441.000000 0.650397 271.895551
 442.000000 0.640574 269.165157
 443.000000 0.648278 272.138148
 444.000000 0.644977 270.158919
 445.000000 0.643324 269.964541
 446.000000 0.630441 265.531046
 447.000000 0.641115 270.046175
 448.000000 0.650667 271.925924
 449.000000 0.643619 270.149739
 450.000000 0.642681 270.113526
 451.000000 0.637563 268.817267
 452.000000 0.643964 270.543636
 453.000000 0.644272 270.332066
 454.000000 0.646632 271.219762
 455.000000 0.645424 270.779174
 456.000000 0.646062 270.281297
 457.000000 0.646339 271.088763
 458.000000 0.648673 271.699119
 459.000000 0.645900 270.356791
 460.000000 0.653359 272.599561
 461.000000 0.654451 273.695336
 462.000000 0.648622 272.126867
 463.000000 0.640940 268.919745
 464.000000 0.644845 270.401638
 465.000000 0.643824 269.955092
 466.000000 0.646260 271.406905
 467.000000 0.645916 271.109939
 468.000000 0.640409 269.606449
 469.000000 0.637998 269.306179
 470.000000 0.634762 267.582262
 471.000000 0.642472 270.830138
 472.000000 0.643821 270.904304
 473.000000 0.641759 269.121348
 474.000000 0.640285 269.389142
 475.000000 0.640725 270.245030
 476.000000 0.631312 267.060467
 477.000000 0.637774 269.204518
 478.000000 0.645299 270.705060
 479.000000 0.642064 269.794493
 480.000000 0.634919 268.795022
 481.000000 0.642358 270.856603
 482.000000 0.642765 270.327860
 483.000000 0.637811 268.475992
 484.000000 0.638572 269.832242
 485.000000 0.647802 271.731633
 486.000000 0.633639 267.328864
 487.000000 0.637964 268.644235
 488.000000 0.644861 271.307299
 489.000000 0.639733 270.046776
 490.000000 0.641227 270.332181
 491.000000 0.644298 271.243424
 492.000000 0.643422 270.614278
 493.000000 0.645413 271.828042
 494.000000 0.639925 268.624068
 495.000000 0.643419 270.177554
 496.000000 0.638346 269.389636
 497.000000 0.646891 271.754288
 498.000000 0.646928 271.497367
 499.000000 0.659228 274.849401
 500.000000 0.643330 271.188294
 501.000000 0.639449 269.869067
 502.000000 0.655675 274.163582
 503.000000 0.654347 273.404424
 504.000000 0.652415 273.225710
 505.000000 0.638230 268.520845
 506.000000 0.643620 270.315160
 507.000000 0.643608 270.393924
 508.000000 0.638478 269.118387
 509.000000 0.644386 271.588181
 510.000000 0.644032 271.048336
 511.000000 0.639945 269.223641
 512.000000 0.639469 269.480783
 513.000000 0.636420 269.134473
 514.000000 0.637615 268.215116
 515.000000 0.634045 267.806935
 516.000000 0.650216 271.841724
 517.000000 0.643551 270.995578
 518.000000 0.643221 270.907905
 519.000000 0.656767 274.165132
 520.000000 0.657441 274.284567
 521.000000 0.646639 271.502558
 522.000000 0.643902 271.321410
 523.000000 0.648202 272.391997
 524.000000 0.647518 272.000134
 525.000000 0.653388 273.576795
 526.000000 0.651300 272.510655
 527.000000 0.643019 269.944673
 528.000000 0.649835 272.347383
 529.000000 0.657268 274.257514
 530.000000 0.646293 271.864003
 531.000000 0.649503 272.098275
 532.000000 0.645798 271.018177
 533.000000 0.655632 273.573323
 534.000000 0.640544 269.852235
 535.000000 0.650052 272.859545
 536.000000 0.651313 272.049462
 537.000000 0.647398 270.811834
 538.000000 0.647850 270.612960
 539.000000 0.643784 271.003505
 540.000000 0.642112 269.587040
 541.000000 0.642931 270.367650
 542.000000 0.653122 272.454775
 543.000000 0.655609 273.111965
 544.000000 0.643927 270.580582
 545.000000 0.635772 266.621678
 546.000000 0.639874 268.643018
 547.000000 0.641433 268.888096
 548.000000 0.636432 268.182047
 549.000000 0.647908 271.469402
 550.000000 0.643639 270.039542
 551.000000 0.640708 268.549253
 552.000000 0.635044 265.934695
 553.000000 0.639884 268.689543
 554.000000 0.640188 268.258373
 555.000000 0.638476 269.089838
 556.000000 0.647544 270.594866
 557.000000 0.636781 267.968196
 558.000000 0.641551 268.827420
 559.000000 0.642202 269.914521
 560.000000 0.641185 268.829033
 561.000000 0.637631 268.294000
 562.000000 0.644051 269.672685
 563.000000 0.641418 269.123369
 564.000000 0.650230 271.769581
 565.000000 0.641195 268.830451
 566.000000 0.637106 267.769235
 567.000000 0.639740 268.929600
 568.000000 0.625094 262.908354
 569.000000 0.633044 266.793542
 570.000000 0.641421 268.552903
 571.000000 0.632795 265.360004
 572.000000 0.645245 269.990562
 573.000000 0.639684 268.053673
 574.000000 0.634677 266.945044
 575.000000 0.629347 264.844525
 576.000000 0.629876 265.035452
 577.000000 0.635466 266.812611
 578.000000 0.628046 263.807846
 579.000000 0.630985 264.559347
 580.000000 0.624816 261.367263
 581.000000 0.634434 266.373678
 582.000000 0.632118 264.696118
 583.000000 0.623887 262.237037
 584.000000 0.625984 262.251577
 585.000000 0.625406 262.271191
 586.000000 0.629154 263.760627
 587.000000 0.631551 264.987912
 588.000000 0.629420 263.896827
 589.000000 0.628432 264.795918
 590.000000 0.626363 263.122877
 591.000000 0.631417 265.890501
 592.000000 0.623161 263.631536
 593.000000 0.629495 265.218979
 594.000000 0.629225 264.771122
 595.000000 0.623681 262.540124
 596.000000 0.630516 265.999773
 597.000000 0.632144 267.406443
 598.000000 0.629904 264.968539
 599.000000 0.631228 265.168908
 600.000000 0.632846 266.485207
 601.000000 0.627216 263.193442
 602.000000 0.635622 267.541557
 603.000000 0.630833 265.203522
 604.000000 0.627782 264.574458
 605.000000 0.625846 263.373450
 606.000000 0.624291 262.574244
 607.000000 0.629113 264.642314
 608.000000 0.623285 261.478519
 609.000000 0.629007 264.674762
 610.000000 0.626655 263.790994
 611.000000 0.632362 266.656089
 612.000000 0.636485 267.575965
 613.000000 0.625045 262.842198
 614.000000 0.626403 264.766876
 615.000000 0.635037 267.938257
 616.000000 0.631203 265.117565
 617.000000 0.628971 265.952860
 618.000000 0.624799 263.448182
 619.000000 0.628814 266.099389
 620.000000 0.627611 264.036610
 621.000000 0.628502 264.816189
 622.000000 0.624046 263.326293
 623.000000 0.626077 263.659789
 624.000000 0.629451 264.882471
 625.000000 0.634844 266.334303
 626.000000 0.633442 266.791283
 627.000000 0.632062 264.832219
 628.000000 0.625315 263.521110
 629.000000 0.637435 267.946353
 630.000000 0.638377 267.878285
 631.000000 0.633733 266.043525
 632.000000 0.641441 269.147296
 633.000000 0.642148 268.860727
 634.000000 0.640355 268.262844
 635.000000 0.642844 269.974411
 636.000000 0.637245 268.024236
 637.000000 0.636675 267.101758
 638.000000 0.649025 271.386565
 639.000000 0.643554 270.789116
 640.000000 0.636792 266.102290
 641.000000 0.645115 269.927631
 642.000000 0.645282 269.090334
 643.000000 0.634912 267.439964
 644.000000 0.641405 269.157892
 645.000000 0.638429 267.583378
 646.000000 0.635144 266.249562
 647.000000 0.643858 270.013529
 648.000000 0.640487 268.261233
 649.000000 0.642575 268.903348
 650.000000 0.648041 270.845216
 651.000000 0.638704 269.165258
 652.000000 0.653133 272.957216
 653.000000 0.650784 272.484235
 654.000000 0.650195 272.177018
 655.000000 0.646821 271.172484
 656.000000 0.649402 272.433639
 657.000000 0.646940 271.753468
 658.000000 0.648463 271.421501
 659.000000 0.645393 270.025697
 660.000000 0.647670 270.948934
 661.000000 0.651647 272.500329
 662.000000 0.645435 269.979429
 663.000000 0.651691 272.251348
 664.000000 0.639871 267.301807
 665.000000 0.639833 268.238010
 666.000000 0.648507 272.075250
 667.000000 0.640865 269.529798
 668.000000 0.640710 268.883573
 669.000000 0.634733 267.569413
 670.000000 0.635841 267.162986
 671.000000 0.635588 266.566510
 672.000000 0.639360 268.862377
 673.000000 0.642759 270.046064
 674.000000 0.636642 267.256581
 675.000000 0.635494 267.222934
 676.000000 0.629704 265.519509
 677.000000 0.634908 267.660258
 678.000000 0.634332 267.131015
 679.000000 0.646294 271.210412
 680.000000 0.632564 266.622844
 681.000000 0.636776 267.195745
 682.000000 0.635594 268.193475
 683.000000 0.630736 265.781410
 684.000000 0.632905 267.352634
 685.000000 0.641029 269.728089
 686.000000 0.635906 267.578454
 687.000000 0.631930 266.789821
 688.000000 0.629791 265.694684
 689.000000 0.635563 267.836067
 690.000000 0.624671 263.543077
 691.000000 0.617777 261.231457
 692.000000 0.626767 264.288529
 693.000000 0.632093 266.196834
 694.000000 0.631574 265.295509
 695.000000 0.630846 265.530102
 696.000000 0.631361 265.651412
 697.000000 0.629545 264.909410
 698.000000 0.628324 264.017001
 699.000000 0.628412 264.598372
 700.000000 0.637876 265.758762
 701.000000 0.633980 266.274608
 702.000000 0.627796 263.084784
 703.000000 0.636021 266.546787
 704.000000 0.634887 266.694549
 705.000000 0.637493 267.014130
 706.000000 0.624846 262.197647
 707.000000 0.624531 261.905354
 708.000000 0.627428 263.111907
 709.000000 0.630476 263.479736
 710.000000 0.634322 266.602457
 711.000000 0.633442 266.346824
 712.000000 0.638660 267.937694
 713.000000 0.636977 266.113554
 714.000000 0.635311 267.530424
 715.000000 0.638419 268.921799
 716.000000 0.630210 266.400604
 717.000000 0.639863 268.938589
 718.000000 0.628829 265.299703
 719.000000 0.631861 266.400870
 720.000000 0.630702 265.328118
 721.000000 0.629379 264.758094
 722.000000 0.630196 264.826063
 723.000000 0.637463 267.401588
 724.000000 0.635708 267.256029
 725.000000 0.636716 267.318124
 726.000000 0.633712 266.484194
 727.000000 0.626354 263.169393
 728.000000 0.625378 262.949568
 729.000000 0.627794 264.273761
 730.000000 0.620673 260.706900
 731.000000 0.621042 261.458244
 732.000000 0.635701 267.076475
 733.000000 0.637391 267.458329
 734.000000 0.631413 265.689185
 735.000000 0.630928 264.420139
 736.000000 0.637060 267.830020
 737.000000 0.636493 267.863398
 738.000000 0.627770 263.851778
 739.000000 0.633705 265.687383
 740.000000 0.623300 261.843791
 741.000000 0.644208 269.608530
 742.000000 0.627977 264.382773
 743.000000 0.635061 267.205856
 744.000000 0.636321 267.755439
 745.000000 0.632021 266.066676
 746.000000 0.636629 267.884279
 747.000000 0.632630 265.633490
 748.000000 0.636471 268.296695
 749.000000 0.639625 268.766030
 750.000000 0.645232 270.920802
 751.000000 0.638783 268.174303
 752.000000 0.642008 269.932820
 753.000000 0.632564 265.640263
 754.000000 0.637610 268.313791
 755.000000 0.635736 265.911430
 756.000000 0.643755 270.298068
 757.000000 0.633556 265.618164
 758.000000 0.637219 267.693905
 759.000000 0.642571 269.091474
 760.000000 0.646477 271.052861
 761.000000 0.639691 268.467458
 762.000000 0.652229 272.817532
 763.000000 0.640206 267.908101
 764.000000 0.638411 268.143566
 765.000000 0.638506 269.119560
 766.000000 0.636130 267.702306
 767.000000 0.634600 267.917755
 768.000000 0.652511 273.369856
 769.000000 0.632042 266.612853
 770.000000 0.646614 270.768824
 771.000000 0.647676 271.233334
 772.000000 0.646977 269.898867
 773.000000 0.637481 267.045691
 774.000000 0.640365 268.486480
 775.000000 0.633746 266.132175
 776.000000 0.639600 269.774321
 777.000000 0.644093 269.266453
 778.000000 0.643444 270.358330
 779.000000 0.644344 271.001351
 780.000000 0.651297 272.842010
 781.000000 0.652460 272.699472
 782.000000 0.650334 272.466375
 783.000000 0.648033 271.402519
 784.000000 0.657214 273.325501
 785.000000 0.646979 271.496788
 786.000000 0.649434 271.761274
 787.000000 0.645725 270.781041
 788.000000 0.647465 272.366097
 789.000000 0.640148 270.317512
 790.000000 0.643119 271.003116
 791.000000 0.636829 268.674621
 792.000000 0.637034 269.259340
 793.000000 0.643796 270.204729
 794.000000 0.648618 272.486546
 795.000000 0.645240 270.949390
 796.000000 0.644375 270.896054
 797.000000 0.649018 273.013164
 798.000000 0.656727 274.567826
 799.000000 0.644896 270.979583
 800.000000 0.646764 271.507034
 801.000000 0.651978 272.741978
 802.000000 0.646664 272.737935
 803.000000 0.638502 269.077324
 804.000000 0.639482 269.569111
 805.000000 0.653033 274.000857
 806.000000 0.648520 272.347318
 807.000000 0.642284 271.091183
 808.000000 0.649344 272.082162
 809.000000 0.651946 273.406594
 810.000000 0.648149 271.541891
 811.000000 0.654359 273.606090
 812.000000 0.648368 271.697493
 813.000000 0.652665 273.188574
 814.000000 0.652915 273.139971
 815.000000 0.652609 272.867711
 816.000000 0.659506 274.610373
 817.000000 0.651385 273.184002
 818.000000 0.647229 272.173261
 819.000000 0.645072 271.473657
 820.000000 0.642961 270.925127
 821.000000 0.649676 272.422057
 822.000000 0.646223 271.492705
 823.000000 0.639226 268.690975
 824.000000 0.644720 270.533670
 825.000000 0.651128 272.484962
 826.000000 0.653932 274.010558
 827.000000 0.647388 272.348504
 828.000000 0.644540 270.792477
 829.000000 0.650064 272.263138
 830.000000 0.654049 273.698634
 831.000000 0.655110 273.319042
 832.000000 0.646220 271.668334
 833.000000 0.650719 273.202636
 834.000000 0.653597 273.708266
 835.000000 0.648421 272.732879
 836.000000 0.656733 274.628944
 837.000000 0.644115 270.704650
 838.000000 0.643896 270.922270
 839.000000 0.645167 270.909326
 840.000000 0.640464 269.680521
 841.000000 0.643422 270.517257
 842.000000 0.635943 268.287373
 843.000000 0.643429 271.155306
 844.000000 0.637564 268.777877
 845.000000 0.634466 267.735613
 846.000000 0.641433 269.378409
 847.000000 0.638111 269.705638
 848.000000 0.641872 270.088420
 849.000000 0.644448 270.859899
 850.000000 0.642208 270.810622
 851.000000 0.652793 273.374840
 852.000000 0.654958 273.704599
 853.000000 0.656160 274.563546
 854.000000 0.647026 272.147850
 855.000000 0.642031 270.149843
 856.000000 0.642003 270.856345
 857.000000 0.646794 272.139302
 858.000000 0.647227 271.925057
 859.000000 0.640434 270.111379
 860.000000 0.643960 271.155701
 861.000000 0.641436 269.735833
 862.000000 0.642843 270.328856
 863.000000 0.643107 270.445147
 864.000000 0.648525 271.687917
 865.000000 0.645940 271.593105
 866.000000 0.637537 268.987417
 867.000000 0.643953 270.575340
 868.000000 0.635196 268.441537
 869.000000 0.642895 269.656840
 870.000000 0.638838 268.047231
 871.000000 0.642416 269.659498
 872.000000 0.640508 269.533900
 873.000000 0.637521 268.023128
 874.000000 0.638015 268.519623
 875.000000 0.635545 267.238367
 876.000000 0.641774 270.448518
 877.000000 0.638115 268.759944
 878.000000 0.643990 269.982835
 879.000000 0.640516 269.006192
 880.000000 0.656571 274.187542
 881.000000 0.642442 270.262040
 882.000000 0.638901 268.299904
 883.000000 0.650344 271.863570
 884.000000 0.641896 269.347295
 885.000000 0.647125 270.586394
 886.000000 0.636352 267.920919
 887.000000 0.642055 269.456964
 888.000000 0.646558 271.179928
 889.000000 0.639759 268.751671
 890.000000 0.645305 270.857734
 891.000000 0.646715 271.685202
 892.000000 0.641602 270.060761
 893.000000 0.644293 271.035167
 894.000000 0.648515 271.657113
 895.000000 0.645808 271.792454
 896.000000 0.647025 272.051391
 897.000000 0.644111 270.700541
 898.000000 0.649182 272.320156
 899.000000 0.650220 272.725183
 900.000000 0.647330 271.827685
 901.000000 0.650803 272.700586
 902.000000 0.647022 271.396697
 903.000000 0.641896 270.338971
 904.000000 0.640033 270.118657
 905.000000 0.643135 270.314334
 906.000000 0.643901 270.959484
 907.000000 0.641959 270.564517
 908.000000 0.646775 271.454775
 909.000000 0.640158 268.966188
 910.000000 0.638888 268.531797
 911.000000 0.651090 272.449168
 912.000000 0.640005 269.456247
 913.000000 0.644850 270.635295
 914.000000 0.643267 271.195263
 915.000000 0.644893 271.671014
 916.000000 0.640148 269.451208
 917.000000 0.648802 271.785624
 918.000000 0.640835 269.658137
 919.000000 0.633358 266.673689
 920.000000 0.643268 270.664928
 921.000000 0.638590 268.722811
 922.000000 0.639602 269.565225
 923.000000 0.639703 269.096887
 924.000000 0.640570 269.243660
 925.000000 0.640167 267.965054
 926.000000 0.641297 269.894354
 927.000000 0.634533 266.567349
 928.000000 0.646776 269.174475
 929.000000 0.635596 266.250741
 930.000000 0.639025 268.288682
 931.000000 0.639819 268.029281
 932.000000 0.647012 271.065790
 933.000000 0.633397 266.375513
 934.000000 0.643603 270.795958
 935.000000 0.646310 270.979974
 936.000000 0.646748 269.837046
 937.000000 0.640828 269.069855
 938.000000 0.635842 267.504187
 939.000000 0.642230 269.360224
 940.000000 0.640189 268.506486
 941.000000 0.640134 270.105873
 942.000000 0.645078 270.363388
 943.000000 0.651213 271.900990
 944.000000 0.647480 271.317247
 945.000000 0.642268 269.446279
 946.000000 0.647633 271.810515
 947.000000 0.644728 269.910883
 948.000000 0.656006 273.423682
 949.000000 0.643878 270.470313
 950.000000 0.651381 272.353253
 951.000000 0.645565 271.942372
 952.000000 0.635719 268.186166
 953.000000 0.640985 269.738961
 954.000000 0.644608 271.132726
 955.000000 0.635466 267.160618
 956.000000 0.634404 266.391563
 957.000000 0.634751 267.924871
 958.000000 0.638576 269.491617
 959.000000 0.643932 270.248537
 960.000000 0.638508 268.161394
 961.000000 0.640789 268.411142
 962.000000 0.638445 268.696332
 963.000000 0.642720 270.464114
 964.000000 0.635364 268.166459
 965.000000 0.632183 266.880721
 966.000000 0.637611 268.066858
 967.000000 0.635101 267.650733
 968.000000 0.638763 266.573052
 969.000000 0.632720 264.954898
 970.000000 0.637674 268.661098
 971.000000 0.644689 269.954078
 972.000000 0.643730 269.168744
 973.000000 0.635099 266.270736
 974.000000 0.631836 266.848659
 975.000000 0.634300 266.730364
 976.000000 0.640716 268.942784
 977.000000 0.644450 270.715481
 978.000000 0.641881 270.397771
 979.000000 0.641249 269.701363
 980.000000 0.642368 270.589267
 981.000000 0.646609 270.942142
 982.000000 0.644963 271.056332
 983.000000 0.642686 270.413557
 984.000000 0.639541 270.173716
 985.000000 0.643235 271.217628
 986.000000 0.647494 271.840937
 987.000000 0.641956 270.228181
 988.000000 0.643219 270.353402
 989.000000 0.648536 272.338421
 990.000000 0.655610 273.921297
 991.000000 0.646585 270.901733
 992.000000 0.637799 268.196711
 993.000000 0.644831 270.873353
 994.000000 0.644276 270.943175
 995.000000 0.646362 271.784455
 996.000000 0.643218 270.868279
 997.000000 0.630160 266.020451
 998.000000 0.638157 267.901489
 999.000000 0.646325 271.954108
 1000.000000 0.638977 269.907855
