#! FIELDS time refcv.mean refcv.morethan
 0.000000 0.490873 128.335759
 1.000000 0.509501 154.713669
 2.000000 0.513227 158.921393
 3.000000 0.523521 172.952342
 4.000000 0.517319 166.660002
 5.000000 0.519176 166.442006
 6.000000 0.520167 168.596365
 7.000000 0.525458 175.319077
 8.000000 0.525095 174.044904
 9.000000 0.522024 170.577278
 10.000000 0.530060 182.569807
 11.000000 0.526953 177.740363
 12.000000 0.524023 173.637955
 13.000000 0.525299 175.476067
 14.000000 0.528361 179.186351
 15.000000 0.532969 187.837826
 16.000000 0.528672 180.430704
 17.000000 0.537483 192.039234
 18.000000 0.542495 197.342376
 19.000000 0.538044 191.347313
 20.000000 0.533075 185.817699
 21.000000 0.523368 173.513374
 22.000000 0.532574 187.225482
 23.000000 0.533178 186.675879
 24.000000 0.527355 178.856103
 25.000000 0.533776 186.055058
 26.000000 0.534149 187.320083
 27.000000 0.529436 181.564402
 28.000000 0.532760 184.939445
 29.000000 0.531283 183.455548
 30.000000 0.526219 176.292819
 31.000000 0.527354 178.523421
 32.000000 0.528179 180.080844
 33.000000 0.536108 187.379168
 34.000000 0.533681 185.896268
 35.000000 0.533943 187.208571
 36.000000 0.531390 182.829302
 37.000000 0.529103 180.948131
 38.000000 0.531120 182.421809
 39.000000 0.535300 188.074343
 40.000000 0.530137 179.752371
 41.000000 0.532009 182.744268
 42.000000 0.532693 184.774318
 43.000000 0.535561 186.119952
 44.000000 0.532593 185.118747
 45.000000 0.538307 191.805913
 46.000000 0.532239 184.066059
 47.000000 0.528571 179.067579
 48.000000 0.535054 188.635257
 49.000000 0.525912 176.446345
 50.000000 0.530039 182.053890
 51.000000 0.526453 177.705211
 52.000000 0.523586 174.012094
 53.000000 0.526373 178.888962
 54.000000 0.530501 182.416829
 55.000000 0.527351 179.508246
 56.000000 0.532662 186.097473
 57.000000 0.530360 182.735039
 58.000000 0.536610 191.736750
 59.000000 0.533627 188.034393
 60.000000 0.530714 184.634178
 61.000000 0.532772 185.819222
 62.000000 0.535320 188.259629
 63.000000 0.527814 179.535003
 64.000000 0.532473 186.206330
 65.000000 0.534735 188.152606
 66.000000 0.529979 183.632213
 67.000000 0.536172 190.166128
 68.000000 0.532692 186.078759
 69.000000 0.530741 182.653569
 70.000000 0.535111 189.383601
 71.000000 0.533110 185.956820
 72.000000 0.530653 181.678989
 73.000000 0.538708 193.007409
 74.000000 0.540092 193.658468
 75.000000 0.525054 176.443599
 76.000000 0.534102 187.017519
 77.000000 0.540976 194.381373
 78.000000 0.538697 190.692147
 79.000000 0.545157 200.352009
 80.000000 0.537117 190.426394
 81.000000 0.538814 194.241688
 82.000000 0.539953 195.513444
 83.000000 0.537913 191.050992
 84.000000 0.537767 191.259985
 85.000000 0.545332 200.423918
 86.000000 0.545760 200.715127
 87.000000 0.550108 205.321551
 88.000000 0.548698 202.870006
 89.000000 0.548936 205.197027
 90.000000 0.549031 203.884047
 91.000000 0.543402 197.905042
 92.000000 0.543847 197.908037
 93.000000 0.547235 202.635121
 94.000000 0.542712 197.913175
 95.000000 0.548601 204.095870
 96.000000 0.555235 211.171798
 97.000000 0.547959 202.026984
 98.000000 0.543854 196.471529
 99.000000 0.546899 201.720281
 100.000000 0.549339 203.891772
 101.000000 0.548547 203.189042
 102.000000 0.546517 199.851067
 103.000000 0.545290 201.552917
 104.000000 0.541424 195.057793
 105.000000 0.540677 194.309715
 106.000000 0.543560 200.315564
 107.000000 0.543989 199.147763
 108.000000 0.545850 202.350864
 109.000000 0.546958 202.663323
 110.000000 0.546665 203.137690
 111.000000 0.548639 205.046859
 112.000000 0.552125 208.083452
 113.000000 0.540377 196.720288
 114.000000 0.543530 196.815655
 115.000000 0.544108 196.393017
 116.000000 0.545156 200.740299
 117.000000 0.545931 201.718196
 118.000000 0.537586 191.540238
 119.000000 0.551233 209.388635
 120.000000 0.551397 207.291676
 121.000000 0.538754 193.722726
 122.000000 0.543475 198.412555
 123.000000 0.545978 202.414815
 124.000000 0.543532 197.851927
 125.000000 0.543464 197.759447
 126.000000 0.544096 200.805330
 127.000000 0.543951 200.206427
 128.000000 0.539357 196.013324
 129.000000 0.547314 203.753487
 130.000000 0.547418 204.192848
 131.000000 0.546975 203.924654
 132.000000 0.545054 202.164322
 133.000000 0.544556 199.785019
 134.000000 0.549438 203.830376
 135.000000 0.544513 199.513746
 136.000000 0.545731 201.113727
 137.000000 0.547644 203.738231
 138.000000 0.532290 186.385963
 139.000000 0.536519 189.436373
 140.000000 0.532175 184.579878
 141.000000 0.542787 199.141479
 142.000000 0.537612 192.074872
 143.000000 0.540896 195.605549
 144.000000 0.535654 189.643643
 145.000000 0.536141 190.362503
 146.000000 0.547334 202.671118
 147.000000 0.544092 199.602448
 148.000000 0.539296 194.553674
 149.000000 0.532906 187.149451
 150.000000 0.540208 195.330528
 151.000000 0.546955 204.511759
 152.000000 0.535861 190.917292
 153.000000 0.549820 207.360515
 154.000000 0.540938 196.892531
 155.000000 0.543347 200.345878
 156.000000 0.544456 199.274336
 157.000000 0.550112 207.413789
 158.000000 0.545088 201.922691
 159.000000 0.543280 197.141010
 160.000000 0.537016 189.443964
 161.000000 0.540395 195.293604
 162.000000 0.537490 193.161589
 163.000000 0.546936 204.356420
 164.000000 0.544945 201.195118
 165.000000 0.546224 201.983387
 166.000000 0.549283 206.528740
 167.000000 0.543917 200.158947
 168.000000 0.541848 198.088814
 169.000000 0.556321 213.068713
 170.000000 0.550857 208.081668
 171.000000 0.543906 198.624411
 172.000000 0.543638 200.623672
 173.000000 0.544161 199.624434
 174.000000 0.544641 201.255833
 175.000000 0.546946 201.880369
 176.000000 0.537739 192.129785
 177.000000 0.552991 210.315273
 178.000000 0.543411 200.042900
 179.000000 0.543895 199.162738
 180.000000 0.546172 202.097510
 181.000000 0.544998 201.100539
 182.000000 0.538065 192.328448
 183.000000 0.547218 205.413285
 184.000000 0.549371 204.948235
 185.000000 0.547788 204.948773
 186.000000 0.541348 197.205721
 187.000000 0.547072 202.306498
 188.000000 0.545829 200.610485
 189.000000 0.546636 201.609191
 190.000000 0.546645 201.835884
 191.000000 0.546098 201.349161
 192.000000 0.549528 205.380478
 193.000000 0.546013 199.447339
 194.000000 0.541309 195.415881
 195.000000 0.546359 201.176072
 196.000000 0.548862 206.875663
 197.000000 0.542539 197.353543
 198.000000 0.550121 206.576564
 199.000000 0.544824 201.539581
 200.000000 0.553283 211.078991
 201.000000 0.545482 202.683200
 202.000000 0.550632 207.225231
 203.000000 0.551253 207.513580
 204.000000 0.551754 209.772117
 205.000000 0.558412 218.215222
 206.000000 0.553991 210.920331
 207.000000 0.550947 208.069971
 208.000000 0.549913 206.153361
 209.000000 0.555534 212.743283
 210.000000 0.561560 217.839651
 211.000000 0.554352 213.564967
 212.000000 0.552025 209.108303
 213.000000 0.556470 215.250283
 214.000000 0.560515 218.596379
 215.000000 0.559142 216.852932
 216.000000 0.559756 217.265805
 217.000000 0.560619 218.078488
 218.000000 0.549909 209.802763
 219.000000 0.555421 213.620034
 220.000000 0.556716 215.888686
 221.000000 0.552358 210.692241
 222.000000 0.555853 213.210442
 223.000000 0.549382 205.872902
 224.000000 0.558082 216.990849
 225.000000 0.554408 212.224788
 226.000000 0.546232 202.689568
 227.000000 0.552380 209.142688
 228.000000 0.548878 205.214253
 229.000000 0.552210 209.119065
 230.000000 0.548964 205.501935
 231.000000 0.538375 194.184173
 232.000000 0.541111 198.600180
 233.000000 0.545576 202.502181
 234.000000 0.535841 191.049483
 235.000000 0.540108 196.789004
 236.000000 0.544761 201.706548
 237.000000 0.546013 203.747445
 238.000000 0.541865 199.731609
 239.000000 0.535184 190.577036
 240.000000 0.552660 209.968077
 241.000000 0.545295 202.318137
 242.000000 0.536726 192.389531
 243.000000 0.546398 203.625055
 244.000000 0.549105 204.494707
 245.000000 0.537457 192.080425
 246.000000 0.544014 200.387570
 247.000000 0.542214 198.041458
 248.000000 0.544512 200.113173
 249.000000 0.545949 202.071194
 250.000000 0.542914 198.466152
 251.000000 0.541809 197.884000
 252.000000 0.546997 204.709215
 253.000000 0.546896 203.912905
 254.000000 0.537333 191.215810
 255.000000 0.547292 202.335829
 256.000000 0.539738 195.462243
 257.000000 0.540283 195.049737
 258.000000 0.542495 198.012389
 259.000000 0.541033 196.652438
 260.000000 0.542968 199.586447
 261.000000 0.538675 191.985168
 262.000000 0.546296 200.977408
 263.000000 0.533410 184.800647
 264.000000 0.540374 195.412557
 265.000000 0.543110 198.265788
 266.000000 0.539739 193.029714
 267.000000 0.540907 194.015196
 268.000000 0.539643 192.372874
 269.000000 0.531975 183.377093
 270.000000 0.538066 190.155791
 271.000000 0.536161 189.445024
 272.000000 0.541315 196.531428
 273.000000 0.538361 192.273584
 274.000000 0.541056 195.597560
 275.000000 0.541594 195.885532
 276.000000 0.545145 200.545623
 277.000000 0.544909 199.435997
 278.000000 0.543333 196.803500
 279.000000 0.542401 195.553829
 280.000000 0.543827 197.237143
 281.000000 0.539782 194.548109
 282.000000 0.547896 201.571154
 283.000000 0.538247 192.100131
 284.000000 0.541873 197.102958
 285.000000 0.542706 197.163736
 286.000000 0.545022 201.423924
 287.000000 0.550214 206.787696
 288.000000 0.542667 198.543794
 289.000000 0.547476 204.321417
 290.000000 0.544775 200.259645
 291.000000 0.551885 206.592106
 292.000000 0.548885 204.323846
 293.000000 0.552833 207.953846
 294.000000 0.551933 205.815315
 295.000000 0.548301 203.677886
 296.000000 0.550322 205.753116
 297.000000 0.550022 205.273754
 298.000000 0.549288 203.087009
 299.000000 0.551326 206.580780
 300.000000 0.546039 201.186980
 301.000000 0.539829 195.362375
 302.000000 0.550577 205.422025
 303.000000 0.546747 204.372247
 304.000000 0.546488 202.633378
 305.000000 0.545769 200.998597
 306.000000 0.545675 201.239101
 307.000000 0.540409 194.971469
 308.000000 0.548858 205.127333
 309.000000 0.544950 199.153812
 310.000000 0.548130 202.719731
 311.000000 0.548701 205.660514
 312.000000 0.547428 204.150104
 313.000000 0.553225 208.810306
 314.000000 0.541074 196.905691
 315.000000 0.544633 198.891265
 316.000000 0.548373 205.632826
 317.000000 0.544112 200.713851
 318.000000 0.542133 196.699745
 319.000000 0.541022 195.841646
 320.000000 0.539594 194.809221
 321.000000 0.546374 202.246135
 322.000000 0.539728 196.581750
 323.000000 0.541180 195.825502
 324.000000 0.536518 192.092464
 325.000000 0.538721 192.841567
 326.000000 0.534550 187.311465
 327.000000 0.549530 204.653188
 328.000000 0.543731 198.721661
 329.000000 0.543038 197.132071
 330.000000 0.547646 203.286840
 331.000000 0.542505 197.080456
 332.000000 0.545672 201.258328
 333.000000 0.544181 199.985278
 334.000000 0.536980 191.758922
 335.000000 0.537074 190.183603
 336.000000 0.535324 189.166440
 337.000000 0.538744 191.171157
 338.000000 0.537895 191.460921
 339.000000 0.540964 192.565102
 340.000000 0.535683 188.336574
 341.000000 0.538141 192.994235
 342.000000 0.534821 188.130237
 343.000000 0.537194 188.043086
 344.000000 0.542438 195.958528
 345.000000 0.543284 199.351882
 346.000000 0.541542 197.207018
 347.000000 0.541865 197.529555
 348.000000 0.549103 206.087648
 349.000000 0.558140 215.573936
 350.000000 0.560183 218.156425
 351.000000 0.547744 206.084940
 352.000000 0.547005 202.305868
 353.000000 0.540398 196.598630
 354.000000 0.543215 199.285665
 355.000000 0.541876 198.426235
 356.000000 0.547469 205.114923
 357.000000 0.544263 202.330935
 358.000000 0.540115 194.939121
 359.000000 0.539899 196.395707
 360.000000 0.540747 194.732527
 361.000000 0.547377 202.060629
 362.000000 0.552959 210.099192
 363.000000 0.541545 196.404386
 364.000000 0.545901 201.937235
 365.000000 0.549188 205.462960
 366.000000 0.544102 197.549844
 367.000000 0.549388 202.583799
 368.000000 0.547462 204.351106
 369.000000 0.536640 190.834928
 370.000000 0.548847 203.623436
 371.000000 0.536221 190.412708
 372.000000 0.539959 194.065556
 373.000000 0.543746 200.513947
 374.000000 0.546231 202.489688
 375.000000 0.539740 195.649751
 376.000000 0.550523 207.820889
 377.000000 0.540290 193.518839
 378.000000 0.544311 200.476208
 379.000000 0.542743 199.608913
 380.000000 0.547629 203.469308
 381.000000 0.545304 201.560620
 382.000000 0.548240 203.860093
 383.000000 0.544396 199.653837
 384.000000 0.548474 204.219074
 385.000000 0.552841 210.553016
 386.000000 0.557490 215.046171
 387.000000 0.550097 206.140874
 388.000000 0.546500 204.266270
 389.000000 0.555134 211.878633
 390.000000 0.548583 204.290703
 391.000000 0.542885 198.825245
 392.000000 0.543004 199.030873
 393.000000 0.537447 193.612916
 394.000000 0.539397 195.656873
 395.000000 0.542628 198.491378
 396.000000 0.539059 194.499600
 397.000000 0.540290 196.320415
 398.000000 0.550356 208.713260
 399.000000 0.543376 199.458979
 400.000000 0.545266 200.426552
 401.000000 0.551920 208.703150
 402.000000 0.536768 191.695832
 403.000000 0.540968 196.632733
 404.000000 0.546302 203.422435
 405.000000 0.539404 193.290556
 406.000000 0.537876 192.954579
 407.000000 0.538228 192.764320
 408.000000 0.542203 196.970057
 409.000000 0.547150 202.759167
 410.000000 0.545458 199.260898
 411.000000 0.539689 192.762903
 412.000000 0.546876 203.927785
 413.000000 0.546901 202.657833
 414.000000 0.543959 198.583460
 415.000000 0.544608 199.125027
 416.000000 0.546116 200.786932
 417.000000 0.543822 197.029137
 418.000000 0.550199 205.527187
 419.000000 0.545643 201.191833
 420.000000 0.541893 196.257662
 421.000000 0.539558 193.745840
 422.000000 0.538389 191.301976
 423.000000 0.538602 193.079603
 424.000000 0.539059 192.375289
 425.000000 0.532531 183.815926
 426.000000 0.530489 182.828874
 427.000000 0.533365 185.999196
 428.000000 0.532621 185.452205
 429.000000 0.537384 188.634892
 430.000000 0.537750 191.132521
 431.000000 0.536356 189.596413
 432.000000 0.544684 199.919390
 433.000000 0.543547 198.604686
 434.000000 0.539437 195.093569
 435.000000 0.534137 187.081100
 436.000000 0.540694 195.179901
 437.000000 0.540239 194.258146
 438.000000 0.541607 195.311047
 439.000000 0.541427 196.178879
 440.000000 0.544715 200.117778
 441.000000 0.549919 205.885203
 442.000000 0.542274 198.164074
 443.000000 0.548543 205.035472
 444.000000 0.544563 198.594908
 445.000000 0.544117 199.541485
 446.000000 0.531446 183.544225
 447.000000 0.540690 195.794596
 448.000000 0.550208 205.839583
 449.000000 0.543579 198.981522
 450.000000 0.544207 198.964508
 451.000000 0.538338 192.807479
 452.000000 0.544499 200.627074
 453.000000 0.543120 198.822222
 454.000000 0.546279 202.032361
 455.000000 0.546254 201.928609
 456.000000 0.546533 201.173869
 457.000000 0.546975 202.225409
 458.000000 0.549060 204.475061
 459.000000 0.547296 201.043382
 460.000000 0.553515 209.629641
 461.000000 0.555137 212.441706
 462.000000 0.548317 203.945998
 463.000000 0.541307 196.197461
 464.000000 0.544954 198.599189
 465.000000 0.542972 197.672242
 466.000000 0.545883 202.214435
 467.000000 0.545306 199.764405
 468.000000 0.542067 197.010515
 469.000000 0.537589 193.082376
 470.000000 0.535357 188.718320
 471.000000 0.542286 197.939852
 472.000000 0.543827 199.387747
 473.000000 0.541334 195.469940
 474.000000 0.539927 195.120598
 475.000000 0.539127 195.135006
 476.000000 0.532017 186.179480
 477.000000 0.538086 192.934807
 478.000000 0.544115 199.967232
 479.000000 0.541806 196.808582
 480.000000 0.535721 190.981982
 481.000000 0.541389 197.500610
 482.000000 0.541102 196.672940
 483.000000 0.537440 191.259678
 484.000000 0.539602 195.460641
 485.000000 0.547908 203.248918
 486.000000 0.534846 188.496342
 487.000000 0.537279 191.501235
 488.000000 0.543485 200.452921
 489.000000 0.539376 196.030932
 490.000000 0.540218 196.287966
 491.000000 0.542560 199.332565
 492.000000 0.542873 198.291567
 493.000000 0.543556 199.751593
 494.000000 0.539292 193.285217
 495.000000 0.542330 196.587018
 496.000000 0.536899 192.033028
 497.000000 0.545693 201.369734
 498.000000 0.546986 202.700292
 499.000000 0.557640 215.084835
 500.000000 0.543087 199.806296
 501.000000 0.539187 193.762539
 502.000000 0.552681 210.177061
 503.000000 0.553196 209.628671
 504.000000 0.550307 207.587229
 505.000000 0.538766 194.307907
 506.000000 0.543031 199.276517
 507.000000 0.543775 199.560223
 508.000000 0.538415 193.707138
 509.000000 0.543868 202.395265
 510.000000 0.543673 200.452416
 511.000000 0.539332 194.376198
 512.000000 0.539798 194.946122
 513.000000 0.537337 193.450584
 514.000000 0.538706 192.648923
 515.000000 0.534524 188.571331
 516.000000 0.550581 206.223410
 517.000000 0.543017 199.723887
 518.000000 0.543524 199.823684
 519.000000 0.555198 211.960134
 520.000000 0.555414 212.318486
 521.000000 0.546879 202.396547
 522.000000 0.543604 200.306746
 523.000000 0.546560 203.007040
 524.000000 0.546349 202.243343
 525.000000 0.550974 208.255584
 526.000000 0.549514 206.305616
 527.000000 0.542560 197.516364
 528.000000 0.549032 204.920577
 529.000000 0.555821 212.572445
 530.000000 0.546835 203.126200
 531.000000 0.548664 204.584010
 532.000000 0.545045 200.547134
 533.000000 0.553921 209.884772
 534.000000 0.540685 195.401685
 535.000000 0.548822 204.815689
 536.000000 0.549551 203.744355
 537.000000 0.546968 201.318101
 538.000000 0.547287 202.694373
 539.000000 0.543125 198.429423
 540.000000 0.542314 197.078682
 541.000000 0.542536 197.919119
 542.000000 0.550886 205.501388
 543.000000 0.553739 209.373819
 544.000000 0.542626 197.552139
 545.000000 0.536880 187.766614
 546.000000 0.538777 191.617254
 547.000000 0.540464 193.335275
 548.000000 0.535478 188.951539
 549.000000 0.545186 200.276583
 550.000000 0.543132 197.120362
 551.000000 0.540963 193.542133
 552.000000 0.534200 186.050468
 553.000000 0.539168 192.563766
 554.000000 0.540069 192.726218
 555.000000 0.537106 191.688719
 556.000000 0.547357 200.687205
 557.000000 0.536803 190.197384
 558.000000 0.541384 195.139346
 559.000000 0.540512 195.007865
 560.000000 0.540642 193.855256
 561.000000 0.537403 192.602308
 562.000000 0.543333 197.213566
 563.000000 0.541602 196.590838
 564.000000 0.549377 204.715837
 565.000000 0.541646 195.800899
 566.000000 0.536720 189.965604
 567.000000 0.539777 193.752709
 568.000000 0.527364 177.897661
 569.000000 0.535134 187.941825
 570.000000 0.541380 194.719120
 571.000000 0.533122 184.865899
 572.000000 0.546432 200.562961
 573.000000 0.540361 193.148739
 574.000000 0.535428 188.704316
 575.000000 0.531222 183.012210
 576.000000 0.530622 183.182073
 577.000000 0.536630 191.000994
 578.000000 0.529348 180.812362
 579.000000 0.532634 184.150182
 580.000000 0.526107 174.473382
 581.000000 0.535709 188.065916
 582.000000 0.534161 185.695778
 583.000000 0.525513 176.741250
 584.000000 0.527945 178.454720
 585.000000 0.528353 179.765578
 586.000000 0.529501 179.516918
 587.000000 0.533441 185.698053
 588.000000 0.530749 181.771558
 589.000000 0.529535 181.881025
 590.000000 0.528010 179.331021
 591.000000 0.533364 186.587280
 592.000000 0.524684 176.517565
 593.000000 0.530873 183.536165
 594.000000 0.530412 181.306027
 595.000000 0.526656 177.617488
 596.000000 0.531695 183.797272
 597.000000 0.533200 188.345888
 598.000000 0.531776 183.736523
 599.000000 0.532261 183.460541
 600.000000 0.533790 186.117637
 601.000000 0.529531 180.621875
 602.000000 0.535709 189.548232
 603.000000 0.532077 184.257447
 604.000000 0.529252 181.557284
 605.000000 0.527423 178.860884
 606.000000 0.525795 175.630973
 607.000000 0.530577 183.408665
 608.000000 0.525615 175.994384
 609.000000 0.531211 183.105917
 610.000000 0.527667 180.031610
 611.000000 0.532878 186.151692
 612.000000 0.537246 191.054260
 613.000000 0.525870 176.965087
 614.000000 0.526509 178.808575
 615.000000 0.535762 189.525581
 616.000000 0.532834 184.881141
 617.000000 0.529986 183.564141
 618.000000 0.526440 177.179247
 619.000000 0.530042 184.421057
 620.000000 0.528417 180.690253
 621.000000 0.529972 180.900368
 622.000000 0.526037 176.538025
 623.000000 0.527419 178.253063
 624.000000 0.531515 182.917104
 625.000000 0.536431 189.367300
 626.000000 0.534032 187.963668
 627.000000 0.533968 185.668002
 628.000000 0.526633 177.622621
 629.000000 0.538703 192.117554
 630.000000 0.538568 191.960622
 631.000000 0.535089 187.594351
 632.000000 0.541621 196.633435
 633.000000 0.541469 194.996042
 634.000000 0.540312 194.590339
 635.000000 0.542548 196.947535
 636.000000 0.537167 192.020224
 637.000000 0.537816 190.866586
 638.000000 0.549330 204.480733
 639.000000 0.543232 199.752463
 640.000000 0.539281 191.256171
 641.000000 0.545421 200.527659
 642.000000 0.545411 199.469318
 643.000000 0.535759 189.983144
 644.000000 0.541306 195.159901
 645.000000 0.539881 192.910688
 646.000000 0.535840 189.230911
 647.000000 0.544053 199.105353
 648.000000 0.542381 196.940523
 649.000000 0.543195 196.098623
 650.000000 0.547650 202.202743
 651.000000 0.540000 194.724249
 652.000000 0.552490 209.879663
 653.000000 0.550468 205.890207
 654.000000 0.549350 205.625373
 655.000000 0.546940 201.296279
 656.000000 0.549038 204.518317
 657.000000 0.547228 203.031601
 658.000000 0.548130 202.297600
 659.000000 0.546424 199.342949
 660.000000 0.548519 202.510225
 661.000000 0.552589 207.393574
 662.000000 0.545891 200.667963
 663.000000 0.552474 208.303647
 664.000000 0.541509 194.242300
 665.000000 0.540431 194.035050
 666.000000 0.548005 205.117425
 667.000000 0.541420 195.934325
 668.000000 0.541005 194.789470
 669.000000 0.534434 188.176093
 670.000000 0.536875 189.638689
 671.000000 0.536906 189.208775
 672.000000 0.539706 193.518916
 673.000000 0.542693 197.500878
 674.000000 0.538090 189.939328
 675.000000 0.535644 189.704680
 676.000000 0.530916 183.479667
 677.000000 0.535730 189.644027
 678.000000 0.535301 188.655858
 679.000000 0.547298 203.841884
 680.000000 0.533830 186.971541
 681.000000 0.537842 191.511662
 682.000000 0.536108 190.721791
 683.000000 0.532171 184.568374
 684.000000 0.535736 189.808206
 685.000000 0.541314 196.860515
 686.000000 0.536791 190.202969
 687.000000 0.533544 188.179949
 688.000000 0.531201 184.182945
 689.000000 0.536927 191.342363
 690.000000 0.527211 178.691859
 691.000000 0.521157 171.515644
 692.000000 0.528424 180.700413
 693.000000 0.532514 185.437504
 694.000000 0.533182 185.245573
 695.000000 0.531916 184.105758
 696.000000 0.533163 186.266971
 697.000000 0.532684 184.889975
 698.000000 0.529486 180.170483
 699.000000 0.529624 181.412834
 700.000000 0.538284 190.339357
 701.000000 0.534151 188.329312
 702.000000 0.529591 180.500966
 703.000000 0.536213 189.537706
 704.000000 0.535198 188.881210
 705.000000 0.538977 192.377187
 706.000000 0.526879 178.041655
 707.000000 0.527308 179.013097
 708.000000 0.530077 181.035842
 709.000000 0.532479 184.458605
 710.000000 0.535635 188.920014
 711.000000 0.535064 187.652329
 712.000000 0.539830 193.333596
 713.000000 0.538597 189.210241
 714.000000 0.536357 189.109505
 715.000000 0.538929 193.177604
 716.000000 0.530984 184.043931
 717.000000 0.540689 195.237529
 718.000000 0.530649 182.797076
 719.000000 0.533222 186.067295
 720.000000 0.532851 183.272000
 721.000000 0.530906 181.876099
 722.000000 0.531502 182.174630
 723.000000 0.538226 191.461925
 724.000000 0.536427 189.493645
 725.000000 0.539087 191.101491
 726.000000 0.535145 186.460367
 727.000000 0.527315 177.022613
 728.000000 0.527091 177.460485
 729.000000 0.529174 180.169187
 730.000000 0.523591 172.604583
 731.000000 0.522548 171.848745
 732.000000 0.536646 189.348008
 733.000000 0.537846 190.389010
 734.000000 0.533002 184.882447
 735.000000 0.531975 183.216478
 736.000000 0.537960 191.427939
 737.000000 0.536848 191.181248
 738.000000 0.528829 180.220816
 739.000000 0.535954 187.267753
 740.000000 0.526222 176.798316
 741.000000 0.544987 198.125243
 742.000000 0.528831 180.076961
 743.000000 0.535042 188.319627
 744.000000 0.537848 192.530760
 745.000000 0.533673 186.910026
 746.000000 0.538020 190.916710
 747.000000 0.534255 185.413673
 748.000000 0.537143 191.145157
 749.000000 0.541351 194.804205
 750.000000 0.544731 199.771958
 751.000000 0.540512 194.058258
 752.000000 0.542879 198.204318
 753.000000 0.534787 185.185163
 754.000000 0.538847 193.286060
 755.000000 0.537322 187.200036
 756.000000 0.543090 197.067548
 757.000000 0.533209 184.222425
 758.000000 0.536594 188.856975
 759.000000 0.541953 195.918118
 760.000000 0.546040 200.846854
 761.000000 0.540190 194.174898
 762.000000 0.550232 207.345131
 763.000000 0.539575 192.406014
 764.000000 0.537754 190.747573
 765.000000 0.538407 192.722560
 766.000000 0.535740 189.412024
 767.000000 0.534473 188.824574
 768.000000 0.550416 207.793104
 769.000000 0.531073 183.581837
 770.000000 0.545596 200.058563
 771.000000 0.546245 201.066819
 772.000000 0.546876 200.396671
 773.000000 0.539237 191.846047
 774.000000 0.540044 193.967338
 775.000000 0.534180 186.066998
 776.000000 0.537181 191.953880
 777.000000 0.541627 195.058335
 778.000000 0.543535 199.217707
 779.000000 0.543110 198.666428
 780.000000 0.548641 206.201509
 781.000000 0.550199 206.259286
 782.000000 0.549001 205.545117
 783.000000 0.546988 202.852113
 784.000000 0.554077 209.778624
 785.000000 0.545292 202.235632
 786.000000 0.547745 204.780906
 787.000000 0.544320 199.560903
 788.000000 0.545196 202.308953
 789.000000 0.537868 193.919038
 790.000000 0.542701 199.446161
 791.000000 0.536082 191.303505
 792.000000 0.536256 192.096894
 793.000000 0.544220 199.043986
 794.000000 0.547085 204.402830
 795.000000 0.544263 199.643037
 796.000000 0.543188 199.827761
 797.000000 0.547298 205.068356
 798.000000 0.553314 211.190125
 799.000000 0.543159 198.499251
 800.000000 0.545667 201.936249
 801.000000 0.550651 206.387565
 802.000000 0.544360 203.140429
 803.000000 0.537457 192.405774
 804.000000 0.539177 194.268481
 805.000000 0.551138 209.742697
 806.000000 0.546809 202.532808
 807.000000 0.540565 197.314927
 808.000000 0.547873 203.973447
 809.000000 0.548498 205.936892
 810.000000 0.548922 204.657657
 811.000000 0.551493 207.878704
 812.000000 0.548088 202.828947
 813.000000 0.551573 207.894011
 814.000000 0.551405 208.891088
 815.000000 0.551619 208.071183
 816.000000 0.557605 213.551928
 817.000000 0.550049 208.874526
 818.000000 0.545694 203.633607
 819.000000 0.543848 200.351312
 820.000000 0.542299 198.846457
 821.000000 0.546919 203.224249
 822.000000 0.544606 201.006564
 823.000000 0.537839 192.119032
 824.000000 0.544107 200.274630
 825.000000 0.548949 204.664985
 826.000000 0.550091 208.155187
 827.000000 0.544919 201.810417
 828.000000 0.543642 198.909854
 829.000000 0.546560 202.181931
 830.000000 0.551229 208.788217
 831.000000 0.552670 207.691261
 832.000000 0.544625 201.739028
 833.000000 0.548710 206.233668
 834.000000 0.551111 208.987226
 835.000000 0.545557 202.998043
 836.000000 0.552987 210.511888
 837.000000 0.542445 198.353302
 838.000000 0.542606 198.470985
 839.000000 0.544285 199.635202
 840.000000 0.539352 194.670503
 841.000000 0.540868 197.212535
 842.000000 0.535714 190.633706
 843.000000 0.541371 198.214160
 844.000000 0.536201 190.888534
 845.000000 0.534110 188.657731
 846.000000 0.540151 194.386693
 847.000000 0.536862 193.166392
 848.000000 0.540533 196.604833
 849.000000 0.543065 198.966697
 850.000000 0.542302 198.565445
 851.000000 0.549896 207.510448
 852.000000 0.552083 209.374600
 853.000000 0.553206 211.241582
 854.000000 0.545137 202.261206
 855.000000 0.540229 194.776730
 856.000000 0.540717 197.894887
 857.000000 0.544502 201.434110
 858.000000 0.546551 203.480103
 859.000000 0.539159 195.081877
 860.000000 0.542589 199.295971
 861.000000 0.540959 195.262816
 862.000000 0.541809 197.204956
 863.000000 0.543661 199.732141
 864.000000 0.547295 203.093680
 865.000000 0.545597 201.056713
 866.000000 0.537485 193.075212
 867.000000 0.543541 198.505835
 868.000000 0.534734 189.333263
 869.000000 0.542080 196.465956
 870.000000 0.538310 192.132037
 871.000000 0.541139 196.454241
 872.000000 0.539072 193.693332
 873.000000 0.536916 190.328304
 874.000000 0.538790 193.537730
 875.000000 0.535763 189.382374
 876.000000 0.539925 196.310253
 877.000000 0.537447 191.979941
 878.000000 0.543203 198.649119
 879.000000 0.540565 196.042213
 880.000000 0.554453 212.023666
 881.000000 0.540778 196.315761
 882.000000 0.538211 191.827116
 883.000000 0.550513 205.141758
 884.000000 0.542212 197.038033
 885.000000 0.547098 201.624850
 886.000000 0.535979 190.743453
 887.000000 0.543025 197.026273
 888.000000 0.545998 201.972182
 889.000000 0.539849 194.593607
 890.000000 0.544447 200.100661
 891.000000 0.546347 202.781958
 892.000000 0.542224 197.409618
 893.000000 0.543994 200.161058
 894.000000 0.547807 204.303711
 895.000000 0.543959 201.517576
 896.000000 0.545751 203.885178
 897.000000 0.542024 197.911321
 898.000000 0.547180 203.794206
 899.000000 0.548619 206.450856
 900.000000 0.544981 201.871780
 901.000000 0.549079 206.505857
 902.000000 0.545525 200.835475
 903.000000 0.540488 197.073379
 904.000000 0.537440 193.347773
 905.000000 0.541001 196.966019
 906.000000 0.543317 199.894654
 907.000000 0.542808 198.480501
 908.000000 0.545968 202.548961
 909.000000 0.540471 195.386416
 910.000000 0.537081 192.727543
 911.000000 0.549053 205.420502
 912.000000 0.538858 193.579484
 913.000000 0.543900 199.480289
 914.000000 0.540312 197.374997
 915.000000 0.542028 199.327308
 916.000000 0.539163 194.508056
 917.000000 0.547239 203.302520
 918.000000 0.539561 194.156343
 919.000000 0.533120 185.759374
 920.000000 0.541583 198.565993
 921.000000 0.539335 193.967480
 922.000000 0.540108 195.230438
 923.000000 0.539617 193.924617
 924.000000 0.540792 195.503191
 925.000000 0.539576 193.273528
 926.000000 0.541826 197.029759
 927.000000 0.534930 187.911227
 928.000000 0.546680 199.689976
 929.000000 0.536636 190.113648
 930.000000 0.539521 194.372427
 931.000000 0.540861 194.573803
 932.000000 0.546848 201.863150
 933.000000 0.533958 188.167023
 934.000000 0.543884 200.514875
 935.000000 0.546625 202.201633
 936.000000 0.546791 201.157252
 937.000000 0.540415 194.276162
 938.000000 0.536527 190.305558
 939.000000 0.542770 197.866300
 940.000000 0.541047 195.431332
 941.000000 0.539303 196.324122
 942.000000 0.544610 199.740590
 943.000000 0.550487 205.157698
 944.000000 0.547734 203.440358
 945.000000 0.542897 198.270481
 946.000000 0.547660 204.435302
 947.000000 0.544940 198.931160
 948.000000 0.554276 209.975376
 949.000000 0.544010 199.576867
 950.000000 0.549478 205.447865
 951.000000 0.544690 202.304813
 952.000000 0.536658 191.363586
 953.000000 0.540815 195.793579
 954.000000 0.542126 199.476373
 955.000000 0.535655 188.897903
 956.000000 0.534947 188.076493
 957.000000 0.534333 188.453596
 958.000000 0.538912 195.024264
 959.000000 0.542338 197.749909
 960.000000 0.539625 192.583626
 961.000000 0.541249 194.098150
 962.000000 0.539112 193.161941
 963.000000 0.542204 198.923415
 964.000000 0.535774 190.081039
 965.000000 0.533071 187.122867
 966.000000 0.537436 191.228211
 967.000000 0.536202 189.807441
 968.000000 0.540412 191.903824
 969.000000 0.534406 185.701556
 970.000000 0.537628 192.154280
 971.000000 0.544524 199.610153
 972.000000 0.543922 198.592698
 973.000000 0.537436 189.130571
 974.000000 0.533294 187.029623
 975.000000 0.536028 188.220183
 976.000000 0.540991 195.414202
 977.000000 0.544737 200.077517
 978.000000 0.541944 198.377456
 979.000000 0.540452 195.030582
 980.000000 0.543069 199.109243
 981.000000 0.546992 202.577972
 982.000000 0.544500 200.442307
 983.000000 0.542602 199.218714
 984.000000 0.539797 196.341291
 985.000000 0.541946 199.254266
 986.000000 0.547563 204.059924
 987.000000 0.542364 198.456549
 988.000000 0.542757 198.499129
 989.000000 0.547095 203.988922
 990.000000 0.553145 210.161966
 991.000000 0.546913 202.554183
 992.000000 0.537905 192.255287
 993.000000 0.544444 200.521078
 994.000000 0.542187 197.723695
 995.000000 0.545958 202.367568
 996.000000 0.541934 198.695636
 997.000000 0.531077 183.860097
 998.000000 0.537538 190.859130
 999.000000 0.545002 201.784877
 1000.000000 0.538717 195.159615
