#! FIELDS time refcv.mean refcv.morethan
 0.000000 0.805658 286.719683
 1.000000 0.837847 287.199359
 2.000000 0.847589 287.310666
 3.000000 0.857805 287.379068
 4.000000 0.855284 287.409973
 5.000000 0.852704 287.337082
 6.000000 0.857024 287.394418
 7.000000 0.868918 287.514795
 8.000000 0.860372 287.411703
 9.000000 0.860468 287.455094
 10.000000 0.868776 287.520131
 11.000000 0.861422 287.482898
 12.000000 0.859848 287.453577
 13.000000 0.862339 287.471427
 14.000000 0.866369 287.503837
 15.000000 0.872846 287.574699
 16.000000 0.867376 287.514067
 17.000000 0.886171 287.639216
 18.000000 0.883784 287.625592
 19.000000 0.880176 287.602184
 20.000000 0.868585 287.536273
 21.000000 0.859947 287.450433
 22.000000 0.872028 287.566391
 23.000000 0.869438 287.550192
 24.000000 0.862116 287.481785
 25.000000 0.871978 287.536373
 26.000000 0.875355 287.573403
 27.000000 0.866152 287.512174
 28.000000 0.870586 287.535011
 29.000000 0.869456 287.549473
 30.000000 0.859952 287.469349
 31.000000 0.862413 287.477168
 32.000000 0.864334 287.507668
 33.000000 0.875112 287.557047
 34.000000 0.872852 287.531829
 35.000000 0.874072 287.556745
 36.000000 0.867767 287.507251
 37.000000 0.868920 287.509130
 38.000000 0.865604 287.505218
 39.000000 0.874857 287.544698
 40.000000 0.870319 287.507704
 41.000000 0.873329 287.520196
 42.000000 0.870995 287.529609
 43.000000 0.878391 287.576833
 44.000000 0.873606 287.569134
 45.000000 0.882954 287.595035
 46.000000 0.875260 287.568275
 47.000000 0.870514 287.509022
 48.000000 0.879807 287.587224
 49.000000 0.862086 287.473069
 50.000000 0.871778 287.513193
 51.000000 0.863891 287.490619
 52.000000 0.862967 287.485192
 53.000000 0.868253 287.537614
 54.000000 0.867869 287.520876
 55.000000 0.868116 287.536403
 56.000000 0.877060 287.591343
 57.000000 0.872327 287.554956
 58.000000 0.875891 287.594805
 59.000000 0.878163 287.604102
 60.000000 0.875731 287.591499
 61.000000 0.876196 287.586824
 62.000000 0.876037 287.576524
 63.000000 0.869962 287.509101
 64.000000 0.875384 287.550456
 65.000000 0.880578 287.594828
 66.000000 0.869258 287.529563
 67.000000 0.879717 287.608049
 68.000000 0.873954 287.563625
 69.000000 0.873212 287.547708
 70.000000 0.882901 287.629969
 71.000000 0.878071 287.600245
 72.000000 0.872777 287.564381
 73.000000 0.881644 287.608050
 74.000000 0.882266 287.601774
 75.000000 0.862580 287.501228
 76.000000 0.874731 287.578262
 77.000000 0.878546 287.596415
 78.000000 0.880820 287.601222
 79.000000 0.888436 287.652041
 80.000000 0.875785 287.574590
 81.000000 0.885496 287.629387
 82.000000 0.886149 287.648148
 83.000000 0.880085 287.604640
 84.000000 0.880778 287.624433
 85.000000 0.890033 287.659335
 86.000000 0.892479 287.673119
 87.000000 0.894731 287.688620
 88.000000 0.894881 287.679644
 89.000000 0.892285 287.679718
 90.000000 0.891164 287.665864
 91.000000 0.884850 287.624644
 92.000000 0.890912 287.648637
 93.000000 0.893817 287.675482
 94.000000 0.887676 287.655185
 95.000000 0.896620 287.688506
 96.000000 0.904503 287.722738
 97.000000 0.891232 287.669695
 98.000000 0.882450 287.625472
 99.000000 0.895040 287.673117
 100.000000 0.897110 287.679206
 101.000000 0.896991 287.675809
 102.000000 0.892230 287.659414
 103.000000 0.894439 287.669473
 104.000000 0.885522 287.633996
 105.000000 0.884773 287.624930
 106.000000 0.890849 287.664755
 107.000000 0.889974 287.657017
 108.000000 0.891047 287.667310
 109.000000 0.894083 287.680077
 110.000000 0.896086 287.689014
 111.000000 0.891854 287.675945
 112.000000 0.903990 287.717916
 113.000000 0.890359 287.671116
 114.000000 0.891553 287.648297
 115.000000 0.887357 287.620636
 116.000000 0.893950 287.663862
 117.000000 0.892578 287.676820
 118.000000 0.880990 287.596452
 119.000000 0.901433 287.719714
 120.000000 0.903927 287.718754
 121.000000 0.887053 287.634282
 122.000000 0.892602 287.666479
 123.000000 0.897832 287.695157
 124.000000 0.889651 287.648760
 125.000000 0.889053 287.650259
 126.000000 0.888816 287.664767
 127.000000 0.895941 287.688374
 128.000000 0.892404 287.677301
 129.000000 0.897310 287.685427
 130.000000 0.898026 287.680279
 131.000000 0.900821 287.704697
 132.000000 0.895990 287.685249
 133.000000 0.890506 287.640146
 134.000000 0.899705 287.679307
 135.000000 0.892732 287.677746
 136.000000 0.894143 287.674061
 137.000000 0.900234 287.703651
 138.000000 0.879619 287.611851
 139.000000 0.882944 287.613804
 140.000000 0.877214 287.587231
 141.000000 0.895313 287.693732
 142.000000 0.888554 287.656635
 143.000000 0.889767 287.656758
 144.000000 0.881698 287.611915
 145.000000 0.883223 287.614994
 146.000000 0.897014 287.688592
 147.000000 0.895724 287.686168
 148.000000 0.887103 287.647595
 149.000000 0.880127 287.617852
 150.000000 0.892051 287.673144
 151.000000 0.902981 287.723654
 152.000000 0.882744 287.615332
 153.000000 0.906045 287.728296
 154.000000 0.891388 287.661814
 155.000000 0.894934 287.688446
 156.000000 0.893617 287.667024
 157.000000 0.901936 287.716741
 158.000000 0.897747 287.697881
 159.000000 0.894231 287.661244
 160.000000 0.882868 287.616370
 161.000000 0.888229 287.649009
 162.000000 0.887700 287.659310
 163.000000 0.899764 287.709084
 164.000000 0.897126 287.696931
 165.000000 0.896682 287.692597
 166.000000 0.900978 287.712799
 167.000000 0.895693 287.694424
 168.000000 0.887378 287.661434
 169.000000 0.904787 287.719624
 170.000000 0.901039 287.703805
 171.000000 0.893308 287.676662
 172.000000 0.893029 287.686675
 173.000000 0.893274 287.681409
 174.000000 0.890157 287.674945
 175.000000 0.892294 287.661486
 176.000000 0.883323 287.634480
 177.000000 0.906291 287.737510
 178.000000 0.890729 287.667481
 179.000000 0.890117 287.654272
 180.000000 0.894928 287.680670
 181.000000 0.894108 287.681376
 182.000000 0.884876 287.626968
 183.000000 0.901789 287.720699
 184.000000 0.902477 287.711484
 185.000000 0.896132 287.702884
 186.000000 0.891408 287.669037
 187.000000 0.897065 287.690671
 188.000000 0.894246 287.677043
 189.000000 0.899504 287.707271
 190.000000 0.898315 287.698658
 191.000000 0.897248 287.681939
 192.000000 0.903531 287.721025
 193.000000 0.897443 287.675588
 194.000000 0.889034 287.641966
 195.000000 0.896285 287.682697
 196.000000 0.901956 287.724222
 197.000000 0.892010 287.670118
 198.000000 0.900406 287.713734
 199.000000 0.897403 287.693250
 200.000000 0.906545 287.734682
 201.000000 0.896437 287.693746
 202.000000 0.902152 287.719964
 203.000000 0.898829 287.701973
 204.000000 0.905215 287.731974
 205.000000 0.914900 287.770136
 206.000000 0.904097 287.727268
 207.000000 0.902285 287.723853
 208.000000 0.895181 287.695062
 209.000000 0.908704 287.747443
 210.000000 0.911335 287.752369
 211.000000 0.905790 287.743369
 212.000000 0.903315 287.727249
 213.000000 0.913890 287.768396
 214.000000 0.915502 287.771536
 215.000000 0.913625 287.764939
 216.000000 0.912920 287.757075
 217.000000 0.912376 287.755536
 218.000000 0.901077 287.722999
 219.000000 0.910739 287.749299
 220.000000 0.909571 287.747314
 221.000000 0.906904 287.742875
 222.000000 0.909246 287.748407
 223.000000 0.897407 287.701137
 224.000000 0.909511 287.756088
 225.000000 0.901367 287.719184
 226.000000 0.892721 287.686182
 227.000000 0.898491 287.703832
 228.000000 0.899625 287.710410
 229.000000 0.901235 287.710987
 230.000000 0.900515 287.712376
 231.000000 0.882380 287.632734
 232.000000 0.888763 287.672919
 233.000000 0.892444 287.680042
 234.000000 0.881290 287.626616
 235.000000 0.886535 287.665755
 236.000000 0.892632 287.684985
 237.000000 0.897891 287.700576
 238.000000 0.889222 287.671212
 239.000000 0.879154 287.614324
 240.000000 0.906696 287.731145
 241.000000 0.894240 287.690819
 242.000000 0.883246 287.628080
 243.000000 0.896230 287.703198
 244.000000 0.896201 287.697821
 245.000000 0.882122 287.636531
 246.000000 0.892475 287.686799
 247.000000 0.891274 287.673541
 248.000000 0.895995 287.684556
 249.000000 0.893309 287.662708
 250.000000 0.891087 287.672424
 251.000000 0.889680 287.666424
 252.000000 0.896582 287.697309
 253.000000 0.899762 287.709847
 254.000000 0.880183 287.609185
 255.000000 0.897481 287.682564
 256.000000 0.884422 287.641425
 257.000000 0.882488 287.629532
 258.000000 0.888103 287.660168
 259.000000 0.888921 287.666196
 260.000000 0.893791 287.668393
 261.000000 0.885858 287.623256
 262.000000 0.895625 287.682960
 263.000000 0.874158 287.548376
 264.000000 0.882453 287.622168
 265.000000 0.891686 287.650302
 266.000000 0.885572 287.628540
 267.000000 0.884415 287.622014
 268.000000 0.883384 287.598071
 269.000000 0.868191 287.523063
 270.000000 0.878809 287.582194
 271.000000 0.879363 287.610878
 272.000000 0.883834 287.622984
 273.000000 0.881507 287.596980
 274.000000 0.886233 287.634131
 275.000000 0.887261 287.634502
 276.000000 0.897447 287.687694
 277.000000 0.895283 287.669252
 278.000000 0.886932 287.614936
 279.000000 0.891222 287.649763
 280.000000 0.888751 287.631765
 281.000000 0.884652 287.629385
 282.000000 0.893645 287.658599
 283.000000 0.884446 287.627319
 284.000000 0.888562 287.657869
 285.000000 0.889282 287.655155
 286.000000 0.894148 287.688256
 287.000000 0.900740 287.708339
 288.000000 0.887607 287.654015
 289.000000 0.898811 287.705351
 290.000000 0.895243 287.682753
 291.000000 0.901071 287.707518
 292.000000 0.902428 287.713040
 293.000000 0.903752 287.710721
 294.000000 0.904080 287.708067
 295.000000 0.898422 287.698702
 296.000000 0.903106 287.713293
 297.000000 0.895273 287.670845
 298.000000 0.891718 287.650145
 299.000000 0.898557 287.689549
 300.000000 0.890453 287.656459
 301.000000 0.883487 287.627200
 302.000000 0.898898 287.685829
 303.000000 0.896068 287.691910
 304.000000 0.893128 287.667671
 305.000000 0.892019 287.661208
 306.000000 0.890207 287.645803
 307.000000 0.882850 287.618524
 308.000000 0.897182 287.689795
 309.000000 0.892459 287.656400
 310.000000 0.894115 287.664155
 311.000000 0.900838 287.709585
 312.000000 0.893802 287.673639
 313.000000 0.897750 287.677479
 314.000000 0.885943 287.632774
 315.000000 0.890966 287.663077
 316.000000 0.896966 287.679212
 317.000000 0.892172 287.657914
 318.000000 0.887848 287.644957
 319.000000 0.887921 287.647875
 320.000000 0.882545 287.620240
 321.000000 0.895779 287.682606
 322.000000 0.887178 287.667004
 323.000000 0.883865 287.619145
 324.000000 0.881551 287.620828
 325.000000 0.879395 287.593301
 326.000000 0.875382 287.568751
 327.000000 0.892393 287.658707
 328.000000 0.886289 287.644612
 329.000000 0.885602 287.622643
 330.000000 0.893026 287.673889
 331.000000 0.889713 287.642045
 332.000000 0.889205 287.649142
 333.000000 0.886168 287.635641
 334.000000 0.879333 287.584312
 335.000000 0.884511 287.612799
 336.000000 0.877658 287.589829
 337.000000 0.878048 287.568175
 338.000000 0.880806 287.598859
 339.000000 0.884117 287.575764
 340.000000 0.879650 287.583251
 341.000000 0.880982 287.603295
 342.000000 0.876115 287.572770
 343.000000 0.879775 287.580166
 344.000000 0.887959 287.613077
 345.000000 0.892090 287.658969
 346.000000 0.888133 287.659015
 347.000000 0.888427 287.644595
 348.000000 0.901921 287.702068
 349.000000 0.910131 287.746552
 350.000000 0.915020 287.764051
 351.000000 0.898369 287.716797
 352.000000 0.897252 287.687503
 353.000000 0.885611 287.641680
 354.000000 0.888880 287.652502
 355.000000 0.887894 287.660737
 356.000000 0.895279 287.690294
 357.000000 0.895916 287.702515
 358.000000 0.889642 287.666284
 359.000000 0.886907 287.651775
 360.000000 0.891950 287.666586
 361.000000 0.895377 287.681713
 362.000000 0.904652 287.729866
 363.000000 0.887462 287.648413
 364.000000 0.894185 287.679286
 365.000000 0.892838 287.674394
 366.000000 0.885319 287.627729
 367.000000 0.898410 287.680687
 368.000000 0.893202 287.681253
 369.000000 0.879258 287.616887
 370.000000 0.895725 287.691908
 371.000000 0.883396 287.635493
 372.000000 0.885667 287.644235
 373.000000 0.886465 287.649648
 374.000000 0.896294 287.689683
 375.000000 0.884087 287.639914
 376.000000 0.898792 287.691982
 377.000000 0.884387 287.633142
 378.000000 0.891198 287.670322
 379.000000 0.888599 287.657250
 380.000000 0.895867 287.681499
 381.000000 0.889795 287.667411
 382.000000 0.890412 287.667122
 383.000000 0.884356 287.641714
 384.000000 0.894069 287.674132
 385.000000 0.898421 287.701228
 386.000000 0.908162 287.740956
 387.000000 0.895984 287.684670
 388.000000 0.892819 287.681132
 389.000000 0.902420 287.712487
 390.000000 0.895322 287.679984
 391.000000 0.885706 287.645375
 392.000000 0.891023 287.663078
 393.000000 0.876926 287.610343
 394.000000 0.880128 287.622921
 395.000000 0.887921 287.642270
 396.000000 0.884723 287.651882
 397.000000 0.884692 287.639303
 398.000000 0.904730 287.737489
 399.000000 0.890216 287.667250
 400.000000 0.893502 287.682380
 401.000000 0.901731 287.717970
 402.000000 0.878696 287.611084
 403.000000 0.887359 287.655465
 404.000000 0.893819 287.685539
 405.000000 0.881694 287.616375
 406.000000 0.882436 287.625902
 407.000000 0.882808 287.634986
 408.000000 0.886641 287.646567
 409.000000 0.892117 287.662178
 410.000000 0.886571 287.621728
 411.000000 0.881910 287.599662
 412.000000 0.892672 287.667956
 413.000000 0.895175 287.682492
 414.000000 0.887642 287.642655
 415.000000 0.890903 287.649515
 416.000000 0.892046 287.670215
 417.000000 0.886150 287.635968
 418.000000 0.895896 287.692952
 419.000000 0.892769 287.677714
 420.000000 0.886530 287.639448
 421.000000 0.881287 287.619399
 422.000000 0.880709 287.603951
 423.000000 0.880738 287.616994
 424.000000 0.883983 287.629635
 425.000000 0.875828 287.572842
 426.000000 0.874557 287.569511
 427.000000 0.874888 287.576855
 428.000000 0.874782 287.569635
 429.000000 0.876704 287.564031
 430.000000 0.879383 287.595218
 431.000000 0.876468 287.568838
 432.000000 0.889144 287.655060
 433.000000 0.884824 287.634728
 434.000000 0.882198 287.622664
 435.000000 0.880270 287.613386
 436.000000 0.886833 287.635369
 437.000000 0.882929 287.621013
 438.000000 0.888152 287.638270
 439.000000 0.886758 287.631716
 440.000000 0.890109 287.652467
 441.000000 0.897019 287.690408
 442.000000 0.881478 287.610035
 443.000000 0.893774 287.684842
 444.000000 0.891028 287.656740
 445.000000 0.885874 287.636916
 446.000000 0.872649 287.563941
 447.000000 0.886923 287.651805
 448.000000 0.896915 287.681583
 449.000000 0.889066 287.655060
 450.000000 0.884391 287.636777
 451.000000 0.880302 287.619752
 452.000000 0.887216 287.649796
 453.000000 0.892197 287.667890
 454.000000 0.892351 287.669906
 455.000000 0.888156 287.651792
 456.000000 0.890942 287.652185
 457.000000 0.889505 287.656173
 458.000000 0.893672 287.675846
 459.000000 0.888214 287.647219
 460.000000 0.898015 287.689105
 461.000000 0.897954 287.699847
 462.000000 0.893884 287.684113
 463.000000 0.885672 287.623326
 464.000000 0.889536 287.657563
 465.000000 0.890864 287.657753
 466.000000 0.892435 287.678876
 467.000000 0.891837 287.675868
 468.000000 0.881769 287.629534
 469.000000 0.883830 287.641185
 470.000000 0.877956 287.600234
 471.000000 0.887385 287.662558
 472.000000 0.889189 287.666030
 473.000000 0.887471 287.630459
 474.000000 0.885796 287.631568
 475.000000 0.889481 287.665072
 476.000000 0.874482 287.591413
 477.000000 0.882340 287.635080
 478.000000 0.892829 287.667073
 479.000000 0.887905 287.645390
 480.000000 0.877703 287.617321
 481.000000 0.889555 287.670786
 482.000000 0.891845 287.667794
 483.000000 0.883482 287.636345
 484.000000 0.881223 287.639805
 485.000000 0.891908 287.676170
 486.000000 0.875145 287.591197
 487.000000 0.884131 287.626271
 488.000000 0.893113 287.680455
 489.000000 0.886323 287.654384
 490.000000 0.888331 287.664145
 491.000000 0.892981 287.684888
 492.000000 0.890076 287.667691
 493.000000 0.894809 287.697679
 494.000000 0.886283 287.627808
 495.000000 0.889931 287.659666
 496.000000 0.885926 287.649800
 497.000000 0.894658 287.691438
 498.000000 0.892021 287.675683
 499.000000 0.908343 287.741209
 500.000000 0.888646 287.668318
 501.000000 0.885005 287.653792
 502.000000 0.906836 287.737366
 503.000000 0.902213 287.715981
 504.000000 0.902838 287.717432
 505.000000 0.882006 287.612405
 506.000000 0.890154 287.656239
 507.000000 0.888047 287.646466
 508.000000 0.882838 287.632395
 509.000000 0.890954 287.677524
 510.000000 0.890555 287.670511
 511.000000 0.887073 287.642715
 512.000000 0.883824 287.636240
 513.000000 0.879159 287.617738
 514.000000 0.879641 287.597351
 515.000000 0.876895 287.597888
 516.000000 0.894363 287.673199
 517.000000 0.889633 287.662012
 518.000000 0.887371 287.652281
 519.000000 0.905422 287.724830
 520.000000 0.906493 287.736878
 521.000000 0.891613 287.673400
 522.000000 0.890959 287.676237
 523.000000 0.898226 287.708000
 524.000000 0.894949 287.691531
 525.000000 0.903108 287.720218
 526.000000 0.899974 287.693382
 527.000000 0.888389 287.645356
 528.000000 0.897423 287.698044
 529.000000 0.905867 287.731327
 530.000000 0.891360 287.681466
 531.000000 0.896722 287.688467
 532.000000 0.892806 287.669162
 533.000000 0.905710 287.727592
 534.000000 0.885317 287.641878
 535.000000 0.899333 287.711641
 536.000000 0.900626 287.699006
 537.000000 0.893896 287.664711
 538.000000 0.894800 287.663421
 539.000000 0.890323 287.674684
 540.000000 0.885466 287.630059
 541.000000 0.888650 287.657330
 542.000000 0.903541 287.706308
 543.000000 0.904989 287.719294
 544.000000 0.891807 287.671103
 545.000000 0.878020 287.584339
 546.000000 0.887275 287.633400
 547.000000 0.888604 287.636946
 548.000000 0.883514 287.626595
 549.000000 0.899445 287.688578
 550.000000 0.890540 287.659620
 551.000000 0.886329 287.626287
 552.000000 0.882090 287.572389
 553.000000 0.886845 287.631922
 554.000000 0.885323 287.616304
 555.000000 0.886766 287.641291
 556.000000 0.892864 287.659226
 557.000000 0.881607 287.611910
 558.000000 0.888360 287.625943
 559.000000 0.890683 287.658481
 560.000000 0.887752 287.623324
 561.000000 0.883612 287.613389
 562.000000 0.890516 287.647784
 563.000000 0.886176 287.623229
 564.000000 0.896575 287.673399
 565.000000 0.885158 287.610246
 566.000000 0.882236 287.601054
 567.000000 0.885549 287.629883
 568.000000 0.865291 287.499913
 569.000000 0.873456 287.573406
 570.000000 0.887225 287.620316
 571.000000 0.875558 287.547294
 572.000000 0.888712 287.638980
 573.000000 0.884257 287.614123
 574.000000 0.878269 287.591665
 575.000000 0.870204 287.538535
 576.000000 0.873311 287.554366
 577.000000 0.877806 287.566379
 578.000000 0.870914 287.519497
 579.000000 0.872637 287.522075
 580.000000 0.866348 287.470627
 581.000000 0.877086 287.569045
 582.000000 0.872693 287.532286
 583.000000 0.866073 287.482936
 584.000000 0.866099 287.480804
 585.000000 0.863255 287.456006
 586.000000 0.873083 287.544445
 587.000000 0.871904 287.532430
 588.000000 0.870029 287.507795
 589.000000 0.870115 287.533679
 590.000000 0.866301 287.496416
 591.000000 0.871739 287.551239
 592.000000 0.862424 287.508295
 593.000000 0.871037 287.543838
 594.000000 0.870946 287.539561
 595.000000 0.861148 287.477847
 596.000000 0.870842 287.556900
 597.000000 0.872781 287.579837
 598.000000 0.869499 287.520528
 599.000000 0.873120 287.551663
 600.000000 0.875524 287.575739
 601.000000 0.865737 287.494533
 602.000000 0.880447 287.603757
 603.000000 0.872415 287.543594
 604.000000 0.868309 287.538113
 605.000000 0.866377 287.507369
 606.000000 0.865528 287.504537
 607.000000 0.870209 287.532976
 608.000000 0.861353 287.450836
 609.000000 0.868479 287.527168
 610.000000 0.867871 287.520305
 611.000000 0.875070 287.579201
 612.000000 0.878973 287.598986
 613.000000 0.867543 287.506673
 614.000000 0.869863 287.553225
 615.000000 0.877388 287.603005
 616.000000 0.872047 287.533519
 617.000000 0.871056 287.558631
 618.000000 0.865522 287.521879
 619.000000 0.870686 287.556677
 620.000000 0.869659 287.529586
 621.000000 0.869735 287.548478
 622.000000 0.863999 287.515146
 623.000000 0.866856 287.518883
 624.000000 0.868696 287.538089
 625.000000 0.875517 287.559366
 626.000000 0.876575 287.580445
 627.000000 0.871985 287.529759
 628.000000 0.866859 287.519665
 629.000000 0.879294 287.606173
 630.000000 0.881422 287.603032
 631.000000 0.874836 287.550018
 632.000000 0.885362 287.624034
 633.000000 0.887018 287.622242
 634.000000 0.884731 287.607326
 635.000000 0.887706 287.652166
 636.000000 0.881676 287.609275
 637.000000 0.877410 287.580697
 638.000000 0.892114 287.658746
 639.000000 0.888401 287.658705
 640.000000 0.875062 287.543745
 641.000000 0.888504 287.630641
 642.000000 0.889611 287.619584
 643.000000 0.876418 287.587826
 644.000000 0.885836 287.631741
 645.000000 0.879363 287.590865
 646.000000 0.876365 287.555362
 647.000000 0.886747 287.635734
 648.000000 0.879775 287.580537
 649.000000 0.884574 287.617171
 650.000000 0.891593 287.657685
 651.000000 0.880183 287.619051
 652.000000 0.898965 287.694088
 653.000000 0.895236 287.687572
 654.000000 0.895379 287.675657
 655.000000 0.890401 287.659422
 656.000000 0.893525 287.679947
 657.000000 0.889357 287.670228
 658.000000 0.893953 287.677133
 659.000000 0.885959 287.633348
 660.000000 0.889941 287.651909
 661.000000 0.893808 287.677412
 662.000000 0.888335 287.634387
 663.000000 0.894303 287.668220
 664.000000 0.879232 287.567617
 665.000000 0.883697 287.610470
 666.000000 0.894211 287.685680
 667.000000 0.884360 287.638178
 668.000000 0.885015 287.618328
 669.000000 0.878801 287.600386
 670.000000 0.878508 287.586328
 671.000000 0.876313 287.565797
 672.000000 0.883607 287.631548
 673.000000 0.887268 287.646608
 674.000000 0.877715 287.594256
 675.000000 0.880145 287.595515
 676.000000 0.871758 287.557228
 677.000000 0.877411 287.600243
 678.000000 0.877139 287.594342
 679.000000 0.889152 287.647991
 680.000000 0.873536 287.568758
 681.000000 0.879276 287.577833
 682.000000 0.879685 287.615794
 683.000000 0.873378 287.553129
 684.000000 0.871712 287.578004
 685.000000 0.885263 287.635515
 686.000000 0.879071 287.594255
 687.000000 0.873680 287.570870
 688.000000 0.871188 287.555031
 689.000000 0.877422 287.598972
 690.000000 0.862743 287.502078
 691.000000 0.854757 287.441151
 692.000000 0.867388 287.525314
 693.000000 0.876144 287.575810
 694.000000 0.872832 287.548581
 695.000000 0.873365 287.563617
 696.000000 0.873007 287.555565
 697.000000 0.866876 287.513427
 698.000000 0.870722 287.529659
 699.000000 0.870168 287.529448
 700.000000 0.881566 287.548225
 701.000000 0.877174 287.562888
 702.000000 0.868303 287.495893
 703.000000 0.880302 287.576652
 704.000000 0.878744 287.566842
 705.000000 0.879294 287.565668
 706.000000 0.863390 287.459905
 707.000000 0.862813 287.457194
 708.000000 0.866384 287.480663
 709.000000 0.870599 287.508148
 710.000000 0.875194 287.568556
 711.000000 0.873105 287.551980
 712.000000 0.880695 287.593688
 713.000000 0.877313 287.567165
 714.000000 0.877129 287.599430
 715.000000 0.881172 287.626460
 716.000000 0.873104 287.582748
 717.000000 0.884314 287.626315
 718.000000 0.870161 287.553874
 719.000000 0.873149 287.573046
 720.000000 0.871027 287.548225
 721.000000 0.870205 287.549231
 722.000000 0.872117 287.552522
 723.000000 0.879680 287.597391
 724.000000 0.878132 287.593311
 725.000000 0.876048 287.585838
 726.000000 0.874536 287.571519
 727.000000 0.868701 287.521835
 728.000000 0.864862 287.499507
 729.000000 0.868722 287.531626
 730.000000 0.857833 287.436623
 731.000000 0.861105 287.465666
 732.000000 0.877151 287.575708
 733.000000 0.880542 287.599279
 734.000000 0.871668 287.555881
 735.000000 0.872591 287.532919
 736.000000 0.879800 287.596822
 737.000000 0.881541 287.606222
 738.000000 0.869505 287.524540
 739.000000 0.874091 287.546140
 740.000000 0.860284 287.441391
 741.000000 0.887468 287.635462
 742.000000 0.870717 287.533792
 743.000000 0.879609 287.592222
 744.000000 0.877847 287.588774
 745.000000 0.874029 287.564753
 746.000000 0.878361 287.597664
 747.000000 0.873258 287.552835
 748.000000 0.880154 287.614856
 749.000000 0.880412 287.609438
 750.000000 0.890898 287.666683
 751.000000 0.878976 287.594182
 752.000000 0.885499 287.640976
 753.000000 0.872276 287.556879
 754.000000 0.880395 287.608708
 755.000000 0.876619 287.573164
 756.000000 0.890642 287.665412
 757.000000 0.878594 287.577647
 758.000000 0.884436 287.624891
 759.000000 0.889677 287.645450
 760.000000 0.892318 287.670325
 761.000000 0.884100 287.628155
 762.000000 0.901205 287.704441
 763.000000 0.886363 287.622072
 764.000000 0.883853 287.614246
 765.000000 0.884028 287.638155
 766.000000 0.882056 287.617572
 767.000000 0.879572 287.613957
 768.000000 0.902992 287.722157
 769.000000 0.879779 287.608110
 770.000000 0.894870 287.674761
 771.000000 0.896087 287.681262
 772.000000 0.893681 287.654283
 773.000000 0.878763 287.584068
 774.000000 0.887033 287.628630
 775.000000 0.878559 287.586794
 776.000000 0.890903 287.667205
 777.000000 0.894434 287.644208
 778.000000 0.888101 287.649355
 779.000000 0.891804 287.671272
 780.000000 0.902214 287.711242
 781.000000 0.902026 287.707477
 782.000000 0.898025 287.697770
 783.000000 0.895727 287.677937
 784.000000 0.910380 287.720559
 785.000000 0.895650 287.679213
 786.000000 0.899078 287.691928
 787.000000 0.894037 287.670774
 788.000000 0.898089 287.706796
 789.000000 0.890383 287.674025
 790.000000 0.889993 287.671983
 791.000000 0.884293 287.632789
 792.000000 0.884168 287.648919
 793.000000 0.887607 287.647645
 794.000000 0.897418 287.701591
 795.000000 0.893801 287.675974
 796.000000 0.892045 287.656715
 797.000000 0.897273 287.709523
 798.000000 0.909490 287.745901
 799.000000 0.893170 287.676951
 800.000000 0.894338 287.677437
 801.000000 0.901202 287.707782
 802.000000 0.898086 287.714126
 803.000000 0.886151 287.646081
 804.000000 0.885357 287.649067
 805.000000 0.903132 287.726779
 806.000000 0.896773 287.698585
 807.000000 0.891247 287.682000
 808.000000 0.898748 287.697104
 809.000000 0.904664 287.728636
 810.000000 0.891628 287.669727
 811.000000 0.906422 287.735459
 812.000000 0.895665 287.688122
 813.000000 0.901220 287.712255
 814.000000 0.902407 287.718555
 815.000000 0.901396 287.711730
 816.000000 0.909203 287.740459
 817.000000 0.900313 287.707615
 818.000000 0.896385 287.692904
 819.000000 0.893462 287.680360
 820.000000 0.890525 287.670973
 821.000000 0.901728 287.712781
 822.000000 0.895324 287.689508
 823.000000 0.887285 287.633996
 824.000000 0.891591 287.660551
 825.000000 0.901402 287.711768
 826.000000 0.907774 287.739718
 827.000000 0.898227 287.709363
 828.000000 0.892370 287.674546
 829.000000 0.903477 287.717488
 830.000000 0.905692 287.728512
 831.000000 0.906180 287.726590
 832.000000 0.895870 287.690021
 833.000000 0.900744 287.716647
 834.000000 0.905022 287.725313
 835.000000 0.900981 287.720199
 836.000000 0.912139 287.755351
 837.000000 0.894142 287.677739
 838.000000 0.892844 287.676673
 839.000000 0.892328 287.671918
 840.000000 0.888235 287.645938
 841.000000 0.894223 287.674538
 842.000000 0.882315 287.621738
 843.000000 0.893303 287.678514
 844.000000 0.885436 287.634544
 845.000000 0.879996 287.610670
 846.000000 0.890197 287.652650
 847.000000 0.885503 287.655218
 848.000000 0.889831 287.653790
 849.000000 0.893344 287.678587
 850.000000 0.887804 287.659999
 851.000000 0.904719 287.728352
 852.000000 0.907312 287.738716
 853.000000 0.908602 287.746402
 854.000000 0.896655 287.701740
 855.000000 0.890709 287.667632
 856.000000 0.889044 287.661976
 857.000000 0.898469 287.708753
 858.000000 0.893748 287.680652
 859.000000 0.888600 287.657241
 860.000000 0.892422 287.677026
 861.000000 0.887549 287.650165
 862.000000 0.889605 287.660228
 863.000000 0.886988 287.646019
 864.000000 0.896874 287.694416
 865.000000 0.891280 287.675753
 866.000000 0.881961 287.623598
 867.000000 0.889209 287.656897
 868.000000 0.881035 287.623237
 869.000000 0.889888 287.646602
 870.000000 0.884087 287.615717
 871.000000 0.889733 287.647962
 872.000000 0.888018 287.646724
 873.000000 0.884062 287.619823
 874.000000 0.882007 287.616650
 875.000000 0.880030 287.588891
 876.000000 0.890501 287.665571
 877.000000 0.884908 287.634506
 878.000000 0.890661 287.652599
 879.000000 0.886047 287.622263
 880.000000 0.907095 287.733332
 881.000000 0.891320 287.665148
 882.000000 0.884976 287.617002
 883.000000 0.895539 287.679611
 884.000000 0.886919 287.626338
 885.000000 0.893686 287.660528
 886.000000 0.882249 287.609819
 887.000000 0.884862 287.635020
 888.000000 0.892881 287.669484
 889.000000 0.885043 287.630185
 890.000000 0.892238 287.664814
 891.000000 0.892862 287.684743
 892.000000 0.885658 287.649532
 893.000000 0.889484 287.666876
 894.000000 0.896103 287.681549
 895.000000 0.895373 287.689824
 896.000000 0.895917 287.689531
 897.000000 0.894637 287.685724
 898.000000 0.899453 287.700854
 899.000000 0.900118 287.704095
 900.000000 0.897640 287.694452
 901.000000 0.900351 287.702721
 902.000000 0.894886 287.681314
 903.000000 0.891408 287.667269
 904.000000 0.890999 287.676044
 905.000000 0.893895 287.669521
 906.000000 0.890185 287.661946
 907.000000 0.885818 287.655396
 908.000000 0.892830 287.673535
 909.000000 0.886492 287.635687
 910.000000 0.887461 287.630077
 911.000000 0.901406 287.710361
 912.000000 0.887411 287.656540
 913.000000 0.891837 287.667176
 914.000000 0.895057 287.695103
 915.000000 0.896989 287.704671
 916.000000 0.888076 287.653472
 917.000000 0.897673 287.690804
 918.000000 0.889507 287.659093
 919.000000 0.878674 287.593890
 920.000000 0.893070 287.671006
 921.000000 0.881138 287.613682
 922.000000 0.883862 287.631738
 923.000000 0.882806 287.630065
 924.000000 0.885259 287.631165
 925.000000 0.886414 287.610394
 926.000000 0.885580 287.648543
 927.000000 0.878186 287.581419
 928.000000 0.892200 287.628500
 929.000000 0.877168 287.559393
 930.000000 0.883135 287.615607
 931.000000 0.882595 287.598464
 932.000000 0.892889 287.668259
 933.000000 0.878251 287.570240
 934.000000 0.888039 287.656703
 935.000000 0.890710 287.659654
 936.000000 0.892364 287.637059
 937.000000 0.886736 287.630656
 938.000000 0.880203 287.599100
 939.000000 0.885999 287.621398
 940.000000 0.883704 287.614464
 941.000000 0.886990 287.648562
 942.000000 0.891349 287.653611
 943.000000 0.899419 287.689992
 944.000000 0.891520 287.661700
 945.000000 0.886332 287.631075
 946.000000 0.893275 287.676436
 947.000000 0.890622 287.651114
 948.000000 0.905240 287.716885
 949.000000 0.889833 287.663651
 950.000000 0.900912 287.698510
 951.000000 0.894226 287.694011
 952.000000 0.878893 287.605727
 953.000000 0.886456 287.645695
 954.000000 0.895976 287.688440
 955.000000 0.881226 287.596681
 956.000000 0.878933 287.581803
 957.000000 0.880557 287.614780
 958.000000 0.882893 287.630051
 959.000000 0.893929 287.676461
 960.000000 0.882364 287.615052
 961.000000 0.885069 287.625521
 962.000000 0.881843 287.618987
 963.000000 0.889162 287.661177
 964.000000 0.880038 287.621228
 965.000000 0.874960 287.586596
 966.000000 0.882533 287.614798
 967.000000 0.878711 287.601457
 968.000000 0.880180 287.570588
 969.000000 0.874215 287.544821
 970.000000 0.883648 287.627812
 971.000000 0.891178 287.654419
 972.000000 0.888991 287.633218
 973.000000 0.874270 287.558083
 974.000000 0.873996 287.583235
 975.000000 0.875530 287.584923
 976.000000 0.885729 287.632627
 977.000000 0.888192 287.656749
 978.000000 0.886729 287.648184
 979.000000 0.887832 287.651585
 980.000000 0.886184 287.650509
 981.000000 0.891573 287.664224
 982.000000 0.891183 287.665415
 983.000000 0.888405 287.653453
 984.000000 0.884001 287.649710
 985.000000 0.891847 287.679468
 986.000000 0.892224 287.677741
 987.000000 0.886505 287.642803
 988.000000 0.890108 287.658038
 989.000000 0.897560 287.701914
 990.000000 0.906896 287.730629
 991.000000 0.891576 287.661614
 992.000000 0.881823 287.608149
 993.000000 0.890798 287.659894
 994.000000 0.893277 287.678756
 995.000000 0.892934 287.683433
 996.000000 0.891654 287.667815
 997.000000 0.873956 287.573499
 998.000000 0.884689 287.613645
 999.000000 0.895256 287.691752
 1000.000000 0.885450 287.650185
