#! FIELDS time refcv.mean refcv.morethan
 0.000000 1.454057 287.999073
 1.000000 1.515364 287.999422
 2.000000 1.536386 287.999516
 3.000000 1.550212 287.999552
 4.000000 1.553518 287.999590
 5.000000 1.542807 287.999538
 6.000000 1.550499 287.999570
 7.000000 1.576577 287.999656
 8.000000 1.556015 287.999569
 9.000000 1.559391 287.999611
 10.000000 1.567480 287.999633
 11.000000 1.552672 287.999602
 12.000000 1.555315 287.999608
 13.000000 1.558311 287.999605
 14.000000 1.565079 287.999626
 15.000000 1.577172 287.999678
 16.000000 1.566680 287.999644
 17.000000 1.602712 287.999734
 18.000000 1.593131 287.999711
 19.000000 1.587851 287.999696
 20.000000 1.566355 287.999642
 21.000000 1.554958 287.999598
 22.000000 1.574960 287.999672
 23.000000 1.566413 287.999649
 24.000000 1.555315 287.999610
 25.000000 1.572351 287.999657
 26.000000 1.582084 287.999685
 27.000000 1.561758 287.999627
 28.000000 1.569441 287.999644
 29.000000 1.570847 287.999665
 30.000000 1.548111 287.999592
 31.000000 1.556378 287.999611
 32.000000 1.559971 287.999628
 33.000000 1.579393 287.999670
 34.000000 1.574715 287.999655
 35.000000 1.575625 287.999662
 36.000000 1.563573 287.999632
 37.000000 1.569811 287.999638
 38.000000 1.559103 287.999626
 39.000000 1.578321 287.999664
 40.000000 1.574015 287.999648
 41.000000 1.576906 287.999651
 42.000000 1.571793 287.999656
 43.000000 1.584539 287.999683
 44.000000 1.579044 287.999677
 45.000000 1.596875 287.999708
 46.000000 1.584358 287.999685
 47.000000 1.579712 287.999657
 48.000000 1.596089 287.999705
 49.000000 1.557782 287.999608
 50.000000 1.580857 287.999655
 51.000000 1.563553 287.999631
 52.000000 1.565223 287.999635
 53.000000 1.578244 287.999672
 54.000000 1.566754 287.999636
 55.000000 1.576368 287.999669
 56.000000 1.589834 287.999702
 57.000000 1.580296 287.999677
 58.000000 1.581265 287.999680
 59.000000 1.589320 287.999698
 60.000000 1.588688 287.999702
 61.000000 1.586273 287.999688
 62.000000 1.583655 287.999683
 63.000000 1.577253 287.999650
 64.000000 1.586518 287.999672
 65.000000 1.596376 287.999706
 66.000000 1.570974 287.999647
 67.000000 1.592069 287.999709
 68.000000 1.581590 287.999680
 69.000000 1.582813 287.999673
 70.000000 1.602261 287.999732
 71.000000 1.593023 287.999709
 72.000000 1.581952 287.999685
 73.000000 1.596242 287.999711
 74.000000 1.595418 287.999704
 75.000000 1.563706 287.999636
 76.000000 1.582707 287.999683
 77.000000 1.582583 287.999688
 78.000000 1.593681 287.999707
 79.000000 1.603220 287.999732
 80.000000 1.579426 287.999670
 81.000000 1.605535 287.999728
 82.000000 1.604487 287.999738
 83.000000 1.587993 287.999701
 84.000000 1.591517 287.999714
 85.000000 1.606166 287.999735
 86.000000 1.612587 287.999750
 87.000000 1.612984 287.999759
 88.000000 1.613955 287.999753
 89.000000 1.608590 287.999750
 90.000000 1.605599 287.999740
 91.000000 1.595884 287.999712
 92.000000 1.609360 287.999737
 93.000000 1.615576 287.999753
 94.000000 1.605809 287.999742
 95.000000 1.622235 287.999772
 96.000000 1.634254 287.999789
 97.000000 1.604354 287.999738
 98.000000 1.589696 287.999710
 99.000000 1.622992 287.999763
 100.000000 1.621675 287.999764
 101.000000 1.624650 287.999761
 102.000000 1.614537 287.999746
 103.000000 1.620654 287.999755
 104.000000 1.601362 287.999723
 105.000000 1.602462 287.999726
 106.000000 1.614159 287.999754
 107.000000 1.610862 287.999740
 108.000000 1.612266 287.999747
 109.000000 1.617734 287.999758
 110.000000 1.623292 287.999769
 111.000000 1.609391 287.999746
 112.000000 1.637741 287.999790
 113.000000 1.618495 287.999765
 114.000000 1.616187 287.999751
 115.000000 1.604334 287.999724
 116.000000 1.619841 287.999757
 117.000000 1.613932 287.999757
 118.000000 1.598322 287.999713
 119.000000 1.633343 287.999792
 120.000000 1.640005 287.999794
 121.000000 1.609488 287.999737
 122.000000 1.619674 287.999763
 123.000000 1.632635 287.999786
 124.000000 1.611067 287.999744
 125.000000 1.609498 287.999746
 126.000000 1.606964 287.999744
 127.000000 1.630895 287.999784
 128.000000 1.626352 287.999774
 129.000000 1.623791 287.999767
 130.000000 1.629601 287.999767
 131.000000 1.639267 287.999792
 132.000000 1.626305 287.999773
 133.000000 1.608943 287.999733
 134.000000 1.630385 287.999771
 135.000000 1.618943 287.999767
 136.000000 1.623046 287.999769
 137.000000 1.635166 287.999787
 138.000000 1.600443 287.999727
 139.000000 1.600925 287.999724
 140.000000 1.593677 287.999709
 141.000000 1.629355 287.999785
 142.000000 1.616330 287.999758
 143.000000 1.615724 287.999754
 144.000000 1.602618 287.999727
 145.000000 1.605634 287.999731
 146.000000 1.625695 287.999775
 147.000000 1.628106 287.999778
 148.000000 1.610423 287.999746
 149.000000 1.600377 287.999728
 150.000000 1.620860 287.999767
 151.000000 1.640967 287.999802
 152.000000 1.600577 287.999720
 153.000000 1.647108 287.999804
 154.000000 1.617952 287.999755
 155.000000 1.624476 287.999772
 156.000000 1.619278 287.999756
 157.000000 1.635540 287.999793
 158.000000 1.628705 287.999779
 159.000000 1.622077 287.999760
 160.000000 1.599396 287.999725
 161.000000 1.611970 287.999751
 162.000000 1.615263 287.999761
 163.000000 1.633147 287.999788
 164.000000 1.628364 287.999777
 165.000000 1.626517 287.999777
 166.000000 1.634558 287.999792
 167.000000 1.625474 287.999778
 168.000000 1.605372 287.999744
 169.000000 1.635169 287.999787
 170.000000 1.629654 287.999779
 171.000000 1.618298 287.999763
 172.000000 1.618707 287.999768
 173.000000 1.620399 287.999767
 174.000000 1.609448 287.999752
 175.000000 1.611913 287.999747
 176.000000 1.601553 287.999735
 177.000000 1.644566 287.999809
 178.000000 1.616271 287.999761
 179.000000 1.609685 287.999746
 180.000000 1.620026 287.999763
 181.000000 1.619416 287.999765
 182.000000 1.604190 287.999732
 183.000000 1.637850 287.999796
 184.000000 1.637757 287.999794
 185.000000 1.622239 287.999776
 186.000000 1.620233 287.999767
 187.000000 1.625711 287.999774
 188.000000 1.617720 287.999762
 189.000000 1.631648 287.999788
 190.000000 1.630528 287.999783
 191.000000 1.628940 287.999776
 192.000000 1.640051 287.999800
 193.000000 1.628019 287.999767
 194.000000 1.615143 287.999744
 195.000000 1.625600 287.999772
 196.000000 1.638377 287.999799
 197.000000 1.618385 287.999763
 198.000000 1.633510 287.999791
 199.000000 1.630085 287.999776
 200.000000 1.643619 287.999805
 201.000000 1.624530 287.999771
 202.000000 1.636536 287.999795
 203.000000 1.629077 287.999781
 204.000000 1.644156 287.999803
 205.000000 1.660641 287.999830
 206.000000 1.636153 287.999795
 207.000000 1.633003 287.999791
 208.000000 1.618177 287.999766
 209.000000 1.647082 287.999812
 210.000000 1.644514 287.999811
 211.000000 1.638957 287.999803
 212.000000 1.633377 287.999792
 213.000000 1.657106 287.999828
 214.000000 1.659227 287.999828
 215.000000 1.653882 287.999823
 216.000000 1.650730 287.999817
 217.000000 1.650547 287.999815
 218.000000 1.633071 287.999791
 219.000000 1.651137 287.999817
 220.000000 1.646255 287.999805
 221.000000 1.646746 287.999813
 222.000000 1.644983 287.999808
 223.000000 1.622326 287.999773
 224.000000 1.643896 287.999809
 225.000000 1.626384 287.999776
 226.000000 1.616723 287.999762
 227.000000 1.622394 287.999771
 228.000000 1.629921 287.999784
 229.000000 1.629972 287.999780
 230.000000 1.630668 287.999787
 231.000000 1.597543 287.999722
 232.000000 1.609091 287.999753
 233.000000 1.618110 287.999763
 234.000000 1.598833 287.999724
 235.000000 1.605582 287.999747
 236.000000 1.619908 287.999770
 237.000000 1.631888 287.999786
 238.000000 1.613666 287.999755
 239.000000 1.596239 287.999721
 240.000000 1.645438 287.999805
 241.000000 1.622508 287.999773
 242.000000 1.602763 287.999729
 243.000000 1.623588 287.999777
 244.000000 1.620787 287.999773
 245.000000 1.599518 287.999733
 246.000000 1.618429 287.999770
 247.000000 1.614568 287.999756
 248.000000 1.624564 287.999777
 249.000000 1.618578 287.999757
 250.000000 1.613131 287.999757
 251.000000 1.611193 287.999752
 252.000000 1.625491 287.999779
 253.000000 1.633255 287.999787
 254.000000 1.594973 287.999714
 255.000000 1.625321 287.999771
 256.000000 1.602802 287.999734
 257.000000 1.595944 287.999722
 258.000000 1.608515 287.999744
 259.000000 1.612570 287.999757
 260.000000 1.622946 287.999761
 261.000000 1.610655 287.999740
 262.000000 1.623792 287.999772
 263.000000 1.582751 287.999679
 264.000000 1.594203 287.999714
 265.000000 1.614210 287.999744
 266.000000 1.602894 287.999729
 267.000000 1.599294 287.999721
 268.000000 1.599629 287.999709
 269.000000 1.566675 287.999640
 270.000000 1.586941 287.999694
 271.000000 1.589086 287.999708
 272.000000 1.597878 287.999717
 273.000000 1.593690 287.999702
 274.000000 1.605115 287.999735
 275.000000 1.604854 287.999731
 276.000000 1.631256 287.999780
 277.000000 1.626172 287.999767
 278.000000 1.601983 287.999718
 279.000000 1.613631 287.999746
 280.000000 1.606148 287.999732
 281.000000 1.600092 287.999725
 282.000000 1.611864 287.999741
 283.000000 1.603104 287.999727
 284.000000 1.607329 287.999744
 285.000000 1.605638 287.999736
 286.000000 1.617286 287.999764
 287.000000 1.628127 287.999781
 288.000000 1.604360 287.999739
 289.000000 1.628763 287.999784
 290.000000 1.622123 287.999767
 291.000000 1.626223 287.999777
 292.000000 1.636705 287.999793
 293.000000 1.635902 287.999791
 294.000000 1.635611 287.999787
 295.000000 1.627260 287.999781
 296.000000 1.636049 287.999791
 297.000000 1.617890 287.999755
 298.000000 1.606774 287.999732
 299.000000 1.625377 287.999766
 300.000000 1.607447 287.999740
 301.000000 1.598561 287.999719
 302.000000 1.626015 287.999769
 303.000000 1.621988 287.999770
 304.000000 1.614424 287.999747
 305.000000 1.610760 287.999743
 306.000000 1.607331 287.999728
 307.000000 1.594006 287.999711
 308.000000 1.620136 287.999760
 309.000000 1.616189 287.999747
 310.000000 1.616880 287.999749
 311.000000 1.633161 287.999787
 312.000000 1.616122 287.999751
 313.000000 1.620642 287.999755
 314.000000 1.600413 287.999719
 315.000000 1.612765 287.999753
 316.000000 1.622879 287.999756
 317.000000 1.615607 287.999740
 318.000000 1.606245 287.999733
 319.000000 1.607743 287.999741
 320.000000 1.597839 287.999716
 321.000000 1.621543 287.999763
 322.000000 1.608297 287.999750
 323.000000 1.595326 287.999705
 324.000000 1.595824 287.999714
 325.000000 1.587444 287.999686
 326.000000 1.581880 287.999679
 327.000000 1.605213 287.999728
 328.000000 1.598167 287.999721
 329.000000 1.601106 287.999712
 330.000000 1.612174 287.999750
 331.000000 1.611272 287.999738
 332.000000 1.604474 287.999726
 333.000000 1.600798 287.999723
 334.000000 1.588387 287.999684
 335.000000 1.602738 287.999720
 336.000000 1.588150 287.999692
 337.000000 1.583878 287.999672
 338.000000 1.593094 287.999702
 339.000000 1.599098 287.999695
 340.000000 1.592826 287.999701
 341.000000 1.593688 287.999708
 342.000000 1.583560 287.999684
 343.000000 1.592019 287.999698
 344.000000 1.607204 287.999718
 345.000000 1.618539 287.999752
 346.000000 1.608860 287.999746
 347.000000 1.609663 287.999742
 348.000000 1.634712 287.999780
 349.000000 1.645314 287.999805
 350.000000 1.656030 287.999818
 351.000000 1.625873 287.999782
 352.000000 1.624678 287.999772
 353.000000 1.603533 287.999736
 354.000000 1.607814 287.999742
 355.000000 1.606328 287.999745
 356.000000 1.619880 287.999768
 357.000000 1.625433 287.999780
 358.000000 1.613241 287.999757
 359.000000 1.606477 287.999741
 360.000000 1.618660 287.999762
 361.000000 1.620624 287.999766
 362.000000 1.639042 287.999800
 363.000000 1.605739 287.999737
 364.000000 1.615482 287.999759
 365.000000 1.608997 287.999746
 366.000000 1.598153 287.999725
 367.000000 1.625725 287.999767
 368.000000 1.613989 287.999758
 369.000000 1.590125 287.999713
 370.000000 1.618214 287.999767
 371.000000 1.602592 287.999739
 372.000000 1.601452 287.999733
 373.000000 1.601324 287.999736
 374.000000 1.623475 287.999772
 375.000000 1.599587 287.999731
 376.000000 1.625106 287.999769
 377.000000 1.600008 287.999733
 378.000000 1.612514 287.999755
 379.000000 1.607382 287.999740
 380.000000 1.621192 287.999764
 381.000000 1.608369 287.999748
 382.000000 1.607238 287.999746
 383.000000 1.594877 287.999722
 384.000000 1.615719 287.999756
 385.000000 1.619536 287.999766
 386.000000 1.639646 287.999798
 387.000000 1.616737 287.999754
 388.000000 1.613211 287.999754
 389.000000 1.627210 287.999774
 390.000000 1.619873 287.999759
 391.000000 1.601820 287.999734
 392.000000 1.612702 287.999744
 393.000000 1.581899 287.999695
 394.000000 1.589527 287.999712
 395.000000 1.607198 287.999735
 396.000000 1.605232 287.999744
 397.000000 1.600581 287.999729
 398.000000 1.642542 287.999807
 399.000000 1.611091 287.999752
 400.000000 1.616140 287.999763
 401.000000 1.630458 287.999785
 402.000000 1.588383 287.999709
 403.000000 1.606423 287.999747
 404.000000 1.616521 287.999763
 405.000000 1.592056 287.999709
 406.000000 1.595295 287.999715
 407.000000 1.597693 287.999727
 408.000000 1.602470 287.999733
 409.000000 1.611258 287.999743
 410.000000 1.598733 287.999715
 411.000000 1.593828 287.999705
 412.000000 1.611431 287.999745
 413.000000 1.619540 287.999766
 414.000000 1.605167 287.999735
 415.000000 1.612822 287.999746
 416.000000 1.610792 287.999751
 417.000000 1.598768 287.999723
 418.000000 1.615530 287.999763
 419.000000 1.614838 287.999755
 420.000000 1.600417 287.999725
 421.000000 1.592790 287.999715
 422.000000 1.590401 287.999697
 423.000000 1.591677 287.999710
 424.000000 1.600599 287.999730
 425.000000 1.584375 287.999691
 426.000000 1.585317 287.999685
 427.000000 1.585236 287.999689
 428.000000 1.585768 287.999688
 429.000000 1.583105 287.999677
 430.000000 1.590295 287.999696
 431.000000 1.583106 287.999679
 432.000000 1.607886 287.999743
 433.000000 1.595391 287.999720
 434.000000 1.594678 287.999714
 435.000000 1.596469 287.999717
 436.000000 1.603718 287.999726
 437.000000 1.596166 287.999715
 438.000000 1.609038 287.999734
 439.000000 1.603122 287.999724
 440.000000 1.609984 287.999739
 441.000000 1.620939 287.999769
 442.000000 1.588001 287.999699
 443.000000 1.613452 287.999755
 444.000000 1.610607 287.999747
 445.000000 1.597303 287.999722
 446.000000 1.580102 287.999684
 447.000000 1.604858 287.999741
 448.000000 1.618458 287.999757
 449.000000 1.609171 287.999748
 450.000000 1.593944 287.999719
 451.000000 1.588000 287.999706
 452.000000 1.598690 287.999728
 453.000000 1.614440 287.999753
 454.000000 1.611566 287.999752
 455.000000 1.600598 287.999731
 456.000000 1.610674 287.999742
 457.000000 1.604200 287.999733
 458.000000 1.613143 287.999750
 459.000000 1.602289 287.999733
 460.000000 1.617302 287.999759
 461.000000 1.615769 287.999758
 462.000000 1.612366 287.999752
 463.000000 1.601984 287.999717
 464.000000 1.605677 287.999739
 465.000000 1.612370 287.999750
 466.000000 1.612891 287.999757
 467.000000 1.612019 287.999755
 468.000000 1.593186 287.999720
 469.000000 1.602444 287.999734
 470.000000 1.588332 287.999701
 471.000000 1.604415 287.999741
 472.000000 1.608686 287.999750
 473.000000 1.606453 287.999734
 474.000000 1.601551 287.999722
 475.000000 1.615277 287.999761
 476.000000 1.584300 287.999694
 477.000000 1.596129 287.999725
 478.000000 1.615650 287.999754
 479.000000 1.606414 287.999736
 480.000000 1.589556 287.999710
 481.000000 1.613255 287.999754
 482.000000 1.619690 287.999765
 483.000000 1.599935 287.999734
 484.000000 1.590244 287.999719
 485.000000 1.605774 287.999744
 486.000000 1.583524 287.999697
 487.000000 1.601627 287.999725
 488.000000 1.619598 287.999765
 489.000000 1.606598 287.999742
 490.000000 1.613105 287.999760
 491.000000 1.617270 287.999766
 492.000000 1.612417 287.999756
 493.000000 1.621416 287.999773
 494.000000 1.606509 287.999731
 495.000000 1.611562 287.999749
 496.000000 1.608422 287.999743
 497.000000 1.618567 287.999767
 498.000000 1.610152 287.999750
 499.000000 1.640044 287.999800
 500.000000 1.609032 287.999750
 501.000000 1.600275 287.999738
 502.000000 1.644240 287.999807
 503.000000 1.630409 287.999784
 504.000000 1.637935 287.999794
 505.000000 1.596841 287.999712
 506.000000 1.611695 287.999746
 507.000000 1.605247 287.999731
 508.000000 1.597240 287.999726
 509.000000 1.613163 287.999757
 510.000000 1.614162 287.999756
 511.000000 1.610603 287.999744
 512.000000 1.599670 287.999728
 513.000000 1.587322 287.999702
 514.000000 1.587808 287.999691
 515.000000 1.583997 287.999689
 516.000000 1.611462 287.999747
 517.000000 1.607200 287.999737
 518.000000 1.601112 287.999725
 519.000000 1.636485 287.999791
 520.000000 1.637103 287.999798
 521.000000 1.610551 287.999750
 522.000000 1.614030 287.999756
 523.000000 1.629830 287.999784
 524.000000 1.619969 287.999767
 525.000000 1.636035 287.999791
 526.000000 1.628313 287.999771
 527.000000 1.607881 287.999738
 528.000000 1.622981 287.999771
 529.000000 1.635645 287.999792
 530.000000 1.610525 287.999754
 531.000000 1.621053 287.999766
 532.000000 1.614456 287.999748
 533.000000 1.638735 287.999796
 534.000000 1.602328 287.999727
 535.000000 1.631159 287.999786
 536.000000 1.630079 287.999777
 537.000000 1.618177 287.999753
 538.000000 1.617951 287.999752
 539.000000 1.612573 287.999758
 540.000000 1.596876 287.999712
 541.000000 1.608685 287.999746
 542.000000 1.637160 287.999786
 543.000000 1.633935 287.999788
 544.000000 1.615737 287.999756
 545.000000 1.586127 287.999690
 546.000000 1.608667 287.999733
 547.000000 1.610705 287.999737
 548.000000 1.601188 287.999727
 549.000000 1.634534 287.999777
 550.000000 1.608785 287.999742
 551.000000 1.604261 287.999724
 552.000000 1.604023 287.999708
 553.000000 1.606274 287.999730
 554.000000 1.602809 287.999722
 555.000000 1.610997 287.999741
 556.000000 1.614653 287.999747
 557.000000 1.597667 287.999718
 558.000000 1.611222 287.999737
 559.000000 1.615197 287.999751
 560.000000 1.607948 287.999727
 561.000000 1.602266 287.999723
 562.000000 1.612723 287.999742
 563.000000 1.603154 287.999725
 564.000000 1.620039 287.999755
 565.000000 1.599400 287.999705
 566.000000 1.597637 287.999705
 567.000000 1.603697 287.999730
 568.000000 1.564103 287.999632
 569.000000 1.579791 287.999685
 570.000000 1.605662 287.999724
 571.000000 1.586357 287.999673
 572.000000 1.606343 287.999731
 573.000000 1.601313 287.999719
 574.000000 1.589596 287.999699
 575.000000 1.575942 287.999665
 576.000000 1.583052 287.999681
 577.000000 1.586900 287.999673
 578.000000 1.578554 287.999655
 579.000000 1.578052 287.999652
 580.000000 1.570649 287.999622
 581.000000 1.587514 287.999685
 582.000000 1.575936 287.999660
 583.000000 1.572089 287.999630
 584.000000 1.565520 287.999619
 585.000000 1.557525 287.999583
 586.000000 1.583729 287.999679
 587.000000 1.574653 287.999650
 588.000000 1.569595 287.999634
 589.000000 1.575116 287.999656
 590.000000 1.567935 287.999632
 591.000000 1.572445 287.999657
 592.000000 1.560158 287.999632
 593.000000 1.574857 287.999659
 594.000000 1.575749 287.999658
 595.000000 1.553645 287.999600
 596.000000 1.572005 287.999662
 597.000000 1.575030 287.999672
 598.000000 1.571240 287.999643
 599.000000 1.578442 287.999668
 600.000000 1.583015 287.999684
 601.000000 1.562822 287.999621
 602.000000 1.592142 287.999699
 603.000000 1.575450 287.999654
 604.000000 1.569548 287.999652
 605.000000 1.566671 287.999636
 606.000000 1.569232 287.999649
 607.000000 1.576038 287.999662
 608.000000 1.554724 287.999592
 609.000000 1.569733 287.999651
 610.000000 1.568977 287.999648
 611.000000 1.583385 287.999688
 612.000000 1.587651 287.999701
 613.000000 1.574411 287.999656
 614.000000 1.576740 287.999670
 615.000000 1.585766 287.999697
 616.000000 1.575956 287.999649
 617.000000 1.578732 287.999672
 618.000000 1.566701 287.999647
 619.000000 1.575927 287.999665
 620.000000 1.573263 287.999656
 621.000000 1.573564 287.999663
 622.000000 1.563802 287.999639
 623.000000 1.567888 287.999647
 624.000000 1.568449 287.999657
 625.000000 1.579136 287.999664
 626.000000 1.585063 287.999683
 627.000000 1.572049 287.999639
 628.000000 1.569958 287.999643
 629.000000 1.587693 287.999703
 630.000000 1.588227 287.999695
 631.000000 1.578211 287.999665
 632.000000 1.597675 287.999716
 633.000000 1.600608 287.999717
 634.000000 1.594863 287.999696
 635.000000 1.600200 287.999730
 636.000000 1.594027 287.999702
 637.000000 1.578275 287.999673
 638.000000 1.603332 287.999724
 639.000000 1.602004 287.999731
 640.000000 1.571285 287.999642
 641.000000 1.601296 287.999714
 642.000000 1.602980 287.999705
 643.000000 1.582518 287.999684
 644.000000 1.596403 287.999710
 645.000000 1.582515 287.999680
 646.000000 1.578652 287.999657
 647.000000 1.596341 287.999713
 648.000000 1.579790 287.999664
 649.000000 1.588276 287.999695
 650.000000 1.598147 287.999719
 651.000000 1.583829 287.999695
 652.000000 1.617682 287.999755
 653.000000 1.609414 287.999746
 654.000000 1.612558 287.999739
 655.000000 1.599900 287.999722
 656.000000 1.605222 287.999734
 657.000000 1.597728 287.999727
 658.000000 1.607832 287.999742
 659.000000 1.587980 287.999701
 660.000000 1.599613 287.999721
 661.000000 1.603823 287.999736
 662.000000 1.599963 287.999717
 663.000000 1.605925 287.999731
 664.000000 1.578571 287.999655
 665.000000 1.596400 287.999705
 666.000000 1.613224 287.999756
 667.000000 1.594940 287.999725
 668.000000 1.598253 287.999711
 669.000000 1.589894 287.999703
 670.000000 1.588390 287.999689
 671.000000 1.577957 287.999666
 672.000000 1.596795 287.999722
 673.000000 1.602505 287.999731
 674.000000 1.580327 287.999686
 675.000000 1.595523 287.999709
 676.000000 1.577141 287.999670
 677.000000 1.585488 287.999697
 678.000000 1.586490 287.999700
 679.000000 1.600717 287.999719
 680.000000 1.578232 287.999675
 681.000000 1.589543 287.999683
 682.000000 1.592734 287.999712
 683.000000 1.582586 287.999672
 684.000000 1.571130 287.999666
 685.000000 1.598856 287.999722
 686.000000 1.590146 287.999698
 687.000000 1.580364 287.999676
 688.000000 1.578098 287.999675
 689.000000 1.583238 287.999691
 690.000000 1.553487 287.999606
 691.000000 1.546811 287.999584
 692.000000 1.568899 287.999651
 693.000000 1.587184 287.999687
 694.000000 1.579740 287.999674
 695.000000 1.578331 287.999676
 696.000000 1.580535 287.999677
 697.000000 1.562331 287.999624
 698.000000 1.576684 287.999661
 699.000000 1.574400 287.999652
 700.000000 1.593651 287.999673
 701.000000 1.586453 287.999684
 702.000000 1.568856 287.999632
 703.000000 1.593671 287.999691
 704.000000 1.591938 287.999685
 705.000000 1.584605 287.999675
 706.000000 1.558094 287.999602
 707.000000 1.558741 287.999606
 708.000000 1.565667 287.999616
 709.000000 1.572608 287.999640
 710.000000 1.579551 287.999679
 711.000000 1.571932 287.999649
 712.000000 1.590483 287.999697
 713.000000 1.579326 287.999676
 714.000000 1.583982 287.999698
 715.000000 1.589652 287.999711
 716.000000 1.581073 287.999689
 717.000000 1.600306 287.999728
 718.000000 1.576332 287.999677
 719.000000 1.576923 287.999680
 720.000000 1.572861 287.999662
 721.000000 1.571948 287.999667
 722.000000 1.578194 287.999678
 723.000000 1.587003 287.999699
 724.000000 1.585470 287.999697
 725.000000 1.579657 287.999687
 726.000000 1.580199 287.999682
 727.000000 1.572131 287.999655
 728.000000 1.561251 287.999628
 729.000000 1.569917 287.999656
 730.000000 1.547895 287.999577
 731.000000 1.558593 287.999611
 732.000000 1.580995 287.999676
 733.000000 1.591766 287.999705
 734.000000 1.572852 287.999667
 735.000000 1.575355 287.999656
 736.000000 1.588470 287.999697
 737.000000 1.596110 287.999713
 738.000000 1.574594 287.999658
 739.000000 1.578443 287.999664
 740.000000 1.551691 287.999581
 741.000000 1.600558 287.999723
 742.000000 1.578694 287.999666
 743.000000 1.593023 287.999701
 744.000000 1.585079 287.999689
 745.000000 1.581027 287.999685
 746.000000 1.584869 287.999693
 747.000000 1.578297 287.999670
 748.000000 1.593056 287.999715
 749.000000 1.585720 287.999696
 750.000000 1.610533 287.999750
 751.000000 1.582861 287.999685
 752.000000 1.599053 287.999724
 753.000000 1.572128 287.999657
 754.000000 1.592375 287.999710
 755.000000 1.582093 287.999687
 756.000000 1.612278 287.999752
 757.000000 1.593722 287.999700
 758.000000 1.607013 287.999733
 759.000000 1.611017 287.999746
 760.000000 1.611815 287.999751
 761.000000 1.598815 287.999725
 762.000000 1.628735 287.999777
 763.000000 1.605446 287.999730
 764.000000 1.600742 287.999720
 765.000000 1.602211 287.999730
 766.000000 1.599585 287.999728
 767.000000 1.596192 287.999722
 768.000000 1.635310 287.999792
 769.000000 1.603500 287.999733
 770.000000 1.620540 287.999762
 771.000000 1.624282 287.999766
 772.000000 1.616438 287.999751
 773.000000 1.587466 287.999692
 774.000000 1.610978 287.999740
 775.000000 1.595174 287.999707
 776.000000 1.623492 287.999764
 777.000000 1.625978 287.999747
 778.000000 1.606478 287.999734
 779.000000 1.616242 287.999755
 780.000000 1.634354 287.999785
 781.000000 1.633433 287.999781
 782.000000 1.624157 287.999769
 783.000000 1.622362 287.999759
 784.000000 1.650459 287.999793
 785.000000 1.624517 287.999765
 786.000000 1.630275 287.999774
 787.000000 1.622231 287.999761
 788.000000 1.628923 287.999782
 789.000000 1.617773 287.999760
 790.000000 1.611349 287.999753
 791.000000 1.607018 287.999734
 792.000000 1.603518 287.999740
 793.000000 1.602869 287.999731
 794.000000 1.624226 287.999772
 795.000000 1.620114 287.999761
 796.000000 1.619973 287.999750
 797.000000 1.624523 287.999777
 798.000000 1.648507 287.999810
 799.000000 1.620267 287.999763
 800.000000 1.619125 287.999756
 801.000000 1.633679 287.999785
 802.000000 1.633071 287.999793
 803.000000 1.608553 287.999740
 804.000000 1.605647 287.999743
 805.000000 1.637069 287.999794
 806.000000 1.623257 287.999771
 807.000000 1.618706 287.999769
 808.000000 1.629350 287.999779
 809.000000 1.642955 287.999803
 810.000000 1.609666 287.999749
 811.000000 1.642559 287.999807
 812.000000 1.621304 287.999768
 813.000000 1.631179 287.999784
 814.000000 1.632882 287.999790
 815.000000 1.632023 287.999786
 816.000000 1.643191 287.999803
 817.000000 1.630728 287.999778
 818.000000 1.624593 287.999771
 819.000000 1.621594 287.999764
 820.000000 1.616104 287.999760
 821.000000 1.638985 287.999795
 822.000000 1.624005 287.999773
 823.000000 1.610305 287.999735
 824.000000 1.614177 287.999748
 825.000000 1.633310 287.999790
 826.000000 1.648610 287.999810
 827.000000 1.631178 287.999788
 828.000000 1.617340 287.999763
 829.000000 1.641333 287.999800
 830.000000 1.641768 287.999799
 831.000000 1.641228 287.999800
 832.000000 1.626646 287.999775
 833.000000 1.632287 287.999788
 834.000000 1.641117 287.999796
 835.000000 1.639300 287.999799
 836.000000 1.657282 287.999822
 837.000000 1.625717 287.999771
 838.000000 1.619186 287.999763
 839.000000 1.617851 287.999760
 840.000000 1.612168 287.999741
 841.000000 1.628263 287.999770
 842.000000 1.600267 287.999720
 843.000000 1.624711 287.999770
 844.000000 1.607334 287.999735
 845.000000 1.594253 287.999713
 846.000000 1.617046 287.999753
 847.000000 1.603424 287.999740
 848.000000 1.613607 287.999748
 849.000000 1.620259 287.999765
 850.000000 1.606702 287.999743
 851.000000 1.640457 287.999802
 852.000000 1.647842 287.999813
 853.000000 1.648943 287.999814
 854.000000 1.628050 287.999781
 855.000000 1.617352 287.999759
 856.000000 1.611968 287.999749
 857.000000 1.633945 287.999793
 858.000000 1.617097 287.999754
 859.000000 1.614134 287.999749
 860.000000 1.618473 287.999761
 861.000000 1.607612 287.999744
 862.000000 1.609613 287.999744
 863.000000 1.600912 287.999725
 864.000000 1.625063 287.999776
 865.000000 1.610883 287.999752
 866.000000 1.595406 287.999718
 867.000000 1.604977 287.999732
 868.000000 1.599172 287.999726
 869.000000 1.612476 287.999742
 870.000000 1.598655 287.999715
 871.000000 1.609351 287.999738
 872.000000 1.609781 287.999741
 873.000000 1.604009 287.999728
 874.000000 1.595276 287.999713
 875.000000 1.593503 287.999699
 876.000000 1.614817 287.999753
 877.000000 1.606277 287.999732
 878.000000 1.612640 287.999744
 879.000000 1.604758 287.999719
 880.000000 1.641476 287.999799
 881.000000 1.619075 287.999762
 882.000000 1.605773 287.999726
 883.000000 1.618947 287.999761
 884.000000 1.606148 287.999726
 885.000000 1.618753 287.999751
 886.000000 1.600265 287.999720
 887.000000 1.598453 287.999724
 888.000000 1.614470 287.999752
 889.000000 1.603595 287.999732
 890.000000 1.614336 287.999749
 891.000000 1.614616 287.999761
 892.000000 1.603345 287.999739
 893.000000 1.607156 287.999746
 894.000000 1.621215 287.999764
 895.000000 1.625392 287.999770
 896.000000 1.625540 287.999769
 897.000000 1.626408 287.999777
 898.000000 1.633803 287.999785
 899.000000 1.633031 287.999784
 900.000000 1.627261 287.999775
 901.000000 1.632047 287.999777
 902.000000 1.620232 287.999764
 903.000000 1.619834 287.999761
 904.000000 1.620976 287.999769
 905.000000 1.625200 287.999763
 906.000000 1.608438 287.999738
 907.000000 1.603080 287.999741
 908.000000 1.615914 287.999756
 909.000000 1.607190 287.999737
 910.000000 1.612495 287.999742
 911.000000 1.629775 287.999782
 912.000000 1.606996 287.999745
 913.000000 1.613806 287.999753
 914.000000 1.628427 287.999782
 915.000000 1.628143 287.999784
 916.000000 1.614215 287.999754
 917.000000 1.624894 287.999770
 918.000000 1.613525 287.999752
 919.000000 1.591836 287.999705
 920.000000 1.621906 287.999763
 921.000000 1.591937 287.999705
 922.000000 1.597317 287.999715
 923.000000 1.592376 287.999713
 924.000000 1.601737 287.999726
 925.000000 1.605514 287.999721
 926.000000 1.599792 287.999734
 927.000000 1.586637 287.999686
 928.000000 1.610164 287.999727
 929.000000 1.585014 287.999681
 930.000000 1.597516 287.999717
 931.000000 1.594196 287.999702
 932.000000 1.613357 287.999751
 933.000000 1.593775 287.999698
 934.000000 1.601723 287.999733
 935.000000 1.609870 287.999744
 936.000000 1.612332 287.999733
 937.000000 1.606068 287.999729
 938.000000 1.594663 287.999711
 939.000000 1.600034 287.999715
 940.000000 1.597002 287.999715
 941.000000 1.605760 287.999733
 942.000000 1.609785 287.999739
 943.000000 1.626549 287.999769
 944.000000 1.608153 287.999739
 945.000000 1.604172 287.999731
 946.000000 1.613539 287.999752
 947.000000 1.612896 287.999749
 948.000000 1.636915 287.999788
 949.000000 1.610140 287.999751
 950.000000 1.632322 287.999781
 951.000000 1.620716 287.999773
 952.000000 1.593053 287.999708
 953.000000 1.605347 287.999740
 954.000000 1.628166 287.999777
 955.000000 1.600102 287.999715
 956.000000 1.591916 287.999694
 957.000000 1.595658 287.999715
 958.000000 1.596668 287.999719
 959.000000 1.623367 287.999772
 960.000000 1.597372 287.999719
 961.000000 1.599819 287.999727
 962.000000 1.596364 287.999722
 963.000000 1.611935 287.999754
 964.000000 1.595455 287.999724
 965.000000 1.582177 287.999691
 966.000000 1.598684 287.999717
 967.000000 1.591984 287.999705
 968.000000 1.589750 287.999683
 969.000000 1.582628 287.999675
 970.000000 1.603086 287.999733
 971.000000 1.616021 287.999754
 972.000000 1.609735 287.999740
 973.000000 1.576262 287.999671
 974.000000 1.581757 287.999693
 975.000000 1.583158 287.999693
 976.000000 1.602196 287.999728
 977.000000 1.603761 287.999739
 978.000000 1.602518 287.999729
 979.000000 1.607971 287.999742
 980.000000 1.603846 287.999738
 981.000000 1.610956 287.999749
 982.000000 1.612102 287.999748
 983.000000 1.608771 287.999744
 984.000000 1.600531 287.999737
 985.000000 1.619570 287.999768
 986.000000 1.610572 287.999754
 987.000000 1.603881 287.999731
 988.000000 1.615959 287.999755
 989.000000 1.623483 287.999773
 990.000000 1.642570 287.999800
 991.000000 1.609379 287.999742
 992.000000 1.594054 287.999702
 993.000000 1.610760 287.999742
 994.000000 1.620099 287.999764
 995.000000 1.616105 287.999761
 996.000000 1.616875 287.999754
 997.000000 1.584303 287.999685
 998.000000 1.603139 287.999718
 999.000000 1.620007 287.999764
 1000.000000 1.606770 287.999744
