# Time-averaged data for fix AVG
# TimeStep v_Vol v_H
13250000 10.7794 1.66305
13251000 10.777 -4.45396
13252000 10.7827 -4.53234
13253000 10.7669 -4.53796
13254000 10.7859 -4.54241
13255000 10.7152 -4.36977
13256000 10.7767 -4.46369
13257000 10.7375 -4.61546
13258000 10.6969 -4.34431
13259000 10.7057 -4.25294
13260000 10.7126 -4.39437
13261000 10.7143 -4.44092
13262000 10.7276 -4.40069
13263000 10.7436 -4.46675
13264000 10.7168 -4.36284
13265000 10.7453 -4.55563
13266000 10.7481 -4.35498
13267000 10.6732 -4.30917
13268000 10.6981 -4.43407
13269000 10.7309 -4.4764
13270000 10.7026 -4.4076
13271000 10.7247 -4.41622
13272000 10.7023 -4.39052
13273000 10.7963 -4.55426
13274000 10.8354 -4.61536
13275000 10.8171 -4.52507
13276000 10.7862 -4.45188
13277000 10.8064 -4.46759
13278000 10.7808 -4.51108
13279000 10.6773 -4.40098
13280000 10.7695 -4.43342
13281000 10.6882 -4.34695
13282000 10.7286 -4.34659
13283000 10.7871 -4.39913
13284000 10.8013 -4.57985
13285000 10.7577 -4.50452
13286000 10.7835 -4.51629
13287000 10.7037 -4.2852
13288000 10.6951 -4.32634
13289000 10.7064 -4.42379
13290000 10.7396 -4.44284
13291000 10.8485 -4.62282
13292000 10.7132 -4.31472
13293000 10.7413 -4.32374
13294000 10.756 -4.45169
13295000 10.8164 -4.60791
13296000 10.7447 -4.31224
13297000 10.7154 -4.31202
13298000 10.8398 -4.62537
13299000 10.7491 -4.34129
13300000 10.7158 -4.33953
13301000 10.7595 -4.39862
13302000 10.8057 -4.52706
13303000 10.7722 -4.50756
13304000 10.8039 -4.55414
13305000 10.7945 -4.47481
13306000 10.6814 -4.27679
13307000 10.7052 -4.34933
13308000 10.7059 -4.37835
13309000 10.7366 -4.58997
13310000 10.7452 -4.5463
13311000 10.6294 -4.36079
13312000 10.7064 -4.41519
13313000 10.6659 -4.23611
13314000 10.6236 -4.23378
13315000 10.6614 -4.42842
13316000 10.6945 -4.34432
13317000 10.6853 -4.40554
13318000 10.7082 -4.44345
13319000 10.7184 -4.45095
13320000 10.7284 -4.46806
13321000 10.6877 -4.35229
13322000 10.7396 -4.3381
13323000 10.7553 -4.52194
13324000 10.7493 -4.57489
13325000 10.6433 -4.23731
13326000 10.6986 -4.34281
13327000 10.818 -4.65928
13328000 10.6952 -4.36205
13329000 10.7719 -4.50487
13330000 10.7091 -4.19769
13331000 10.7644 -4.40997
13332000 10.7478 -4.50074
13333000 10.8191 -4.6132
13334000 10.7921 -4.56538
13335000 10.7864 -4.53403
13336000 10.7391 -4.48858
13337000 10.8108 -4.62037
13338000 10.805 -4.50174
13339000 10.7548 -4.45192
13340000 10.7547 -4.46982
13341000 10.6858 -4.31443
13342000 10.7034 -4.36518
13343000 10.7519 -4.51064
13344000 10.7803 -4.53152
13345000 10.7834 -4.5073
13346000 10.7315 -4.37138
13347000 10.79 -4.67326
13348000 10.7287 -4.43617
13349000 10.7417 -4.55751
13350000 10.7057 -4.39067
13351000 10.7034 -4.38559
13352000 10.7471 -4.54533
13353000 10.6324 -4.21579
13354000 10.7332 -4.43103
13355000 10.7488 -4.43836
13356000 10.7283 -4.44152
13357000 10.7894 -4.62447
13358000 10.7484 -4.50411
13359000 10.7694 -4.54257
13360000 10.6967 -4.32491
13361000 10.7341 -4.29121
13362000 10.7936 -4.55564
13363000 10.831 -4.57597
13364000 10.6797 -4.22681
13365000 10.7633 -4.35698
13366000 10.7328 -4.44312
13367000 10.6746 -4.39611
13368000 10.7243 -4.49166
13369000 10.866 -4.67703
13370000 10.7643 -4.38922
13371000 10.742 -4.49561
13372000 10.7369 -4.43626
13373000 10.6715 -4.34651
13374000 10.8182 -4.50108
13375000 10.8324 -4.53803
13376000 10.7804 -4.49315
13377000 10.7265 -4.38972
13378000 10.6752 -4.28056
13379000 10.7292 -4.41731
13380000 10.6904 -4.35917
13381000 10.7512 -4.54235
13382000 10.7476 -4.41945
13383000 10.6681 -4.373
13384000 10.698 -4.35261
13385000 10.84 -4.83614
13386000 10.8307 -4.5613
13387000 10.7144 -4.50174
13388000 10.6827 -4.33601
13389000 10.7713 -4.73443
13390000 10.7193 -4.41025
13391000 10.7087 -4.3863
13392000 10.7808 -4.47733
13393000 10.69 -4.2355
13394000 10.8363 -4.71614
13395000 10.7612 -4.49909
13396000 10.7223 -4.43853
13397000 10.7253 -4.34167
13398000 10.7157 -4.43911
13399000 10.806 -4.60349
13400000 10.7173 -4.51309
13401000 10.7117 -4.45434
13402000 10.68 -4.47573
13403000 10.6672 -4.41271
13404000 10.7086 -4.39494
13405000 10.7062 -4.45824
13406000 10.7599 -4.50694
13407000 10.682 -4.33864
13408000 10.7236 -4.43065
13409000 10.6799 -4.32721
13410000 10.7494 -4.35205
13411000 10.7414 -4.47033
13412000 10.7053 -4.45474
13413000 10.7156 -4.48695
13414000 10.7345 -4.52938
13415000 10.66 -4.38626
13416000 10.74 -4.5213
13417000 10.7139 -4.45357
13418000 10.7843 -4.49292
13419000 10.7433 -4.43155
13420000 10.7452 -4.53906
13421000 10.6908 -4.42605
13422000 10.7637 -4.50649
13423000 10.7355 -4.43149
13424000 10.6522 -4.25287
13425000 10.7734 -4.42348
13426000 10.6906 -4.44139
13427000 10.6495 -4.19946
13428000 10.7658 -4.55516
13429000 10.7549 -4.51794
13430000 10.7055 -4.42356
13431000 10.7946 -4.47258
13432000 10.7577 -4.47606
13433000 10.6934 -4.40622
13434000 10.7093 -4.50429
13435000 10.761 -4.44746
13436000 10.6943 -4.34211
13437000 10.64 -4.27834
13438000 10.7847 -4.53952
13439000 10.662 -4.42798
13440000 10.7343 -4.40432
13441000 10.8686 -4.69389
13442000 10.8155 -4.52125
13443000 10.7238 -4.33375
13444000 10.7193 -4.35363
13445000 10.7286 -4.3458
13446000 10.7593 -4.44692
13447000 10.7885 -4.52831
13448000 10.7388 -4.44935
13449000 10.7654 -4.58873
13450000 10.6344 -4.2276
13451000 10.7272 -4.32587
13452000 10.7003 -4.30236
13453000 10.6136 -4.22514
13454000 10.7478 -4.51219
13455000 10.7422 -4.48671
13456000 10.7291 -4.57848
13457000 10.8211 -4.70361
13458000 10.6781 -4.26615
13459000 10.7138 -4.49699
13460000 10.6595 -4.28549
13461000 10.7071 -4.36217
13462000 10.7108 -4.42754
13463000 10.7153 -4.45187
13464000 10.7529 -4.44982
13465000 10.6675 -4.41648
13466000 10.708 -4.48315
13467000 10.7374 -4.48235
13468000 10.7907 -4.43303
13469000 10.7913 -4.42551
13470000 10.8053 -4.65506
13471000 10.6686 -4.40163
13472000 10.7399 -4.47429
13473000 10.8189 -4.57647
13474000 10.6754 -4.24792
13475000 10.7816 -4.53
13476000 10.6762 -4.30134
13477000 10.82 -4.61372
13478000 10.6557 -4.33566
13479000 10.7329 -4.50629
13480000 10.7169 -4.39294
13481000 10.7669 -4.55375
13482000 10.7024 -4.492
13483000 10.6937 -4.40622
13484000 10.6854 -4.35698
13485000 10.851 -4.66071
13486000 10.7066 -4.31469
13487000 10.7452 -4.43297
13488000 10.7683 -4.46235
13489000 10.7653 -4.59895
13490000 10.6498 -4.21662
13491000 10.7151 -4.5213
13492000 10.5767 -4.10062
13493000 10.7866 -4.54007
13494000 10.6346 -4.21579
13495000 10.8081 -4.54998
13496000 10.7865 -4.58176
13497000 10.7669 -4.51706
13498000 10.7886 -4.47548
13499000 10.7287 -4.46054
13500000 10.8101 -4.62519
