#! FIELDS time refcv.mean refcv.morethan uwall.bias uwall.force2 lwall.bias lwall.force2 refcv2.mean refcv2.morethan
 0.000000 0.846928 351.589171 0.000000 0.000000 0.000000 0.000000 0.893829 394.000000
 1.000000 0.851084 364.229268 0.000000 0.000000 0.000000 0.000000 0.897195 407.000000
 2.000000 0.852434 359.593457 0.000000 0.000000 0.000000 0.000000 0.898542 404.000000
 3.000000 0.846275 355.301462 0.000000 0.000000 0.000000 0.000000 0.892502 400.000000
 4.000000 0.855333 365.483578 0.000000 0.000000 0.000000 0.000000 0.901819 414.000000
 5.000000 0.849102 355.714099 0.000000 0.000000 0.000000 0.000000 0.895755 397.000000
 6.000000 0.851816 359.404566 0.000000 0.000000 0.000000 0.000000 0.897882 396.000000
 7.000000 0.855521 365.756926 0.000000 0.000000 0.000000 0.000000 0.902091 401.000000
 8.000000 0.858248 362.486621 0.000000 0.000000 0.000000 0.000000 0.905117 399.000000
 9.000000 0.856580 366.389926 0.000000 0.000000 0.000000 0.000000 0.902316 408.000000
 10.000000 0.851491 364.297592 0.000000 0.000000 0.000000 0.000000 0.897690 414.000000
 11.000000 0.850536 358.969137 0.000000 0.000000 0.000000 0.000000 0.896960 397.000000
 12.000000 0.846537 359.925515 0.000000 0.000000 0.000000 0.000000 0.892629 401.000000
 13.000000 0.850746 360.901247 0.000000 0.000000 0.000000 0.000000 0.897388 399.000000
 14.000000 0.845553 353.474443 0.000000 0.000000 0.000000 0.000000 0.891564 398.000000
 15.000000 0.851562 357.467657 0.000000 0.000000 0.000000 0.000000 0.897487 396.000000
 16.000000 0.845744 352.120260 0.000000 0.000000 0.000000 0.000000 0.891245 393.000000
 17.000000 0.850149 356.401831 0.000000 0.000000 0.000000 0.000000 0.896023 401.000000
 18.000000 0.846295 354.396168 0.000000 0.000000 0.000000 0.000000 0.892234 396.000000
 19.000000 0.846408 351.575275 0.000000 0.000000 0.000000 0.000000 0.892554 390.000000
 20.000000 0.850126 359.608803 0.000000 0.000000 0.000000 0.000000 0.896042 401.000000
 21.000000 0.849490 353.169822 0.000000 0.000000 0.000000 0.000000 0.895423 395.000000
 22.000000 0.850658 360.790658 0.000000 0.000000 0.000000 0.000000 0.896530 398.000000
 23.000000 0.856684 367.188869 0.000000 0.000000 0.000000 0.000000 0.902305 406.000000
 24.000000 0.847875 354.579619 0.000000 0.000000 0.000000 0.000000 0.894326 399.000000
 25.000000 0.852384 359.996837 0.000000 0.000000 0.000000 0.000000 0.898665 401.000000
 26.000000 0.852311 359.270905 0.000000 0.000000 0.000000 0.000000 0.898935 403.000000
 27.000000 0.847943 351.727875 0.000000 0.000000 0.000000 0.000000 0.894671 389.000000
 28.000000 0.850475 351.695106 0.000000 0.000000 0.000000 0.000000 0.897084 385.000000
 29.000000 0.851740 355.725563 0.000000 0.000000 0.000000 0.000000 0.898129 398.000000
 30.000000 0.848147 356.476133 0.000000 0.000000 0.000000 0.000000 0.894221 400.000000
 31.000000 0.844457 353.149659 0.000000 0.000000 0.000000 0.000000 0.890940 395.000000
 32.000000 0.844711 351.653981 0.000000 0.000000 0.000000 0.000000 0.891392 387.000000
 33.000000 0.849135 353.262694 0.000000 0.000000 0.000000 0.000000 0.896159 391.000000
 34.000000 0.838738 341.779887 0.000000 0.000000 0.000000 0.000000 0.885786 391.000000
 35.000000 0.840670 346.131962 0.000000 0.000000 0.000000 0.000000 0.886695 383.000000
 36.000000 0.845941 351.500184 0.000000 0.000000 0.000000 0.000000 0.891828 382.000000
 37.000000 0.851185 356.521612 0.000000 0.000000 0.000000 0.000000 0.897022 392.000000
 38.000000 0.846030 345.985073 0.000000 0.000000 0.000000 0.000000 0.892464 380.000000
 39.000000 0.848649 354.137993 0.000000 0.000000 0.000000 0.000000 0.894401 386.000000
 40.000000 0.834792 341.733856 0.000000 0.000000 0.000000 0.000000 0.881298 380.000000
 41.000000 0.841814 349.429147 0.000000 0.000000 0.000000 0.000000 0.887584 384.000000
 42.000000 0.842143 344.829442 0.000000 0.000000 0.000000 0.000000 0.888199 378.000000
 43.000000 0.841343 342.140511 0.000000 0.000000 0.000000 0.000000 0.887554 381.000000
 44.000000 0.839099 337.032877 0.000000 0.000000 0.000000 0.000000 0.885909 375.000000
 45.000000 0.844858 350.451979 0.000000 0.000000 0.000000 0.000000 0.891111 389.000000
 46.000000 0.840681 344.669099 0.000000 0.000000 0.000000 0.000000 0.886811 382.000000
 47.000000 0.839740 343.877594 0.000000 0.000000 0.000000 0.000000 0.886141 390.000000
 48.000000 0.845036 347.045684 0.000000 0.000000 0.000000 0.000000 0.891019 387.000000
 49.000000 0.845617 351.842903 0.000000 0.000000 0.000000 0.000000 0.892193 392.000000
 50.000000 0.840104 345.538744 0.000000 0.000000 0.000000 0.000000 0.887051 387.000000
 51.000000 0.846414 352.616158 0.000000 0.000000 0.000000 0.000000 0.892823 386.000000
 52.000000 0.839077 337.291838 0.000000 0.000000 0.000000 0.000000 0.885546 377.000000
 53.000000 0.842132 343.246682 0.000000 0.000000 0.000000 0.000000 0.888110 381.000000
 54.000000 0.846016 347.216870 0.000000 0.000000 0.000000 0.000000 0.891990 386.000000
 55.000000 0.838637 339.561272 0.000000 0.000000 0.000000 0.000000 0.885040 381.000000
 56.000000 0.839959 339.670646 0.000000 0.000000 0.000000 0.000000 0.885817 385.000000
 57.000000 0.844201 350.328449 0.000000 0.000000 0.000000 0.000000 0.890375 386.000000
 58.000000 0.848375 350.484233 0.000000 0.000000 0.000000 0.000000 0.894648 384.000000
 59.000000 0.844895 348.628843 0.000000 0.000000 0.000000 0.000000 0.891495 397.000000
 60.000000 0.844293 352.660976 0.000000 0.000000 0.000000 0.000000 0.890337 387.000000
 61.000000 0.850842 357.891958 0.000000 0.000000 0.000000 0.000000 0.896454 387.000000
 62.000000 0.845407 345.345424 0.000000 0.000000 0.000000 0.000000 0.892042 386.000000
 63.000000 0.846752 355.891684 0.000000 0.000000 0.000000 0.000000 0.892667 395.000000
 64.000000 0.841619 344.689465 0.000000 0.000000 0.000000 0.000000 0.888587 386.000000
 65.000000 0.842863 344.569195 0.000000 0.000000 0.000000 0.000000 0.889490 383.000000
 66.000000 0.843822 346.746467 0.000000 0.000000 0.000000 0.000000 0.890147 386.000000
 67.000000 0.843553 346.109412 0.000000 0.000000 0.000000 0.000000 0.890331 386.000000
 68.000000 0.842034 345.914033 0.000000 0.000000 0.000000 0.000000 0.888788 385.000000
 69.000000 0.843815 345.527808 0.000000 0.000000 0.000000 0.000000 0.890410 385.000000
 70.000000 0.840376 340.182276 0.000000 0.000000 0.000000 0.000000 0.886642 373.000000
 71.000000 0.844124 345.233786 0.000000 0.000000 0.000000 0.000000 0.890206 381.000000
 72.000000 0.843805 351.281032 0.000000 0.000000 0.000000 0.000000 0.889703 388.000000
 73.000000 0.845604 351.714060 0.000000 0.000000 0.000000 0.000000 0.892042 388.000000
 74.000000 0.834549 340.229126 0.000000 0.000000 0.000000 0.000000 0.881219 383.000000
 75.000000 0.840818 339.149937 0.000000 0.000000 0.000000 0.000000 0.887835 376.000000
 76.000000 0.836021 338.281072 0.000000 0.000000 0.000000 0.000000 0.883245 380.000000
 77.000000 0.835882 336.847350 0.000000 0.000000 0.000000 0.000000 0.882628 378.000000
 78.000000 0.841256 344.326878 0.000000 0.000000 0.000000 0.000000 0.887530 380.000000
 79.000000 0.842019 345.721261 0.000000 0.000000 0.000000 0.000000 0.888086 384.000000
 80.000000 0.840886 345.670637 0.000000 0.000000 0.000000 0.000000 0.887114 381.000000
 81.000000 0.837993 341.120116 0.000000 0.000000 0.000000 0.000000 0.884746 383.000000
 82.000000 0.839281 339.660463 0.000000 0.000000 0.000000 0.000000 0.885739 373.000000
 83.000000 0.836995 334.944767 0.000000 0.000000 1.113516 4.454063 0.883383 373.000000
 84.000000 0.840826 338.000650 0.000000 0.000000 0.000000 0.000000 0.887473 377.000000
 85.000000 0.842643 341.572345 0.000000 0.000000 0.000000 0.000000 0.888967 380.000000
 86.000000 0.836867 336.913090 0.000000 0.000000 0.000000 0.000000 0.883770 375.000000
 87.000000 0.842895 343.339074 0.000000 0.000000 0.000000 0.000000 0.890270 382.000000
 88.000000 0.844215 338.748777 0.000000 0.000000 0.000000 0.000000 0.890879 375.000000
 89.000000 0.838535 336.083803 0.000000 0.000000 0.000000 0.000000 0.885460 379.000000
 90.000000 0.839854 336.011557 0.000000 0.000000 0.000000 0.000000 0.886735 376.000000
 91.000000 0.841320 336.486807 0.000000 0.000000 0.000000 0.000000 0.888357 377.000000
 92.000000 0.836488 337.703178 0.000000 0.000000 0.000000 0.000000 0.882822 376.000000
 93.000000 0.836859 335.285361 0.000000 0.000000 0.510709 2.042837 0.883455 377.000000
 94.000000 0.839374 337.479406 0.000000 0.000000 0.000000 0.000000 0.886050 372.000000
 95.000000 0.834829 334.435812 0.000000 0.000000 2.446684 9.786738 0.881594 373.000000
 96.000000 0.838104 336.775030 0.000000 0.000000 0.000000 0.000000 0.884713 370.000000
 97.000000 0.841912 340.881800 0.000000 0.000000 0.000000 0.000000 0.888517 375.000000
 98.000000 0.841668 340.178544 0.000000 0.000000 0.000000 0.000000 0.887761 376.000000
 99.000000 0.834856 334.605373 0.000000 0.000000 1.944985 7.779941 0.881260 379.000000
 100.000000 0.838595 336.506514 0.000000 0.000000 0.000000 0.000000 0.885276 367.000000
 101.000000 0.838379 338.581572 0.000000 0.000000 0.000000 0.000000 0.884986 374.000000
 102.000000 0.833645 335.984642 0.000000 0.000000 0.000236 0.000943 0.879962 373.000000
 103.000000 0.834445 335.687378 0.000000 0.000000 0.097733 0.390931 0.881338 375.000000
 104.000000 0.838946 341.979290 0.000000 0.000000 0.000000 0.000000 0.885072 376.000000
 105.000000 0.835417 337.681367 0.000000 0.000000 0.000000 0.000000 0.881090 375.000000
 106.000000 0.835800 338.853679 0.000000 0.000000 0.000000 0.000000 0.882603 374.000000
 107.000000 0.835252 334.104414 0.000000 0.000000 3.593247 14.372990 0.882213 372.000000
 108.000000 0.836448 335.541529 0.000000 0.000000 0.210196 0.840784 0.883107 375.000000
 109.000000 0.840890 340.298182 0.000000 0.000000 0.000000 0.000000 0.887146 379.000000
 110.000000 0.837155 336.285151 0.000000 0.000000 0.000000 0.000000 0.884148 377.000000
 111.000000 0.840662 340.373726 0.000000 0.000000 0.000000 0.000000 0.887129 378.000000
 112.000000 0.834492 336.260406 0.000000 0.000000 0.000000 0.000000 0.880991 379.000000
 113.000000 0.835765 335.891977 0.000000 0.000000 0.011669 0.046676 0.882303 376.000000
 114.000000 0.839110 337.225664 0.000000 0.000000 0.000000 0.000000 0.885328 379.000000
 115.000000 0.837534 334.739076 0.000000 0.000000 1.589930 6.359720 0.884355 370.000000
 116.000000 0.837784 335.145683 0.000000 0.000000 0.729857 2.919428 0.885217 379.000000
 117.000000 0.840278 339.613919 0.000000 0.000000 0.000000 0.000000 0.887022 376.000000
 118.000000 0.840410 339.587818 0.000000 0.000000 0.000000 0.000000 0.887001 371.000000
 119.000000 0.842361 342.285971 0.000000 0.000000 0.000000 0.000000 0.889104 376.000000
 120.000000 0.835718 335.621095 0.000000 0.000000 0.143569 0.574277 0.882455 374.000000
 121.000000 0.835699 337.668675 0.000000 0.000000 0.000000 0.000000 0.882439 383.000000
 122.000000 0.840342 342.592605 0.000000 0.000000 0.000000 0.000000 0.887109 390.000000
 123.000000 0.838664 340.165866 0.000000 0.000000 0.000000 0.000000 0.885366 382.000000
 124.000000 0.840546 340.033758 0.000000 0.000000 0.000000 0.000000 0.887203 381.000000
 125.000000 0.836127 337.974055 0.000000 0.000000 0.000000 0.000000 0.882728 378.000000
 126.000000 0.840482 341.225324 0.000000 0.000000 0.000000 0.000000 0.887427 386.000000
 127.000000 0.838306 339.413968 0.000000 0.000000 0.000000 0.000000 0.885170 383.000000
 128.000000 0.838636 341.790337 0.000000 0.000000 0.000000 0.000000 0.885831 381.000000
 129.000000 0.840290 337.097888 0.000000 0.000000 0.000000 0.000000 0.887464 368.000000
 130.000000 0.846341 343.995005 0.000000 0.000000 0.000000 0.000000 0.893360 381.000000
 131.000000 0.840728 339.154258 0.000000 0.000000 0.000000 0.000000 0.888091 378.000000
 132.000000 0.841040 341.269984 0.000000 0.000000 0.000000 0.000000 0.888140 379.000000
 133.000000 0.840580 340.045964 0.000000 0.000000 0.000000 0.000000 0.887100 380.000000
 134.000000 0.836359 339.479412 0.000000 0.000000 0.000000 0.000000 0.882569 382.000000
 135.000000 0.844548 344.105583 0.000000 0.000000 0.000000 0.000000 0.891246 377.000000
 136.000000 0.844140 344.462848 0.000000 0.000000 0.000000 0.000000 0.890944 390.000000
 137.000000 0.844641 342.188152 0.000000 0.000000 0.000000 0.000000 0.891641 379.000000
 138.000000 0.842167 341.019216 0.000000 0.000000 0.000000 0.000000 0.889791 385.000000
 139.000000 0.841479 340.511374 0.000000 0.000000 0.000000 0.000000 0.889088 380.000000
 140.000000 0.841471 343.761171 0.000000 0.000000 0.000000 0.000000 0.888620 383.000000
 141.000000 0.839710 340.140310 0.000000 0.000000 0.000000 0.000000 0.886532 384.000000
 142.000000 0.841028 341.274904 0.000000 0.000000 0.000000 0.000000 0.888106 381.272429
 143.000000 0.840495 340.257472 0.000000 0.000000 0.000000 0.000000 0.887295 380.000000
 144.000000 0.837343 335.929408 0.000000 0.000000 0.004983 0.019933 0.884388 380.000000
 145.000000 0.839891 342.474673 0.000000 0.000000 0.000000 0.000000 0.887323 383.000000
 146.000000 0.843460 343.458733 0.000000 0.000000 0.000000 0.000000 0.890231 382.000000
 147.000000 0.841350 336.153585 0.000000 0.000000 0.000000 0.000000 0.888659 374.000000
 148.000000 0.838840 338.873886 0.000000 0.000000 0.000000 0.000000 0.885592 375.000000
 149.000000 0.840259 336.327596 0.000000 0.000000 0.000000 0.000000 0.886956 379.000000
 150.000000 0.839264 339.853922 0.000000 0.000000 0.000000 0.000000 0.885950 380.000000
 151.000000 0.837303 336.692415 0.000000 0.000000 0.000000 0.000000 0.885200 383.000000
 152.000000 0.838561 336.265837 0.000000 0.000000 0.000000 0.000000 0.886236 374.000000
 153.000000 0.842837 344.110352 0.000000 0.000000 0.000000 0.000000 0.890009 387.000000
 154.000000 0.848412 346.669029 0.000000 0.000000 0.000000 0.000000 0.895088 394.000000
 155.000000 0.843376 344.252537 0.000000 0.000000 0.000000 0.000000 0.890405 386.000000
 156.000000 0.838151 338.109856 0.000000 0.000000 0.000000 0.000000 0.884848 384.000000
 157.000000 0.843625 343.866435 0.000000 0.000000 0.000000 0.000000 0.890298 383.000000
 158.000000 0.841660 337.980263 0.000000 0.000000 0.000000 0.000000 0.889446 389.000000
 159.000000 0.849126 349.433990 0.000000 0.000000 0.000000 0.000000 0.896001 389.000000
 160.000000 0.843748 341.868071 0.000000 0.000000 0.000000 0.000000 0.891005 385.000000
 161.000000 0.845762 351.103108 0.000000 0.000000 0.000000 0.000000 0.892905 399.000000
 162.000000 0.845669 350.102923 0.000000 0.000000 0.000000 0.000000 0.892370 386.000000
 163.000000 0.844954 346.797118 0.000000 0.000000 0.000000 0.000000 0.892358 391.000000
 164.000000 0.844832 344.844543 0.000000 0.000000 0.000000 0.000000 0.891471 383.000000
 165.000000 0.840465 337.840753 0.000000 0.000000 0.000000 0.000000 0.887314 385.000000
 166.000000 0.848748 353.219551 0.000000 0.000000 0.000000 0.000000 0.895010 393.000000
 167.000000 0.839355 341.979874 0.000000 0.000000 0.000000 0.000000 0.886184 389.000000
 168.000000 0.840793 340.912344 0.000000 0.000000 0.000000 0.000000 0.887766 386.000000
 169.000000 0.844643 344.240686 0.000000 0.000000 0.000000 0.000000 0.891674 386.000000
 170.000000 0.838604 341.364860 0.000000 0.000000 0.000000 0.000000 0.885298 382.000000
 171.000000 0.840499 342.805054 0.000000 0.000000 0.000000 0.000000 0.888196 394.000000
 172.000000 0.848744 349.607792 0.000000 0.000000 0.000000 0.000000 0.895504 389.000000
 173.000000 0.848050 357.305258 0.000000 0.000000 0.000000 0.000000 0.894470 394.000000
 174.000000 0.847684 350.341137 0.000000 0.000000 0.000000 0.000000 0.894847 390.000000
 175.000000 0.844806 347.140867 0.000000 0.000000 0.000000 0.000000 0.891628 387.000000
 176.000000 0.838904 342.843085 0.000000 0.000000 0.000000 0.000000 0.886069 386.000000
 177.000000 0.843386 346.104914 0.000000 0.000000 0.000000 0.000000 0.889607 384.000000
 178.000000 0.842162 344.061591 0.000000 0.000000 0.000000 0.000000 0.888214 379.000000
 179.000000 0.840589 339.829103 0.000000 0.000000 0.000000 0.000000 0.887361 380.000000
 180.000000 0.839144 341.198970 0.000000 0.000000 0.000000 0.000000 0.885853 382.000000
 181.000000 0.839798 339.604965 0.000000 0.000000 0.000000 0.000000 0.886664 380.000000
 182.000000 0.845543 346.074859 0.000000 0.000000 0.000000 0.000000 0.892366 381.000000
 183.000000 0.842432 341.028314 0.000000 0.000000 0.000000 0.000000 0.889446 378.000000
 184.000000 0.840233 335.762379 0.000000 0.000000 0.056464 0.225855 0.887544 377.000000
 185.000000 0.846726 343.876364 0.000000 0.000000 0.000000 0.000000 0.894169 380.000000
 186.000000 0.841488 337.662954 0.000000 0.000000 0.000000 0.000000 0.888055 374.000000
 187.000000 0.839721 340.009629 0.000000 0.000000 0.000000 0.000000 0.886561 385.000000
 188.000000 0.845632 345.800447 0.000000 0.000000 0.000000 0.000000 0.892576 389.000000
 189.000000 0.841320 342.133398 0.000000 0.000000 0.000000 0.000000 0.888082 383.000000
 190.000000 0.845863 343.822881 0.000000 0.000000 0.000000 0.000000 0.892937 381.000000
 191.000000 0.844978 344.995770 0.000000 0.000000 0.000000 0.000000 0.892085 377.000000
 192.000000 0.842563 342.414078 0.000000 0.000000 0.000000 0.000000 0.888936 383.000000
 193.000000 0.837450 336.617015 0.000000 0.000000 0.000000 0.000000 0.883971 373.000000
 194.000000 0.839557 341.375489 0.000000 0.000000 0.000000 0.000000 0.886652 384.000000
 195.000000 0.840409 342.778571 0.000000 0.000000 0.000000 0.000000 0.887676 379.000000
 196.000000 0.842362 346.345623 0.000000 0.000000 0.000000 0.000000 0.889456 391.000000
 197.000000 0.842321 344.643658 0.000000 0.000000 0.000000 0.000000 0.888960 385.000000
 198.000000 0.850525 354.096746 0.000000 0.000000 0.000000 0.000000 0.897085 394.000000
 199.000000 0.838111 340.261600 0.000000 0.000000 0.000000 0.000000 0.885585 380.000000
 200.000000 0.843647 346.516760 0.000000 0.000000 0.000000 0.000000 0.890711 397.000000
 201.000000 0.845173 352.659339 0.000000 0.000000 0.000000 0.000000 0.891403 388.000000
 202.000000 0.848140 357.749849 0.000000 0.000000 0.000000 0.000000 0.894503 399.000000
 203.000000 0.842358 344.888242 0.000000 0.000000 0.000000 0.000000 0.889561 391.000000
 204.000000 0.843533 350.074782 0.000000 0.000000 0.000000 0.000000 0.890155 393.000000
 205.000000 0.847784 352.450668 0.000000 0.000000 0.000000 0.000000 0.893693 392.000000
 206.000000 0.838140 337.360308 0.000000 0.000000 0.000000 0.000000 0.885672 387.000000
 207.000000 0.842463 350.373156 0.000000 0.000000 0.000000 0.000000 0.889136 390.000000
 208.000000 0.840884 342.223413 0.000000 0.000000 0.000000 0.000000 0.887194 379.000000
 209.000000 0.836644 341.890996 0.000000 0.000000 0.000000 0.000000 0.883050 385.000000
 210.000000 0.837822 341.619936 0.000000 0.000000 0.000000 0.000000 0.884488 384.000000
 211.000000 0.840573 344.361123 0.000000 0.000000 0.000000 0.000000 0.887110 387.000000
 212.000000 0.840556 340.910758 0.000000 0.000000 0.000000 0.000000 0.887862 393.000000
 213.000000 0.838756 337.271222 0.000000 0.000000 0.000000 0.000000 0.885397 382.000000
 214.000000 0.839974 345.528913 0.000000 0.000000 0.000000 0.000000 0.886139 387.000000
 215.000000 0.840931 343.908560 0.000000 0.000000 0.000000 0.000000 0.887502 384.000000
 216.000000 0.840184 340.469332 0.000000 0.000000 0.000000 0.000000 0.887008 386.000000
 217.000000 0.835871 336.044473 0.000000 0.000000 0.000000 0.000000 0.882281 379.000000
 218.000000 0.840260 345.644101 0.000000 0.000000 0.000000 0.000000 0.886660 383.000000
 219.000000 0.843483 341.332650 0.000000 0.000000 0.000000 0.000000 0.889811 378.000000
 220.000000 0.843708 344.028589 0.000000 0.000000 0.000000 0.000000 0.890219 385.000000
 221.000000 0.839641 340.585332 0.000000 0.000000 0.000000 0.000000 0.886191 388.000000
 222.000000 0.837275 336.560201 0.000000 0.000000 0.000000 0.000000 0.884102 387.000000
 223.000000 0.839170 338.562297 0.000000 0.000000 0.000000 0.000000 0.886136 382.000000
 224.000000 0.845133 346.160312 0.000000 0.000000 0.000000 0.000000 0.891847 384.000000
 225.000000 0.850730 350.737327 0.000000 0.000000 0.000000 0.000000 0.897441 390.000000
 226.000000 0.841956 342.694724 0.000000 0.000000 0.000000 0.000000 0.889238 391.000000
 227.000000 0.843103 342.604736 0.000000 0.000000 0.000000 0.000000 0.889579 380.000000
 228.000000 0.837243 340.787337 0.000000 0.000000 0.000000 0.000000 0.883505 384.000000
 229.000000 0.841568 337.741499 0.000000 0.000000 0.000000 0.000000 0.888216 387.000000
 230.000000 0.840796 345.707140 0.000000 0.000000 0.000000 0.000000 0.887002 389.000000
 231.000000 0.841553 341.279968 0.000000 0.000000 0.000000 0.000000 0.888466 386.000000
 232.000000 0.838908 338.000517 0.000000 0.000000 0.000000 0.000000 0.886314 381.000000
 233.000000 0.838013 338.383928 0.000000 0.000000 0.000000 0.000000 0.885272 383.000000
 234.000000 0.843169 349.824109 0.000000 0.000000 0.000000 0.000000 0.889705 393.000000
 235.000000 0.839664 342.602400 0.000000 0.000000 0.000000 0.000000 0.886727 391.000000
 236.000000 0.848971 353.292524 0.000000 0.000000 0.000000 0.000000 0.895822 389.000000
 237.000000 0.841312 347.599654 0.000000 0.000000 0.000000 0.000000 0.888247 396.000000
 238.000000 0.839626 344.835112 0.000000 0.000000 0.000000 0.000000 0.886068 385.000000
 239.000000 0.843361 338.631957 0.000000 0.000000 0.000000 0.000000 0.890218 380.000000
 240.000000 0.847192 351.615874 0.000000 0.000000 0.000000 0.000000 0.893789 394.000000
 241.000000 0.840045 338.923156 0.000000 0.000000 0.000000 0.000000 0.886970 384.000000
 242.000000 0.841657 342.417367 0.000000 0.000000 0.000000 0.000000 0.888407 389.000000
 243.000000 0.840146 341.449038 0.000000 0.000000 0.000000 0.000000 0.886529 383.000000
 244.000000 0.839912 342.306809 0.000000 0.000000 0.000000 0.000000 0.886319 387.000000
 245.000000 0.838956 338.930466 0.000000 0.000000 0.000000 0.000000 0.885490 381.000000
 246.000000 0.844204 346.188527 0.000000 0.000000 0.000000 0.000000 0.890691 387.000000
 247.000000 0.841846 343.532758 0.000000 0.000000 0.000000 0.000000 0.888174 392.000000
 248.000000 0.841275 341.046209 0.000000 0.000000 0.000000 0.000000 0.888159 386.000000
 249.000000 0.852387 350.710603 0.000000 0.000000 0.000000 0.000000 0.898374 383.000000
 250.000000 0.843165 348.904642 0.000000 0.000000 0.000000 0.000000 0.889683 388.000000
 251.000000 0.844078 346.353440 0.000000 0.000000 0.000000 0.000000 0.890885 390.000000
 252.000000 0.846915 349.297153 0.000000 0.000000 0.000000 0.000000 0.893691 390.000000
 253.000000 0.844744 346.351464 0.000000 0.000000 0.000000 0.000000 0.891923 387.000000
 254.000000 0.848302 347.663555 0.000000 0.000000 0.000000 0.000000 0.895441 397.000000
 255.000000 0.849799 355.599102 0.000000 0.000000 0.000000 0.000000 0.895804 399.000000
 256.000000 0.838001 336.464496 0.000000 0.000000 0.000000 0.000000 0.885137 386.000000
 257.000000 0.848365 352.426731 0.000000 0.000000 0.000000 0.000000 0.894758 395.000000
 258.000000 0.844466 342.241321 0.000000 0.000000 0.000000 0.000000 0.891362 387.000000
 259.000000 0.851369 352.846719 0.000000 0.000000 0.000000 0.000000 0.898037 391.000000
 260.000000 0.849248 347.972077 0.000000 0.000000 0.000000 0.000000 0.896327 387.000000
 261.000000 0.841085 340.873790 0.000000 0.000000 0.000000 0.000000 0.887796 383.000000
 262.000000 0.844929 341.766366 0.000000 0.000000 0.000000 0.000000 0.891748 390.000000
 263.000000 0.845853 348.594038 0.000000 0.000000 0.000000 0.000000 0.892121 390.000000
 264.000000 0.838734 337.090817 0.000000 0.000000 0.000000 0.000000 0.884871 381.000000
 265.000000 0.839851 341.714979 0.000000 0.000000 0.000000 0.000000 0.886282 388.000000
 266.000000 0.841231 347.374009 0.000000 0.000000 0.000000 0.000000 0.887756 391.000000
 267.000000 0.846413 346.327690 0.000000 0.000000 0.000000 0.000000 0.893350 390.000000
 268.000000 0.844791 344.652621 0.000000 0.000000 0.000000 0.000000 0.892094 386.000000
 269.000000 0.839166 337.925062 0.000000 0.000000 0.000000 0.000000 0.886623 378.000000
 270.000000 0.847164 347.540598 0.000000 0.000000 0.000000 0.000000 0.893614 393.000000
 271.000000 0.843503 341.698919 0.000000 0.000000 0.000000 0.000000 0.890858 387.000000
 272.000000 0.838759 336.701749 0.000000 0.000000 0.000000 0.000000 0.886382 379.000000
 273.000000 0.841352 337.250006 0.000000 0.000000 0.000000 0.000000 0.888814 371.000000
 274.000000 0.840839 334.882353 0.000000 0.000000 1.249134 4.996536 0.887797 370.000000
 275.000000 0.838920 338.425414 0.000000 0.000000 0.000000 0.000000 0.885866 373.000000
 276.000000 0.840690 339.046760 0.000000 0.000000 0.000000 0.000000 0.887366 377.000000
 277.000000 0.841019 338.101631 0.000000 0.000000 0.000000 0.000000 0.888187 378.000000
 278.000000 0.842830 339.594776 0.000000 0.000000 0.000000 0.000000 0.890603 382.000000
 279.000000 0.841436 338.802822 0.000000 0.000000 0.000000 0.000000 0.888534 381.000000
 280.000000 0.843696 336.956764 0.000000 0.000000 0.000000 0.000000 0.890219 372.000000
 281.000000 0.842999 340.347945 0.000000 0.000000 0.000000 0.000000 0.890557 381.000000
 282.000000 0.842294 344.256621 0.000000 0.000000 0.000000 0.000000 0.889045 379.000000
 283.000000 0.836178 335.309181 0.000000 0.000000 0.477231 1.908923 0.883039 373.000000
 284.000000 0.836726 336.020025 0.000000 0.000000 0.000000 0.000000 0.883350 371.000000
 285.000000 0.841269 343.591155 0.000000 0.000000 0.000000 0.000000 0.887358 378.000000
 286.000000 0.841419 341.904719 0.000000 0.000000 0.000000 0.000000 0.887929 376.000000
 287.000000 0.836577 335.437846 0.000000 0.000000 0.316017 1.264067 0.883652 377.000000
 288.000000 0.841147 339.950748 0.000000 0.000000 0.000000 0.000000 0.887749 376.000000
 289.000000 0.842744 339.970434 0.000000 0.000000 0.000000 0.000000 0.889227 376.000000
 290.000000 0.839215 338.207094 0.000000 0.000000 0.000000 0.000000 0.886083 380.000000
 291.000000 0.841099 343.330428 0.000000 0.000000 0.000000 0.000000 0.887732 389.000000
 292.000000 0.841353 338.784786 0.000000 0.000000 0.000000 0.000000 0.888378 383.000000
 293.000000 0.840803 337.737366 0.000000 0.000000 0.000000 0.000000 0.887237 378.000000
 294.000000 0.840001 339.193981 0.000000 0.000000 0.000000 0.000000 0.886791 384.000000
 295.000000 0.843635 343.247671 0.000000 0.000000 0.000000 0.000000 0.889856 387.000000
 296.000000 0.842890 345.156403 0.000000 0.000000 0.000000 0.000000 0.888995 386.000000
 297.000000 0.840228 339.161997 0.000000 0.000000 0.000000 0.000000 0.886546 380.000000
 298.000000 0.840874 345.746906 0.000000 0.000000 0.000000 0.000000 0.887372 391.000000
 299.000000 0.840049 341.460426 0.000000 0.000000 0.000000 0.000000 0.887127 385.000000
 300.000000 0.841605 342.086309 0.000000 0.000000 0.000000 0.000000 0.888376 390.000000
 301.000000 0.841123 342.687195 0.000000 0.000000 0.000000 0.000000 0.887566 386.000000
 302.000000 0.837686 335.169871 0.000000 0.000000 0.689115 2.756460 0.884639 383.000000
 303.000000 0.844034 347.105347 0.000000 0.000000 0.000000 0.000000 0.889861 390.000000
 304.000000 0.841469 338.903630 0.000000 0.000000 0.000000 0.000000 0.887538 386.000000
 305.000000 0.840712 342.297130 0.000000 0.000000 0.000000 0.000000 0.886810 388.000000
 306.000000 0.851542 352.452340 0.000000 0.000000 0.000000 0.000000 0.897970 398.000000
 307.000000 0.841857 348.053481 0.000000 0.000000 0.000000 0.000000 0.888094 393.000000
 308.000000 0.845909 349.255388 0.000000 0.000000 0.000000 0.000000 0.891774 397.000000
 309.000000 0.847730 356.158739 0.000000 0.000000 0.000000 0.000000 0.893744 398.000000
 310.000000 0.846563 349.044958 0.000000 0.000000 0.000000 0.000000 0.893119 401.000000
 311.000000 0.852082 357.256021 0.000000 0.000000 0.000000 0.000000 0.897300 394.000000
 312.000000 0.844103 344.860391 0.000000 0.000000 0.000000 0.000000 0.890431 394.000000
 313.000000 0.843610 346.920657 0.000000 0.000000 0.000000 0.000000 0.890010 388.000000
 314.000000 0.846558 345.669860 0.000000 0.000000 0.000000 0.000000 0.892638 383.000000
 315.000000 0.849499 348.226591 0.000000 0.000000 0.000000 0.000000 0.896180 387.000000
 316.000000 0.850643 355.548320 0.000000 0.000000 0.000000 0.000000 0.896786 393.000000
 317.000000 0.842593 343.715191 0.000000 0.000000 0.000000 0.000000 0.889264 391.000000
 318.000000 0.847860 352.781073 0.000000 0.000000 0.000000 0.000000 0.893884 395.000000
 319.000000 0.841001 340.207824 0.000000 0.000000 0.000000 0.000000 0.888270 387.000000
 320.000000 0.850093 354.333304 0.000000 0.000000 0.000000 0.000000 0.896559 407.000000
 321.000000 0.843665 342.708822 0.000000 0.000000 0.000000 0.000000 0.890115 389.000000
 322.000000 0.849601 354.719854 0.000000 0.000000 0.000000 0.000000 0.895694 392.000000
 323.000000 0.845681 344.108165 0.000000 0.000000 0.000000 0.000000 0.892492 389.000000
 324.000000 0.843059 341.986485 0.000000 0.000000 0.000000 0.000000 0.889961 384.000000
 325.000000 0.843394 340.949326 0.000000 0.000000 0.000000 0.000000 0.890503 390.000000
 326.000000 0.843412 339.285897 0.000000 0.000000 0.000000 0.000000 0.890068 384.000000
 327.000000 0.844460 344.865582 0.000000 0.000000 0.000000 0.000000 0.891356 389.000000
 328.000000 0.849777 352.935764 0.000000 0.000000 0.000000 0.000000 0.896344 395.000000
 329.000000 0.842593 346.032484 0.000000 0.000000 0.000000 0.000000 0.889641 389.000000
 330.000000 0.840646 340.436184 0.000000 0.000000 0.000000 0.000000 0.887604 391.000000
 331.000000 0.845077 343.944109 0.000000 0.000000 0.000000 0.000000 0.891748 392.000000
 332.000000 0.840451 340.504429 0.000000 0.000000 0.000000 0.000000 0.887297 392.000000
 333.000000 0.845855 344.269641 0.000000 0.000000 0.000000 0.000000 0.892392 392.000000
 334.000000 0.852719 354.266627 0.000000 0.000000 0.000000 0.000000 0.899289 394.000000
 335.000000 0.851114 351.997310 0.000000 0.000000 0.000000 0.000000 0.897183 389.000000
 336.000000 0.844643 341.336730 0.000000 0.000000 0.000000 0.000000 0.892202 382.000000
 337.000000 0.845843 344.913174 0.000000 0.000000 0.000000 0.000000 0.893089 388.000000
 338.000000 0.841932 344.073121 0.000000 0.000000 0.000000 0.000000 0.889469 387.004847
 339.000000 0.841912 340.350045 0.000000 0.000000 0.000000 0.000000 0.888897 384.000000
 340.000000 0.843217 343.406014 0.000000 0.000000 0.000000 0.000000 0.889936 389.000000
 341.000000 0.848594 352.766400 0.000000 0.000000 0.000000 0.000000 0.895791 396.000000
 342.000000 0.844383 346.254776 0.000000 0.000000 0.000000 0.000000 0.891249 397.000000
 343.000000 0.843728 339.545783 0.000000 0.000000 0.000000 0.000000 0.890811 388.000000
 344.000000 0.846256 349.860527 0.000000 0.000000 0.000000 0.000000 0.892996 396.000000
 345.000000 0.847286 343.915344 0.000000 0.000000 0.000000 0.000000 0.894691 397.000000
 346.000000 0.845241 343.701635 0.000000 0.000000 0.000000 0.000000 0.891992 395.000000
 347.000000 0.846238 342.819954 0.000000 0.000000 0.000000 0.000000 0.892238 387.000000
 348.000000 0.840797 338.298497 0.000000 0.000000 0.000000 0.000000 0.887228 382.000000
 349.000000 0.847820 351.045306 0.000000 0.000000 0.000000 0.000000 0.894180 399.000000
 350.000000 0.851183 356.312318 0.000000 0.000000 0.000000 0.000000 0.897208 399.000000
 351.000000 0.846812 350.867966 0.000000 0.000000 0.000000 0.000000 0.892962 392.000000
 352.000000 0.850553 359.363587 0.000000 0.000000 0.000000 0.000000 0.896487 405.000000
 353.000000 0.849113 345.758853 0.000000 0.000000 0.000000 0.000000 0.896129 399.000000
 354.000000 0.847239 351.644299 0.000000 0.000000 0.000000 0.000000 0.893372 395.000000
 355.000000 0.850745 355.610523 0.000000 0.000000 0.000000 0.000000 0.896546 395.000000
 356.000000 0.841350 343.565676 0.000000 0.000000 0.000000 0.000000 0.888247 389.000000
 357.000000 0.852460 358.025903 0.000000 0.000000 0.000000 0.000000 0.899405 416.000000
 358.000000 0.849876 352.088512 0.000000 0.000000 0.000000 0.000000 0.896874 397.000000
 359.000000 0.854561 358.655864 0.000000 0.000000 0.000000 0.000000 0.901166 403.000000
 360.000000 0.848618 354.601189 0.000000 0.000000 0.000000 0.000000 0.895457 410.000000
 361.000000 0.857035 365.299294 0.000000 0.000000 0.000000 0.000000 0.903440 411.000000
 362.000000 0.846830 346.656526 0.000000 0.000000 0.000000 0.000000 0.893908 391.000000
 363.000000 0.846076 347.666050 0.000000 0.000000 0.000000 0.000000 0.892348 396.000000
 364.000000 0.846290 351.568728 0.000000 0.000000 0.000000 0.000000 0.891993 394.000000
 365.000000 0.847174 351.606059 0.000000 0.000000 0.000000 0.000000 0.893072 393.000000
 366.000000 0.852212 359.868994 0.000000 0.000000 0.000000 0.000000 0.898208 400.000000
 367.000000 0.849365 352.531531 0.000000 0.000000 0.000000 0.000000 0.894957 394.000000
 368.000000 0.846916 345.820974 0.000000 0.000000 0.000000 0.000000 0.893790 394.000000
 369.000000 0.847416 347.314035 0.000000 0.000000 0.000000 0.000000 0.893900 395.000000
 370.000000 0.843150 345.244548 0.000000 0.000000 0.000000 0.000000 0.889902 398.000000
 371.000000 0.840671 336.915350 0.000000 0.000000 0.000000 0.000000 0.887730 385.000000
 372.000000 0.850048 354.425263 0.000000 0.000000 0.000000 0.000000 0.896284 399.000000
 373.000000 0.843435 345.534473 0.000000 0.000000 0.000000 0.000000 0.890373 392.000000
 374.000000 0.850603 352.076438 0.000000 0.000000 0.000000 0.000000 0.897155 398.000000
 375.000000 0.840657 340.169303 0.000000 0.000000 0.000000 0.000000 0.887726 379.000000
 376.000000 0.836230 338.664998 0.000000 0.000000 0.000000 0.000000 0.882818 381.000000
 377.000000 0.839957 339.081424 0.000000 0.000000 0.000000 0.000000 0.886317 378.000000
 378.000000 0.840793 338.072432 0.000000 0.000000 0.000000 0.000000 0.887648 384.000000
 379.000000 0.842929 342.231134 0.000000 0.000000 0.000000 0.000000 0.889809 386.000000
 380.000000 0.841473 336.694589 0.000000 0.000000 0.000000 0.000000 0.888142 377.000000
 381.000000 0.839212 335.848559 0.000000 0.000000 0.022934 0.091738 0.886240 373.000000
 382.000000 0.842020 339.560792 0.000000 0.000000 0.000000 0.000000 0.888597 379.000000
 383.000000 0.841313 342.551940 0.000000 0.000000 0.000000 0.000000 0.887977 390.000000
 384.000000 0.842779 346.535556 0.000000 0.000000 0.000000 0.000000 0.889262 394.000000
 385.000000 0.839864 338.827948 0.000000 0.000000 0.000000 0.000000 0.886194 382.000000
 386.000000 0.843279 341.899268 0.000000 0.000000 0.000000 0.000000 0.889445 391.000000
 387.000000 0.844388 345.219921 0.000000 0.000000 0.000000 0.000000 0.891197 390.000000
 388.000000 0.845473 345.880530 0.000000 0.000000 0.000000 0.000000 0.891626 393.000000
 389.000000 0.848573 351.991765 0.000000 0.000000 0.000000 0.000000 0.894705 396.000000
 390.000000 0.845454 346.357107 0.000000 0.000000 0.000000 0.000000 0.891936 388.000000
 391.000000 0.847881 347.416760 0.000000 0.000000 0.000000 0.000000 0.894243 386.000000
 392.000000 0.846582 345.951909 0.000000 0.000000 0.000000 0.000000 0.893025 391.000000
 393.000000 0.843719 336.330393 0.000000 0.000000 0.000000 0.000000 0.890612 377.000000
 394.000000 0.844907 343.775156 0.000000 0.000000 0.000000 0.000000 0.892258 384.000000
 395.000000 0.847357 342.927285 0.000000 0.000000 0.000000 0.000000 0.894475 389.000000
 396.000000 0.855887 361.033941 0.000000 0.000000 0.000000 0.000000 0.901893 404.000000
 397.000000 0.853119 354.583254 0.000000 0.000000 0.000000 0.000000 0.900208 411.000000
 398.000000 0.852431 354.507050 0.000000 0.000000 0.000000 0.000000 0.899282 397.000000
 399.000000 0.856063 360.998655 0.000000 0.000000 0.000000 0.000000 0.902942 405.000000
 400.000000 0.853572 357.688637 0.000000 0.000000 0.000000 0.000000 0.900453 407.000000
 401.000000 0.849096 350.813817 0.000000 0.000000 0.000000 0.000000 0.896487 400.000000
 402.000000 0.848419 352.123707 0.000000 0.000000 0.000000 0.000000 0.894916 405.000000
 403.000000 0.850718 353.271519 0.000000 0.000000 0.000000 0.000000 0.896996 395.000000
 404.000000 0.850703 359.874942 0.000000 0.000000 0.000000 0.000000 0.896991 406.000000
 405.000000 0.850025 353.553191 0.000000 0.000000 0.000000 0.000000 0.896724 397.000000
 406.000000 0.850313 353.547134 0.000000 0.000000 0.000000 0.000000 0.897787 399.000000
 407.000000 0.845809 344.423718 0.000000 0.000000 0.000000 0.000000 0.892926 397.000000
 408.000000 0.847768 349.787522 0.000000 0.000000 0.000000 0.000000 0.894681 390.000000
 409.000000 0.849058 348.765376 0.000000 0.000000 0.000000 0.000000 0.895882 395.000000
 410.000000 0.851572 358.769613 0.000000 0.000000 0.000000 0.000000 0.898111 407.000000
 411.000000 0.846444 351.762506 0.000000 0.000000 0.000000 0.000000 0.893030 396.000000
 412.000000 0.848114 352.644434 0.000000 0.000000 0.000000 0.000000 0.895372 400.000000
 413.000000 0.848277 351.061689 0.000000 0.000000 0.000000 0.000000 0.895440 406.000000
 414.000000 0.844747 350.979568 0.000000 0.000000 0.000000 0.000000 0.891894 402.000000
 415.000000 0.853465 359.113074 0.000000 0.000000 0.000000 0.000000 0.900101 403.000000
 416.000000 0.846283 348.115489 0.000000 0.000000 0.000000 0.000000 0.892883 394.000000
 417.000000 0.850927 354.129852 0.000000 0.000000 0.000000 0.000000 0.897926 402.000000
 418.000000 0.844090 345.238490 0.000000 0.000000 0.000000 0.000000 0.891272 396.000000
 419.000000 0.844308 340.906227 0.000000 0.000000 0.000000 0.000000 0.891797 386.000000
 420.000000 0.851660 351.994526 0.000000 0.000000 0.000000 0.000000 0.898023 401.000000
 421.000000 0.848570 349.292684 0.000000 0.000000 0.000000 0.000000 0.895021 400.000000
 422.000000 0.852741 356.552103 0.000000 0.000000 0.000000 0.000000 0.899142 406.000000
 423.000000 0.846330 346.845239 0.000000 0.000000 0.000000 0.000000 0.892379 394.000000
 424.000000 0.850026 353.604675 0.000000 0.000000 0.000000 0.000000 0.896094 398.000000
 425.000000 0.845428 345.655287 0.000000 0.000000 0.000000 0.000000 0.891792 386.000000
 426.000000 0.851037 353.687049 0.000000 0.000000 0.000000 0.000000 0.897663 400.000000
 427.000000 0.847274 349.975597 0.000000 0.000000 0.000000 0.000000 0.893673 404.000000
 428.000000 0.849341 347.665221 0.000000 0.000000 0.000000 0.000000 0.895655 396.000000
 429.000000 0.844431 347.368700 0.000000 0.000000 0.000000 0.000000 0.891508 397.000000
 430.000000 0.847778 347.073984 0.000000 0.000000 0.000000 0.000000 0.894199 393.000000
 431.000000 0.840768 346.131050 0.000000 0.000000 0.000000 0.000000 0.887113 400.000000
 432.000000 0.848260 349.330579 0.000000 0.000000 0.000000 0.000000 0.894724 399.000000
 433.000000 0.847176 348.820604 0.000000 0.000000 0.000000 0.000000 0.893470 388.000000
 434.000000 0.841568 339.631606 0.000000 0.000000 0.000000 0.000000 0.888591 384.000000
 435.000000 0.846497 345.604986 0.000000 0.000000 0.000000 0.000000 0.893330 400.000000
 436.000000 0.842935 341.317828 0.000000 0.000000 0.000000 0.000000 0.890309 387.000000
 437.000000 0.837971 334.996067 0.000000 0.000000 1.007882 4.031528 0.885102 381.000000
 438.000000 0.847960 348.139010 0.000000 0.000000 0.000000 0.000000 0.894309 389.000000
 439.000000 0.839723 344.463812 0.000000 0.000000 0.000000 0.000000 0.885985 386.000000
 440.000000 0.846890 349.647851 0.000000 0.000000 0.000000 0.000000 0.892734 395.000000
 441.000000 0.849993 355.684960 0.000000 0.000000 0.000000 0.000000 0.896128 405.000000
 442.000000 0.840946 346.984574 0.000000 0.000000 0.000000 0.000000 0.887500 394.000000
 443.000000 0.844691 343.737875 0.000000 0.000000 0.000000 0.000000 0.891593 388.000000
 444.000000 0.849257 355.288876 0.000000 0.000000 0.000000 0.000000 0.895909 396.000000
 445.000000 0.845806 345.029443 0.000000 0.000000 0.000000 0.000000 0.891965 385.000000
 446.000000 0.844768 344.106884 0.000000 0.000000 0.000000 0.000000 0.891167 387.000000
 447.000000 0.847945 349.452602 0.000000 0.000000 0.000000 0.000000 0.894440 397.000000
 448.000000 0.843275 343.918028 0.000000 0.000000 0.000000 0.000000 0.889890 389.000000
 449.000000 0.847236 349.192392 0.000000 0.000000 0.000000 0.000000 0.893677 394.000000
 450.000000 0.845122 350.722530 0.000000 0.000000 0.000000 0.000000 0.891547 390.000000
 451.000000 0.848334 355.270694 0.000000 0.000000 0.000000 0.000000 0.894114 398.000000
 452.000000 0.845392 349.648037 0.000000 0.000000 0.000000 0.000000 0.891740 389.000000
 453.000000 0.845658 350.505799 0.000000 0.000000 0.000000 0.000000 0.891536 393.000000
 454.000000 0.836843 339.623291 0.000000 0.000000 0.000000 0.000000 0.883095 391.000000
 455.000000 0.837540 336.923873 0.000000 0.000000 0.000000 0.000000 0.884144 383.000000
 456.000000 0.843598 341.139060 0.000000 0.000000 0.000000 0.000000 0.890835 387.000000
 457.000000 0.847611 349.478798 0.000000 0.000000 0.000000 0.000000 0.894580 394.000000
 458.000000 0.842278 338.552773 0.000000 0.000000 0.000000 0.000000 0.889543 385.000000
 459.000000 0.842222 344.533644 0.000000 0.000000 0.000000 0.000000 0.889144 393.000000
 460.000000 0.835721 336.216397 0.000000 0.000000 0.000000 0.000000 0.883058 386.000000
 461.000000 0.838742 338.114796 0.000000 0.000000 0.000000 0.000000 0.885478 388.000000
 462.000000 0.838362 335.596506 0.000000 0.000000 0.162807 0.651228 0.885608 381.000000
 463.000000 0.845196 348.033714 0.000000 0.000000 0.000000 0.000000 0.892111 397.000000
 464.000000 0.845413 351.301396 0.000000 0.000000 0.000000 0.000000 0.891958 403.000000
 465.000000 0.841526 342.965282 0.000000 0.000000 0.000000 0.000000 0.888691 397.000000
 466.000000 0.843615 349.700404 0.000000 0.000000 0.000000 0.000000 0.889723 397.000000
 467.000000 0.838109 338.630411 0.000000 0.000000 0.000000 0.000000 0.885378 394.000000
 468.000000 0.838552 337.068776 0.000000 0.000000 0.000000 0.000000 0.885011 384.000000
 469.000000 0.840438 338.707145 0.000000 0.000000 0.000000 0.000000 0.887290 392.000000
 470.000000 0.841772 343.959746 0.000000 0.000000 0.000000 0.000000 0.888590 394.000000
 471.000000 0.839517 337.564139 0.000000 0.000000 0.000000 0.000000 0.887025 385.000000
 472.000000 0.841257 340.275070 0.000000 0.000000 0.000000 0.000000 0.888143 380.000000
 473.000000 0.837637 340.000385 0.000000 0.000000 0.000000 0.000000 0.884885 391.000000
 474.000000 0.836510 337.242430 0.000000 0.000000 0.000000 0.000000 0.884006 385.000000
 475.000000 0.835187 335.344249 0.000000 0.000000 0.430009 1.720037 0.882925 388.000000
 476.000000 0.845374 346.076524 0.000000 0.000000 0.000000 0.000000 0.892383 389.000000
 477.000000 0.839646 337.704863 0.000000 0.000000 0.000000 0.000000 0.886754 387.000000
 478.000000 0.842226 345.193129 0.000000 0.000000 0.000000 0.000000 0.888288 391.000000
 479.000000 0.836933 338.366750 0.000000 0.000000 0.000000 0.000000 0.883604 378.000000
 480.000000 0.845958 352.856712 0.000000 0.000000 0.000000 0.000000 0.892320 398.000000
 481.000000 0.845001 348.842307 0.000000 0.000000 0.000000 0.000000 0.891554 396.000000
 482.000000 0.842790 341.105458 0.000000 0.000000 0.000000 0.000000 0.889745 382.000000
 483.000000 0.838314 338.871527 0.000000 0.000000 0.000000 0.000000 0.885114 382.000000
 484.000000 0.843706 344.757068 0.000000 0.000000 0.000000 0.000000 0.890421 386.000000
 485.000000 0.844792 342.121328 0.000000 0.000000 0.000000 0.000000 0.890942 385.143572
 486.000000 0.842763 340.182465 0.000000 0.000000 0.000000 0.000000 0.889395 390.000000
 487.000000 0.840874 343.343520 0.000000 0.000000 0.000000 0.000000 0.887324 400.000000
 488.000000 0.844097 344.253714 0.000000 0.000000 0.000000 0.000000 0.890298 391.000000
 489.000000 0.843742 342.902186 0.000000 0.000000 0.000000 0.000000 0.890077 380.000000
 490.000000 0.842486 337.905202 0.000000 0.000000 0.000000 0.000000 0.889491 376.000000
 491.000000 0.845537 346.153757 0.000000 0.000000 0.000000 0.000000 0.892224 389.000000
 492.000000 0.846453 350.354419 0.000000 0.000000 0.000000 0.000000 0.892811 398.000000
 493.000000 0.846358 350.421081 0.000000 0.000000 0.000000 0.000000 0.893089 393.000000
 494.000000 0.842289 344.526851 0.000000 0.000000 0.000000 0.000000 0.888800 381.000000
 495.000000 0.848107 345.947444 0.000000 0.000000 0.000000 0.000000 0.894958 391.000000
 496.000000 0.852065 357.193022 0.000000 0.000000 0.000000 0.000000 0.898461 398.000000
 497.000000 0.848908 354.664021 0.000000 0.000000 0.000000 0.000000 0.895013 397.000000
 498.000000 0.839843 340.095035 0.000000 0.000000 0.000000 0.000000 0.886850 389.000000
 499.000000 0.846088 343.963888 0.000000 0.000000 0.000000 0.000000 0.892715 394.000000
 500.000000 0.841077 341.856990 0.000000 0.000000 0.000000 0.000000 0.887489 387.000000
