# Time-averaged data for fix AVG
# TimeStep v_Vol v_H
12000000 8.60735 2.18913
12001000 8.64872 -3.93345
12002000 8.50512 -3.57865
12003000 8.49266 -3.73696
12004000 8.51398 -3.65478
12005000 8.53991 -3.68706
12006000 8.54989 -3.64457
12007000 8.46742 -3.53968
12008000 8.62607 -3.68155
12009000 8.56994 -3.59184
12010000 8.64972 -3.77934
12011000 8.50801 -3.45146
12012000 8.59324 -3.71672
12013000 8.56014 -3.6368
12014000 8.53386 -3.66739
12015000 8.54159 -3.62786
12016000 8.52339 -3.4739
12017000 8.51424 -3.59877
12018000 8.6103 -3.96569
12019000 8.58639 -3.83923
12020000 8.58351 -3.62006
12021000 8.60264 -3.8963
12022000 8.57286 -3.78169
12023000 8.42417 -3.45057
12024000 8.50299 -3.45212
12025000 8.5593 -3.35435
12026000 8.53376 -3.53631
12027000 8.52292 -3.50682
12028000 8.5717 -3.49867
12029000 8.51709 -3.4194
12030000 8.55875 -3.54921
12031000 8.59825 -3.71026
12032000 8.54794 -3.66462
12033000 8.57428 -3.73514
12034000 8.52106 -3.67547
12035000 8.56521 -3.80985
12036000 8.6287 -3.8884
12037000 8.54201 -3.61238
12038000 8.52838 -3.69957
12039000 8.53813 -3.74916
12040000 8.50809 -3.58632
12041000 8.55188 -3.57851
12042000 8.53692 -3.679
12043000 8.52819 -3.48598
12044000 8.53811 -3.7359
12045000 8.52654 -3.69221
12046000 8.5325 -3.73184
12047000 8.53757 -3.65166
12048000 8.61078 -3.83557
12049000 8.52378 -3.60141
12050000 8.56504 -3.65854
12051000 8.60139 -3.58651
12052000 8.48786 -3.56434
12053000 8.48582 -3.5407
12054000 8.54538 -3.58278
12055000 8.5262 -3.52834
12056000 8.53005 -3.36959
12057000 8.58418 -3.8003
12058000 8.64084 -3.91858
12059000 8.51849 -3.59189
12060000 8.62857 -3.84773
12061000 8.62614 -3.80001
12062000 8.65232 -3.67007
12063000 8.56375 -3.69744
12064000 8.53092 -3.66112
12065000 8.60719 -3.71228
12066000 8.60077 -3.68592
12067000 8.5615 -3.65353
12068000 8.52621 -3.60689
12069000 8.46566 -3.6593
12070000 8.59048 -3.67495
12071000 8.5553 -3.6117
12072000 8.5017 -3.46439
12073000 8.67812 -4.16249
12074000 8.65894 -4.05717
12075000 8.55711 -3.66774
12076000 8.61397 -3.7659
12077000 8.55173 -3.79092
12078000 8.54724 -3.55265
12079000 8.57021 -3.68955
12080000 8.59158 -3.82512
12081000 8.60765 -3.85909
12082000 8.5126 -3.62557
12083000 8.67584 -3.89409
12084000 8.54399 -3.58147
12085000 8.47669 -3.55182
12086000 8.55603 -3.7044
12087000 8.5638 -3.84068
12088000 8.59216 -3.6636
12089000 8.57348 -3.78875
12090000 8.53895 -3.51016
12091000 8.52126 -3.70816
12092000 8.59028 -3.71648
12093000 8.51388 -3.5079
12094000 8.58093 -3.80642
12095000 8.60213 -3.8372
12096000 8.49065 -3.54993
12097000 8.47683 -3.76666
12098000 8.53372 -3.71425
12099000 8.56667 -3.83113
12100000 8.43614 -3.41349
12101000 8.62874 -3.84798
12102000 8.54466 -3.74769
12103000 8.53025 -3.57042
12104000 8.53093 -3.59238
12105000 8.6217 -3.65747
12106000 8.63487 -3.78968
12107000 8.56468 -3.62692
12108000 8.63257 -3.70858
12109000 8.53444 -3.57762
12110000 8.64294 -3.76459
12111000 8.50978 -3.51407
12112000 8.51911 -3.57807
12113000 8.52963 -3.76209
12114000 8.60862 -3.86763
12115000 8.62213 -3.86245
12116000 8.55641 -3.93533
12117000 8.48062 -3.51731
12118000 8.61819 -3.91724
12119000 8.61596 -3.89406
12120000 8.59888 -3.67293
12121000 8.49315 -3.80284
12122000 8.56065 -3.50612
12123000 8.54959 -3.80486
12124000 8.61678 -3.83099
12125000 8.56075 -3.55866
12126000 8.52087 -3.77454
12127000 8.52707 -3.40824
12128000 8.55015 -3.70262
12129000 8.62535 -3.81226
12130000 8.43344 -3.4701
12131000 8.49447 -3.61518
12132000 8.48582 -3.44844
12133000 8.53489 -3.53989
12134000 8.4517 -3.509
12135000 8.50115 -3.72233
12136000 8.54392 -3.6695
12137000 8.63608 -3.8567
12138000 8.5142 -3.61822
12139000 8.50579 -3.78441
12140000 8.5547 -3.71313
12141000 8.54421 -3.698
12142000 8.40029 -3.49342
12143000 8.58879 -3.88708
12144000 8.53448 -3.64906
12145000 8.60276 -3.81759
12146000 8.52318 -3.68213
12147000 8.51075 -3.70675
12148000 8.52976 -3.68186
12149000 8.61467 -3.71597
12150000 8.56723 -3.78817
12151000 8.44986 -3.45959
12152000 8.56301 -3.71422
12153000 8.50057 -3.54198
12154000 8.50397 -3.61663
12155000 8.47725 -3.55544
12156000 8.51164 -3.70131
12157000 8.60356 -3.71075
12158000 8.45267 -3.56003
12159000 8.60823 -3.76252
12160000 8.69751 -3.75391
12161000 8.52978 -3.6859
12162000 8.5887 -3.78367
12163000 8.5421 -3.67616
12164000 8.49582 -3.72864
12165000 8.52939 -3.59674
12166000 8.64887 -3.93702
12167000 8.57682 -3.77328
12168000 8.60347 -3.61718
12169000 8.5635 -3.63722
12170000 8.57527 -3.64954
12171000 8.58104 -3.68825
12172000 8.56119 -3.75592
12173000 8.58208 -3.6608
12174000 8.61383 -3.60545
12175000 8.5471 -3.59295
12176000 8.40942 -3.47147
12177000 8.49021 -3.37495
12178000 8.63163 -3.88679
12179000 8.48489 -3.59588
12180000 8.62904 -3.92877
12181000 8.61574 -3.92964
12182000 8.66093 -3.7402
12183000 8.50361 -3.63681
12184000 8.60567 -3.82615
12185000 8.57717 -3.96318
12186000 8.53822 -3.39492
12187000 8.48202 -3.4265
12188000 8.45331 -3.50758
12189000 8.50733 -3.78797
12190000 8.54902 -3.43697
12191000 8.59335 -3.8944
12192000 8.68692 -3.87337
12193000 8.62776 -3.64147
12194000 8.58149 -3.61961
12195000 8.57143 -3.7343
12196000 8.42292 -3.63055
12197000 8.50249 -3.57962
12198000 8.60937 -3.60377
12199000 8.60895 -3.69727
12200000 8.52176 -3.77095
12201000 8.61002 -4.02426
12202000 8.59839 -3.86615
12203000 8.54664 -3.72073
12204000 8.56732 -3.598
12205000 8.62653 -3.86939
12206000 8.50895 -3.51185
12207000 8.70071 -4.13843
12208000 8.5327 -3.65655
12209000 8.5437 -3.63245
12210000 8.51819 -3.64997
12211000 8.56845 -3.67801
12212000 8.61759 -3.64396
12213000 8.57082 -3.64046
12214000 8.51624 -3.77806
12215000 8.60912 -3.84923
12216000 8.56169 -3.74579
12217000 8.47375 -3.65416
12218000 8.62481 -3.88689
12219000 8.65553 -3.91851
12220000 8.49336 -3.58879
12221000 8.52845 -3.64564
12222000 8.57478 -3.82076
12223000 8.6329 -3.82523
12224000 8.57865 -3.76627
12225000 8.49152 -3.52728
12226000 8.59549 -3.54263
12227000 8.5607 -3.43274
12228000 8.51397 -3.54678
12229000 8.54805 -3.67967
12230000 8.56577 -3.74514
12231000 8.62844 -3.76242
12232000 8.55566 -3.70804
12233000 8.53917 -3.72265
12234000 8.58772 -3.77019
12235000 8.65986 -3.91497
12236000 8.52218 -3.64414
12237000 8.49263 -3.58294
12238000 8.65296 -3.86227
12239000 8.60011 -3.75635
12240000 8.52536 -3.53592
12241000 8.52595 -3.65242
12242000 8.55365 -3.73303
12243000 8.53704 -3.69188
12244000 8.53291 -3.61621
12245000 8.53811 -3.60999
12246000 8.58725 -3.85622
12247000 8.56395 -3.66157
12248000 8.56678 -3.80507
12249000 8.49609 -3.59751
12250000 8.61233 -3.84017
