#! FIELDS time refcv.mean refcv.morethan uwall.bias uwall.force2 lwall.bias lwall.force2 refcv2.mean refcv2.morethan
 0.000000 0.732701 710.754822 0.569756 2.279026 0.000000 0.000000 0.732701 711.000000
 1.000000 0.733865 712.300123 5.290565 21.162259 0.000000 0.000000 0.733865 707.000000
 2.000000 0.733806 702.422921 0.000000 0.000000 0.000000 0.000000 0.733806 698.000000
 3.000000 0.735424 711.861231 3.464179 13.856716 0.000000 0.000000 0.735424 707.000000
 4.000000 0.728733 702.288125 0.000000 0.000000 0.000000 0.000000 0.728733 703.000000
 5.000000 0.733147 699.821295 0.000000 0.000000 0.000000 0.000000 0.733147 690.000000
 6.000000 0.731966 707.502769 0.000000 0.000000 0.000000 0.000000 0.731966 708.000000
 7.000000 0.734880 708.659424 0.000000 0.000000 0.000000 0.000000 0.734880 706.000000
 8.000000 0.739322 709.829007 0.000000 0.000000 0.000000 0.000000 0.739322 698.000000
 9.000000 0.733892 710.787412 0.620018 2.480070 0.000000 0.000000 0.733892 710.000000
 10.000000 0.734502 709.897840 0.000000 0.000000 0.000000 0.000000 0.734502 702.000000
 11.000000 0.733003 710.067521 0.004559 0.018236 0.000000 0.000000 0.733003 704.000000
 12.000000 0.736784 710.713207 0.508664 2.034656 0.000000 0.000000 0.736784 703.000000
 13.000000 0.736596 708.420669 0.000000 0.000000 0.000000 0.000000 0.736596 697.000000
 14.000000 0.738951 707.974399 0.000000 0.000000 0.000000 0.000000 0.738951 696.000000
 15.000000 0.739052 706.953705 0.000000 0.000000 0.000000 0.000000 0.739052 700.000000
 16.000000 0.736134 710.786507 0.618594 2.474376 0.000000 0.000000 0.736134 703.000000
 17.000000 0.736677 711.124943 1.265496 5.061983 0.000000 0.000000 0.736677 708.000000
 18.000000 0.733732 705.487390 0.000000 0.000000 0.000000 0.000000 0.733732 701.000000
 19.000000 0.734194 711.911276 3.652974 14.611896 0.000000 0.000000 0.734194 713.000000
 20.000000 0.732400 705.800363 0.000000 0.000000 0.000000 0.000000 0.732400 702.000000
 21.000000 0.733918 710.804173 0.646694 2.586777 0.000000 0.000000 0.733918 706.000000
 22.000000 0.736250 703.483564 0.000000 0.000000 0.000000 0.000000 0.736250 692.000000
 23.000000 0.733235 709.160072 0.000000 0.000000 0.000000 0.000000 0.733235 710.000000
 24.000000 0.737957 711.133548 1.284930 5.139722 0.000000 0.000000 0.737957 704.000000
 25.000000 0.733278 705.874861 0.000000 0.000000 0.000000 0.000000 0.733278 707.000000
 26.000000 0.733145 707.045275 0.000000 0.000000 0.000000 0.000000 0.733145 704.000000
 27.000000 0.736542 708.733673 0.000000 0.000000 0.000000 0.000000 0.736542 706.000000
 28.000000 0.737990 709.745133 0.000000 0.000000 0.000000 0.000000 0.737990 704.000000
 29.000000 0.735736 709.258734 0.000000 0.000000 0.000000 0.000000 0.735736 708.000000
 30.000000 0.738252 707.960137 0.000000 0.000000 0.000000 0.000000 0.738252 701.000000
 31.000000 0.737452 710.438975 0.192699 0.770796 0.000000 0.000000 0.737452 700.000000
 32.000000 0.737308 709.658617 0.000000 0.000000 0.000000 0.000000 0.737308 703.000000
 33.000000 0.735635 704.337393 0.000000 0.000000 0.000000 0.000000 0.735635 695.000000
 34.000000 0.737010 706.309740 0.000000 0.000000 0.000000 0.000000 0.737010 707.000000
 35.000000 0.735352 706.029178 0.000000 0.000000 0.000000 0.000000 0.735352 704.000000
 36.000000 0.733728 704.789989 0.000000 0.000000 0.000000 0.000000 0.733728 696.000000
 37.000000 0.737401 710.035279 0.001245 0.004978 0.000000 0.000000 0.737401 710.000000
 38.000000 0.737976 707.248969 0.000000 0.000000 0.000000 0.000000 0.737976 703.000000
 39.000000 0.737269 704.669647 0.000000 0.000000 0.000000 0.000000 0.737269 703.000000
 40.000000 0.737138 710.550616 0.303177 1.212710 0.000000 0.000000 0.737138 705.000000
 41.000000 0.738663 710.095868 0.009191 0.036763 0.000000 0.000000 0.738663 704.000000
 42.000000 0.736780 707.884230 0.000000 0.000000 0.000000 0.000000 0.736780 703.000000
 43.000000 0.741092 709.130103 0.000000 0.000000 0.000000 0.000000 0.741092 702.000000
 44.000000 0.735003 710.579754 0.336115 1.344458 0.000000 0.000000 0.735003 710.000000
 45.000000 0.735307 709.760233 0.000000 0.000000 0.000000 0.000000 0.735307 709.000000
 46.000000 0.737444 708.343956 0.000000 0.000000 0.000000 0.000000 0.737444 699.000000
 47.000000 0.735394 710.957762 0.917308 3.669231 0.000000 0.000000 0.735394 709.000000
 48.000000 0.732069 712.328412 5.421504 21.686016 0.000000 0.000000 0.732069 717.000000
 49.000000 0.735162 708.452092 0.000000 0.000000 0.000000 0.000000 0.735162 698.000000
 50.000000 0.734393 706.189119 0.000000 0.000000 0.000000 0.000000 0.734393 694.000000
 51.000000 0.737465 711.674629 2.804381 11.217526 0.000000 0.000000 0.737465 708.000000
 52.000000 0.737266 710.794017 0.630464 2.521855 0.000000 0.000000 0.737266 711.000000
 53.000000 0.734571 710.772015 0.596007 2.384027 0.000000 0.000000 0.734571 711.000000
 54.000000 0.737346 707.119742 0.000000 0.000000 0.000000 0.000000 0.737346 700.000000
 55.000000 0.737319 704.930779 0.000000 0.000000 0.000000 0.000000 0.737319 697.000000
 56.000000 0.733447 710.005347 0.000029 0.000114 0.000000 0.000000 0.733447 713.000000
 57.000000 0.733128 709.865494 0.000000 0.000000 0.000000 0.000000 0.733128 699.000000
 58.000000 0.735787 711.351547 1.826679 7.306718 0.000000 0.000000 0.735787 708.000000
 59.000000 0.734756 708.565737 0.000000 0.000000 0.000000 0.000000 0.734756 700.000000
 60.000000 0.736025 711.340506 1.796957 7.187828 0.000000 0.000000 0.736025 701.000000
 61.000000 0.738049 710.919189 0.844908 3.379632 0.000000 0.000000 0.738049 707.000000
 62.000000 0.736344 711.293682 1.673613 6.694451 0.000000 0.000000 0.736344 710.000000
 63.000000 0.735227 708.780662 0.000000 0.000000 0.000000 0.000000 0.735227 709.000000
 64.000000 0.735561 706.857702 0.000000 0.000000 0.000000 0.000000 0.735561 698.000000
 65.000000 0.739319 708.990051 0.000000 0.000000 0.000000 0.000000 0.739319 703.000000
 66.000000 0.733598 709.835611 0.000000 0.000000 0.000000 0.000000 0.733598 712.000000
 67.000000 0.736360 707.634154 0.000000 0.000000 0.000000 0.000000 0.736360 703.000000
 68.000000 0.734725 711.473563 2.171389 8.685556 0.000000 0.000000 0.734725 713.000000
 69.000000 0.739045 712.075497 4.307687 17.230750 0.000000 0.000000 0.739045 703.000000
 70.000000 0.738938 711.738890 3.023737 12.094947 0.000000 0.000000 0.738938 706.000000
 71.000000 0.741703 712.128995 4.532618 18.130471 0.000000 0.000000 0.741703 705.000000
 72.000000 0.740408 711.000497 1.000995 4.003978 0.000000 0.000000 0.740408 695.000000
 73.000000 0.737867 710.330443 0.109193 0.436771 0.000000 0.000000 0.737867 709.000000
 74.000000 0.738732 710.470586 0.221451 0.885805 0.000000 0.000000 0.738732 711.000000
 75.000000 0.741674 710.837529 0.701455 2.805821 0.000000 0.000000 0.741674 703.000000
 76.000000 0.738435 709.617366 0.000000 0.000000 0.000000 0.000000 0.738435 698.000000
 77.000000 0.737152 705.031820 0.000000 0.000000 0.000000 0.000000 0.737152 704.000000
 78.000000 0.743046 710.255222 0.065138 0.260554 0.000000 0.000000 0.743046 706.000000
 79.000000 0.739136 706.841835 0.000000 0.000000 0.000000 0.000000 0.739136 702.000000
 80.000000 0.737334 710.211515 0.044739 0.178955 0.000000 0.000000 0.737334 707.000000
 81.000000 0.737444 708.636037 0.000000 0.000000 0.000000 0.000000 0.737444 707.000000
 82.000000 0.732895 707.766436 0.000000 0.000000 0.000000 0.000000 0.732895 710.000000
 83.000000 0.739593 710.606098 0.367355 1.469420 0.000000 0.000000 0.739593 707.000000
 84.000000 0.737112 712.186194 4.779445 19.117779 0.000000 0.000000 0.737112 712.000000
 85.000000 0.739176 709.651189 0.000000 0.000000 0.000000 0.000000 0.739176 704.000000
 86.000000 0.740512 708.842982 0.000000 0.000000 0.000000 0.000000 0.740512 701.000000
 87.000000 0.737642 711.483825 2.201735 8.806941 0.000000 0.000000 0.737642 709.000000
 88.000000 0.737009 708.921350 0.000000 0.000000 0.000000 0.000000 0.737009 707.000000
 89.000000 0.736573 710.513060 0.263231 1.052923 0.000000 0.000000 0.736573 704.000000
 90.000000 0.738123 708.655342 0.000000 0.000000 0.000000 0.000000 0.738123 700.000000
 91.000000 0.737205 709.312688 0.000000 0.000000 0.000000 0.000000 0.737205 702.000000
 92.000000 0.741149 711.561926 2.439614 9.758455 0.000000 0.000000 0.741149 706.000000
 93.000000 0.738808 709.346214 0.000000 0.000000 0.000000 0.000000 0.738808 700.000000
 94.000000 0.738989 711.563427 2.444305 9.777221 0.000000 0.000000 0.738989 710.000000
 95.000000 0.736628 710.742954 0.551981 2.207923 0.000000 0.000000 0.736628 707.000000
 96.000000 0.740575 710.531517 0.282510 1.130041 0.000000 0.000000 0.740575 700.000000
 97.000000 0.737998 707.628568 0.000000 0.000000 0.000000 0.000000 0.737998 702.000000
 98.000000 0.737505 707.323044 0.000000 0.000000 0.000000 0.000000 0.737505 704.000000
 99.000000 0.734180 707.903151 0.000000 0.000000 0.000000 0.000000 0.734180 708.000000
 100.000000 0.740679 709.789143 0.000000 0.000000 0.000000 0.000000 0.740679 706.000000
 101.000000 0.740524 709.947947 0.000000 0.000000 0.000000 0.000000 0.740524 703.000000
 102.000000 0.737801 707.859763 0.000000 0.000000 0.000000 0.000000 0.737801 700.000000
 103.000000 0.742814 709.759087 0.000000 0.000000 0.000000 0.000000 0.742814 699.000000
 104.000000 0.737128 709.547154 0.000000 0.000000 0.000000 0.000000 0.737128 699.000000
 105.000000 0.742591 707.340991 0.000000 0.000000 0.000000 0.000000 0.742591 700.000000
 106.000000 0.742835 710.692664 0.479784 1.919136 0.000000 0.000000 0.742835 702.000000
 107.000000 0.734609 709.265605 0.000000 0.000000 0.000000 0.000000 0.734609 705.000000
 108.000000 0.735085 705.011755 0.000000 0.000000 0.000000 0.000000 0.735085 699.000000
 109.000000 0.741034 708.443732 0.000000 0.000000 0.000000 0.000000 0.741034 699.000000
 110.000000 0.734158 703.500591 0.000000 0.000000 0.000000 0.000000 0.734158 699.000000
 111.000000 0.738498 711.301283 1.693338 6.773352 0.000000 0.000000 0.738498 710.000000
 112.000000 0.736272 706.630456 0.000000 0.000000 0.000000 0.000000 0.736272 699.000000
 113.000000 0.738258 710.556891 0.310128 1.240512 0.000000 0.000000 0.738258 704.000000
 114.000000 0.739046 711.502979 2.258947 9.035787 0.000000 0.000000 0.739046 706.000000
 115.000000 0.739503 710.367893 0.135345 0.541380 0.000000 0.000000 0.739503 701.000000
 116.000000 0.736798 708.686766 0.000000 0.000000 0.000000 0.000000 0.736798 703.000000
 117.000000 0.740559 708.393496 0.000000 0.000000 0.000000 0.000000 0.740559 697.000000
 118.000000 0.744847 711.380693 1.906312 7.625249 0.000000 0.000000 0.744847 707.000000
 119.000000 0.740391 710.207739 0.043155 0.172622 0.000000 0.000000 0.740391 700.000000
 120.000000 0.738585 711.058534 1.120494 4.481977 0.000000 0.000000 0.738585 709.000000
 121.000000 0.738153 708.929611 0.000000 0.000000 0.000000 0.000000 0.738153 705.000000
 122.000000 0.739387 711.327079 1.761139 7.044556 0.000000 0.000000 0.739387 707.000000
 123.000000 0.734053 710.489282 0.239397 0.957588 0.000000 0.000000 0.734053 706.000000
 124.000000 0.735992 710.126655 0.016042 0.064166 0.000000 0.000000 0.735992 704.000000
 125.000000 0.739075 711.425931 2.033279 8.133117 0.000000 0.000000 0.739075 703.000000
 126.000000 0.734478 703.526759 0.000000 0.000000 0.000000 0.000000 0.734478 696.000000
 127.000000 0.741019 710.152292 0.023193 0.092771 0.000000 0.000000 0.741019 702.000000
 128.000000 0.735589 705.414574 0.000000 0.000000 0.000000 0.000000 0.735589 692.000000
 129.000000 0.737676 709.814650 0.000000 0.000000 0.000000 0.000000 0.737676 699.000000
 130.000000 0.740827 711.174679 1.379870 5.519479 0.000000 0.000000 0.740827 701.000000
 131.000000 0.736954 709.817593 0.000000 0.000000 0.000000 0.000000 0.736954 702.000000
 132.000000 0.735153 712.066073 4.268656 17.074623 0.000000 0.000000 0.735153 705.000000
 133.000000 0.739550 711.041437 1.084590 4.338361 0.000000 0.000000 0.739550 702.000000
 134.000000 0.740322 709.468496 0.000000 0.000000 0.000000 0.000000 0.740322 701.000000
 135.000000 0.738625 711.529778 2.340221 9.360886 0.000000 0.000000 0.738625 708.000000
 136.000000 0.739983 711.930541 3.726989 14.907957 0.000000 0.000000 0.739983 707.000000
 137.000000 0.740889 709.673181 0.000000 0.000000 0.000000 0.000000 0.740889 696.000000
 138.000000 0.736483 710.619690 0.384016 1.536064 0.000000 0.000000 0.736483 699.000000
 139.000000 0.743159 712.096798 4.396562 17.586248 0.000000 0.000000 0.743159 700.000000
 140.000000 0.737311 711.367998 1.871419 7.485677 0.000000 0.000000 0.737311 709.000000
 141.000000 0.738251 708.752294 0.000000 0.000000 0.000000 0.000000 0.738251 702.000000
 142.000000 0.736302 711.423575 2.026565 8.106259 0.000000 0.000000 0.736302 712.000000
 143.000000 0.736187 709.027048 0.000000 0.000000 0.000000 0.000000 0.736187 705.000000
 144.000000 0.735148 710.406189 0.164989 0.659957 0.000000 0.000000 0.735148 704.000000
 145.000000 0.737085 707.111392 0.000000 0.000000 0.000000 0.000000 0.737085 701.000000
 146.000000 0.736348 710.996007 0.992030 3.968120 0.000000 0.000000 0.736348 709.000000
 147.000000 0.738551 711.296603 1.681180 6.724720 0.000000 0.000000 0.738551 709.000000
 148.000000 0.736345 709.804559 0.000000 0.000000 0.000000 0.000000 0.736345 707.000000
 149.000000 0.741963 710.873613 0.763199 3.052797 0.000000 0.000000 0.741963 700.000000
 150.000000 0.739432 709.205289 0.000000 0.000000 0.000000 0.000000 0.739432 705.000000
 151.000000 0.736638 709.791296 0.000000 0.000000 0.000000 0.000000 0.736638 704.000000
 152.000000 0.739335 709.831909 0.000000 0.000000 0.000000 0.000000 0.739335 703.000000
 153.000000 0.742984 708.182213 0.000000 0.000000 0.000000 0.000000 0.742984 694.000000
 154.000000 0.736916 711.144577 1.310058 5.240230 0.000000 0.000000 0.736916 702.000000
 155.000000 0.736961 708.468769 0.000000 0.000000 0.000000 0.000000 0.736961 702.000000
 156.000000 0.736745 707.215964 0.000000 0.000000 0.000000 0.000000 0.736745 695.000000
 157.000000 0.738116 710.387233 0.149949 0.599796 0.000000 0.000000 0.738116 706.000000
 158.000000 0.731216 700.879869 0.000000 0.000000 0.000000 0.000000 0.731216 697.000000
 159.000000 0.738296 710.546249 0.298388 1.193552 0.000000 0.000000 0.738296 700.000000
 160.000000 0.738893 709.642163 0.000000 0.000000 0.000000 0.000000 0.738893 706.000000
 161.000000 0.740381 710.379968 0.144375 0.577501 0.000000 0.000000 0.740381 703.000000
 162.000000 0.734390 709.095453 0.000000 0.000000 0.000000 0.000000 0.734390 707.000000
 163.000000 0.734562 708.591633 0.000000 0.000000 0.000000 0.000000 0.734562 711.000000
 164.000000 0.732490 702.633279 0.000000 0.000000 0.000000 0.000000 0.732490 699.000000
 165.000000 0.732670 708.688571 0.000000 0.000000 0.000000 0.000000 0.732670 707.000000
 166.000000 0.738653 710.817376 0.668103 2.672412 0.000000 0.000000 0.738653 707.000000
 167.000000 0.735526 707.364925 0.000000 0.000000 0.000000 0.000000 0.735526 705.000000
 168.000000 0.737323 710.989797 0.979697 3.918789 0.000000 0.000000 0.737323 703.000000
 169.000000 0.740337 710.810020 0.656132 2.624529 0.000000 0.000000 0.740337 705.000000
 170.000000 0.738123 707.885982 0.000000 0.000000 0.000000 0.000000 0.738123 700.000000
 171.000000 0.738069 708.007247 0.000000 0.000000 0.000000 0.000000 0.738069 698.000000
 172.000000 0.735800 710.073827 0.005450 0.021801 0.000000 0.000000 0.735800 708.000000
 173.000000 0.736893 710.044976 0.002023 0.008091 0.000000 0.000000 0.736893 704.000000
 174.000000 0.737227 709.139375 0.000000 0.000000 0.000000 0.000000 0.737227 701.000000
 175.000000 0.737186 708.393574 0.000000 0.000000 0.000000 0.000000 0.737186 704.000000
 176.000000 0.736987 706.713052 0.000000 0.000000 0.000000 0.000000 0.736987 699.000000
 177.000000 0.737639 710.814340 0.663150 2.652600 0.000000 0.000000 0.737639 698.000000
 178.000000 0.738157 709.654702 0.000000 0.000000 0.000000 0.000000 0.738157 705.000000
 179.000000 0.739319 709.281247 0.000000 0.000000 0.000000 0.000000 0.739319 701.000000
 180.000000 0.734329 700.091303 0.000000 0.000000 0.000000 0.000000 0.734329 694.000000
 181.000000 0.737851 708.374122 0.000000 0.000000 0.000000 0.000000 0.737851 700.000000
 182.000000 0.734347 706.163558 0.000000 0.000000 0.000000 0.000000 0.734347 707.000000
 183.000000 0.736005 706.986022 0.000000 0.000000 0.000000 0.000000 0.736005 705.000000
 184.000000 0.737684 710.504392 0.254411 1.017646 0.000000 0.000000 0.737684 708.000000
 185.000000 0.736377 706.416837 0.000000 0.000000 0.000000 0.000000 0.736377 702.000000
 186.000000 0.734612 708.081836 0.000000 0.000000 0.000000 0.000000 0.734612 704.000000
 187.000000 0.741336 708.479729 0.000000 0.000000 0.000000 0.000000 0.741336 701.000000
 188.000000 0.735153 704.543084 0.000000 0.000000 0.000000 0.000000 0.735153 700.000000
 189.000000 0.738930 711.325017 1.755671 7.022685 0.000000 0.000000 0.738930 708.000000
 190.000000 0.736450 705.650972 0.000000 0.000000 0.000000 0.000000 0.736450 706.000000
 191.000000 0.737753 709.417783 0.000000 0.000000 0.000000 0.000000 0.737753 703.000000
 192.000000 0.735810 711.360791 1.851752 7.407010 0.000000 0.000000 0.735810 703.000000
 193.000000 0.734586 709.044493 0.000000 0.000000 0.000000 0.000000 0.734586 702.000000
 194.000000 0.738788 710.478493 0.228956 0.915824 0.000000 0.000000 0.738788 705.000000
 195.000000 0.738729 710.050293 0.002529 0.010117 0.000000 0.000000 0.738729 700.000000
 196.000000 0.734261 708.015361 0.000000 0.000000 0.000000 0.000000 0.734261 707.000000
 197.000000 0.740227 710.275318 0.075800 0.303200 0.000000 0.000000 0.740227 701.000000
 198.000000 0.734335 708.476121 0.000000 0.000000 0.000000 0.000000 0.734335 711.000000
 199.000000 0.734481 701.333228 0.000000 0.000000 0.000000 0.000000 0.734481 693.000000
 200.000000 0.736590 709.574513 0.000000 0.000000 0.000000 0.000000 0.736590 712.000000
 201.000000 0.738416 708.141493 0.000000 0.000000 0.000000 0.000000 0.738416 698.000000
 202.000000 0.738872 710.556950 0.310193 1.240771 0.000000 0.000000 0.738872 702.000000
 203.000000 0.737539 709.167425 0.000000 0.000000 0.000000 0.000000 0.737539 699.000000
 204.000000 0.736090 709.620602 0.000000 0.000000 0.000000 0.000000 0.736090 702.000000
 205.000000 0.739219 708.484270 0.000000 0.000000 0.000000 0.000000 0.739219 697.000000
 206.000000 0.737049 709.858683 0.000000 0.000000 0.000000 0.000000 0.737049 706.000000
 207.000000 0.735771 711.396350 1.949794 7.799177 0.000000 0.000000 0.735771 715.000000
 208.000000 0.735953 707.511838 0.000000 0.000000 0.000000 0.000000 0.735953 700.000000
 209.000000 0.738241 708.343788 0.000000 0.000000 0.000000 0.000000 0.738241 711.000000
 210.000000 0.742706 711.453882 2.113773 8.455092 0.000000 0.000000 0.742706 696.000000
 211.000000 0.739645 712.197064 4.827090 19.308358 0.000000 0.000000 0.739645 697.000000
 212.000000 0.740720 711.562506 2.441425 9.765700 0.000000 0.000000 0.740720 698.000000
 213.000000 0.740131 711.373715 1.887093 7.548374 0.000000 0.000000 0.740131 711.000000
 214.000000 0.736480 700.779060 0.000000 0.000000 0.000000 0.000000 0.736480 695.000000
 215.000000 0.738279 697.188677 0.000000 0.000000 0.000000 0.000000 0.738279 689.000000
 216.000000 0.740766 707.023384 0.000000 0.000000 0.000000 0.000000 0.740766 693.000000
 217.000000 0.739218 711.232492 1.519036 6.076144 0.000000 0.000000 0.739218 711.000000
 218.000000 0.739728 708.302701 0.000000 0.000000 0.000000 0.000000 0.739728 705.000000
 219.000000 0.743276 708.086619 0.000000 0.000000 0.000000 0.000000 0.743276 700.000000
 220.000000 0.743943 707.070200 0.000000 0.000000 0.000000 0.000000 0.743943 700.000000
 221.000000 0.742333 709.397743 0.000000 0.000000 0.000000 0.000000 0.742333 704.000000
 222.000000 0.740539 709.343426 0.000000 0.000000 0.000000 0.000000 0.740539 700.000000
 223.000000 0.738640 707.428133 0.000000 0.000000 0.000000 0.000000 0.738640 702.000000
 224.000000 0.737206 708.159689 0.000000 0.000000 0.000000 0.000000 0.737206 703.000000
 225.000000 0.739534 711.099871 1.209717 4.838869 0.000000 0.000000 0.739534 701.000000
 226.000000 0.739856 709.620089 0.000000 0.000000 0.000000 0.000000 0.739856 698.000000
 227.000000 0.738049 710.713680 0.509339 2.037355 0.000000 0.000000 0.738049 707.000000
 228.000000 0.735455 705.425468 0.000000 0.000000 0.000000 0.000000 0.735455 707.000000
 229.000000 0.740333 710.953491 0.909145 3.636580 0.000000 0.000000 0.740333 704.000000
 230.000000 0.737507 709.012756 0.000000 0.000000 0.000000 0.000000 0.737507 705.000000
 231.000000 0.735728 704.453141 0.000000 0.000000 0.000000 0.000000 0.735728 704.000000
 232.000000 0.737480 712.127888 4.527906 18.111622 0.000000 0.000000 0.737480 699.000000
 233.000000 0.741664 705.098828 0.000000 0.000000 0.000000 0.000000 0.741664 700.000000
 234.000000 0.736796 709.544805 0.000000 0.000000 0.000000 0.000000 0.736796 703.000000
 235.000000 0.738174 706.200209 0.000000 0.000000 0.000000 0.000000 0.738174 701.000000
 236.000000 0.736048 702.722898 0.000000 0.000000 0.000000 0.000000 0.736048 701.000000
 237.000000 0.733046 702.907606 0.000000 0.000000 0.000000 0.000000 0.733046 697.000000
 238.000000 0.733584 707.376578 0.000000 0.000000 0.000000 0.000000 0.733584 705.000000
 239.000000 0.739129 709.991549 0.000000 0.000000 0.000000 0.000000 0.739129 705.000000
 240.000000 0.736078 708.676296 0.000000 0.000000 0.000000 0.000000 0.736078 707.000000
 241.000000 0.736485 706.092486 0.000000 0.000000 0.000000 0.000000 0.736485 699.000000
 242.000000 0.734263 705.164705 0.000000 0.000000 0.000000 0.000000 0.734263 701.000000
 243.000000 0.736740 708.251782 0.000000 0.000000 0.000000 0.000000 0.736740 701.000000
 244.000000 0.733830 710.387729 0.150334 0.601335 0.000000 0.000000 0.733830 708.000000
 245.000000 0.731404 702.476909 0.000000 0.000000 0.000000 0.000000 0.731404 701.000000
 246.000000 0.734620 700.121140 0.000000 0.000000 0.000000 0.000000 0.734620 693.000000
 247.000000 0.732194 703.441907 0.000000 0.000000 0.000000 0.000000 0.732194 698.000000
 248.000000 0.734291 705.656579 0.000000 0.000000 0.000000 0.000000 0.734291 701.000000
 249.000000 0.737200 704.844069 0.000000 0.000000 0.000000 0.000000 0.737200 701.000000
 250.000000 0.730192 696.410930 0.000000 0.000000 0.000000 0.000000 0.730192 689.000000
 251.000000 0.737547 705.922500 0.000000 0.000000 0.000000 0.000000 0.737547 700.000000
 252.000000 0.735112 704.424198 0.000000 0.000000 0.000000 0.000000 0.735112 704.000000
 253.000000 0.733686 703.569739 0.000000 0.000000 0.000000 0.000000 0.733686 702.000000
 254.000000 0.732691 698.749798 0.000000 0.000000 0.000000 0.000000 0.732691 696.000000
 255.000000 0.733909 704.981896 0.000000 0.000000 0.000000 0.000000 0.733909 706.000000
 256.000000 0.734301 699.303781 0.000000 0.000000 0.000000 0.000000 0.734301 690.000000
 257.000000 0.738995 701.661777 0.000000 0.000000 0.000000 0.000000 0.738995 692.000000
 258.000000 0.731890 700.643990 0.000000 0.000000 0.000000 0.000000 0.731890 697.000000
 259.000000 0.736694 709.583174 0.000000 0.000000 0.000000 0.000000 0.736694 710.000000
 260.000000 0.738991 708.318103 0.000000 0.000000 0.000000 0.000000 0.738991 704.000000
 261.000000 0.736984 707.391653 0.000000 0.000000 0.000000 0.000000 0.736984 707.000000
 262.000000 0.737646 710.548193 0.300515 1.202061 0.000000 0.000000 0.737646 710.000000
 263.000000 0.737463 707.876143 0.000000 0.000000 0.000000 0.000000 0.737463 702.000000
 264.000000 0.732639 703.755555 0.000000 0.000000 0.000000 0.000000 0.732639 704.000000
 265.000000 0.735914 709.195964 0.000000 0.000000 0.000000 0.000000 0.735914 706.000000
 266.000000 0.735373 700.211441 0.000000 0.000000 0.000000 0.000000 0.735373 696.000000
 267.000000 0.737119 706.131655 0.000000 0.000000 0.000000 0.000000 0.737119 701.000000
 268.000000 0.735399 703.745678 0.000000 0.000000 0.000000 0.000000 0.735399 694.000000
 269.000000 0.734652 708.723448 0.000000 0.000000 0.000000 0.000000 0.734652 708.000000
 270.000000 0.735757 706.047861 0.000000 0.000000 0.000000 0.000000 0.735757 702.000000
 271.000000 0.734775 695.182930 0.000000 0.000000 0.000000 0.000000 0.734775 691.000000
 272.000000 0.738409 707.388596 0.000000 0.000000 0.000000 0.000000 0.738409 704.000000
 273.000000 0.729944 697.600625 0.000000 0.000000 0.000000 0.000000 0.729944 690.000000
 274.000000 0.733386 696.689566 0.000000 0.000000 0.000000 0.000000 0.733386 692.000000
 275.000000 0.739010 711.950002 3.802507 15.210028 0.000000 0.000000 0.739010 706.000000
 276.000000 0.737730 707.640147 0.000000 0.000000 0.000000 0.000000 0.737730 700.000000
 277.000000 0.735217 698.740911 0.000000 0.000000 0.000000 0.000000 0.735217 698.000000
 278.000000 0.740325 710.762302 0.581104 2.324417 0.000000 0.000000 0.740325 707.000000
 279.000000 0.738955 709.393640 0.000000 0.000000 0.000000 0.000000 0.738955 701.000000
 280.000000 0.740250 707.896992 0.000000 0.000000 0.000000 0.000000 0.740250 700.000000
 281.000000 0.737110 708.942273 0.000000 0.000000 0.000000 0.000000 0.737110 697.000000
 282.000000 0.737304 704.311562 0.000000 0.000000 0.000000 0.000000 0.737304 699.000000
 283.000000 0.739024 710.540160 0.291773 1.167092 0.000000 0.000000 0.739024 707.000000
 284.000000 0.736505 708.684727 0.000000 0.000000 0.000000 0.000000 0.736505 705.000000
 285.000000 0.735150 699.902281 0.000000 0.000000 0.000000 0.000000 0.735150 694.000000
 286.000000 0.736958 708.507249 0.000000 0.000000 0.000000 0.000000 0.736958 705.000000
 287.000000 0.738870 710.561778 0.315595 1.262378 0.000000 0.000000 0.738870 703.000000
 288.000000 0.737566 711.307874 1.710535 6.842141 0.000000 0.000000 0.737566 707.000000
 289.000000 0.737042 706.786612 0.000000 0.000000 0.000000 0.000000 0.737042 703.000000
 290.000000 0.738830 710.537317 0.288709 1.154838 0.000000 0.000000 0.738830 708.000000
 291.000000 0.738865 707.366790 0.000000 0.000000 0.000000 0.000000 0.738865 700.000000
 292.000000 0.736869 709.667781 0.000000 0.000000 0.000000 0.000000 0.736869 708.000000
 293.000000 0.736443 708.572975 0.000000 0.000000 0.000000 0.000000 0.736443 704.000000
 294.000000 0.737690 711.428227 2.039832 8.159329 0.000000 0.000000 0.737690 710.000000
 295.000000 0.735989 706.683901 0.000000 0.000000 0.000000 0.000000 0.735989 707.000000
 296.000000 0.735229 710.792032 0.627315 2.509260 0.000000 0.000000 0.735229 706.000000
 297.000000 0.738510 705.607522 0.000000 0.000000 0.000000 0.000000 0.738510 701.000000
 298.000000 0.735455 711.237426 1.531222 6.124888 0.000000 0.000000 0.735455 709.000000
 299.000000 0.735127 708.763922 0.000000 0.000000 0.000000 0.000000 0.735127 706.000000
 300.000000 0.735276 706.270297 0.000000 0.000000 0.000000 0.000000 0.735276 701.000000
 301.000000 0.731467 700.299107 0.000000 0.000000 0.000000 0.000000 0.731467 702.000000
 302.000000 0.735297 710.054605 0.002982 0.011927 0.000000 0.000000 0.735297 711.000000
 303.000000 0.734738 712.005232 4.020956 16.083824 0.000000 0.000000 0.734738 711.000000
 304.000000 0.736504 709.859904 0.000000 0.000000 0.000000 0.000000 0.736504 707.000000
 305.000000 0.736192 705.539413 0.000000 0.000000 0.000000 0.000000 0.736192 704.000000
 306.000000 0.735577 704.452844 0.000000 0.000000 0.000000 0.000000 0.735577 701.000000
 307.000000 0.737093 708.898724 0.000000 0.000000 0.000000 0.000000 0.737093 706.000000
 308.000000 0.734818 703.310154 0.000000 0.000000 0.000000 0.000000 0.734818 704.000000
 309.000000 0.737400 710.710601 0.504953 2.019813 0.000000 0.000000 0.737400 705.000000
 310.000000 0.733841 710.117631 0.013837 0.055349 0.000000 0.000000 0.733841 707.000000
 311.000000 0.739118 710.181722 0.033023 0.132092 0.000000 0.000000 0.739118 704.000000
 312.000000 0.741628 709.080819 0.000000 0.000000 0.000000 0.000000 0.741628 703.000000
 313.000000 0.736905 710.752688 0.566539 2.266158 0.000000 0.000000 0.736905 706.000000
 314.000000 0.739305 707.142040 0.000000 0.000000 0.000000 0.000000 0.739305 702.000000
 315.000000 0.740239 706.928835 0.000000 0.000000 0.000000 0.000000 0.740239 703.000000
 316.000000 0.737003 708.036757 0.000000 0.000000 0.000000 0.000000 0.737003 697.000000
 317.000000 0.737378 710.873653 0.763270 3.053080 0.000000 0.000000 0.737378 708.000000
 318.000000 0.736369 709.632427 0.000000 0.000000 0.000000 0.000000 0.736369 710.000000
 319.000000 0.738303 709.803314 0.000000 0.000000 0.000000 0.000000 0.738303 699.000000
 320.000000 0.737243 706.805182 0.000000 0.000000 0.000000 0.000000 0.737243 703.000000
 321.000000 0.734193 704.058344 0.000000 0.000000 0.000000 0.000000 0.734193 700.000000
 322.000000 0.737559 710.622281 0.387233 1.548933 0.000000 0.000000 0.737559 706.000000
 323.000000 0.741421 710.039989 0.001599 0.006396 0.000000 0.000000 0.741421 707.000000
 324.000000 0.740164 711.832323 3.357407 13.429626 0.000000 0.000000 0.740164 707.000000
 325.000000 0.741636 710.167409 0.028026 0.112103 0.000000 0.000000 0.741636 702.000000
 326.000000 0.740276 710.951132 0.904651 3.618605 0.000000 0.000000 0.740276 701.000000
 327.000000 0.737377 711.165392 1.358138 5.432550 0.000000 0.000000 0.737377 708.000000
 328.000000 0.734647 708.772648 0.000000 0.000000 0.000000 0.000000 0.734647 709.000000
 329.000000 0.733953 708.507866 0.000000 0.000000 0.000000 0.000000 0.733953 705.000000
 330.000000 0.737092 707.269945 0.000000 0.000000 0.000000 0.000000 0.737092 706.000000
 331.000000 0.736806 710.148061 0.021922 0.087689 0.000000 0.000000 0.736806 704.000000
 332.000000 0.733517 708.223627 0.000000 0.000000 0.000000 0.000000 0.733517 707.000000
 333.000000 0.736786 704.586336 0.000000 0.000000 0.000000 0.000000 0.736786 702.000000
 334.000000 0.739777 710.143091 0.020475 0.081900 0.000000 0.000000 0.739777 709.000000
 335.000000 0.740183 712.068953 4.280568 17.122272 0.000000 0.000000 0.740183 708.000000
 336.000000 0.735581 702.725610 0.000000 0.000000 0.000000 0.000000 0.735581 703.000000
 337.000000 0.735314 696.657366 0.000000 0.000000 0.000000 0.000000 0.735314 691.000000
 338.000000 0.737982 707.140500 0.000000 0.000000 0.000000 0.000000 0.737982 704.000000
 339.000000 0.741260 709.759820 0.000000 0.000000 0.000000 0.000000 0.741260 705.000000
 340.000000 0.740396 709.860702 0.000000 0.000000 0.000000 0.000000 0.740396 701.000000
 341.000000 0.734795 706.908420 0.000000 0.000000 0.000000 0.000000 0.734795 710.000000
 342.000000 0.740700 707.964722 0.000000 0.000000 0.000000 0.000000 0.740700 703.000000
 343.000000 0.734610 707.819569 0.000000 0.000000 0.000000 0.000000 0.734610 708.000000
 344.000000 0.733128 697.246860 0.000000 0.000000 0.000000 0.000000 0.733128 691.000000
 345.000000 0.737763 708.080331 0.000000 0.000000 0.000000 0.000000 0.737763 705.000000
 346.000000 0.736382 705.920852 0.000000 0.000000 0.000000 0.000000 0.736382 700.000000
 347.000000 0.735276 709.285190 0.000000 0.000000 0.000000 0.000000 0.735276 706.000000
 348.000000 0.739627 710.176957 0.031314 0.125255 0.000000 0.000000 0.739627 708.000000
 349.000000 0.736571 709.753840 0.000000 0.000000 0.000000 0.000000 0.736571 704.000000
 350.000000 0.739434 703.886141 0.000000 0.000000 0.000000 0.000000 0.739434 692.000000
 351.000000 0.739965 710.012513 0.000157 0.000626 0.000000 0.000000 0.739965 699.000000
 352.000000 0.738990 701.233492 0.000000 0.000000 0.000000 0.000000 0.738990 698.000000
 353.000000 0.735746 704.068676 0.000000 0.000000 0.000000 0.000000 0.735746 696.000000
 354.000000 0.737562 705.403502 0.000000 0.000000 0.000000 0.000000 0.737562 697.000000
 355.000000 0.741825 709.997536 0.000000 0.000000 0.000000 0.000000 0.741825 703.000000
 356.000000 0.738442 705.795219 0.000000 0.000000 0.000000 0.000000 0.738442 705.000000
 357.000000 0.742159 706.758352 0.000000 0.000000 0.000000 0.000000 0.742159 703.000000
 358.000000 0.741312 710.389195 0.151473 0.605892 0.000000 0.000000 0.741312 708.000000
 359.000000 0.743359 710.018839 0.000355 0.001420 0.000000 0.000000 0.743359 705.000000
 360.000000 0.735919 708.439854 0.000000 0.000000 0.000000 0.000000 0.735919 703.000000
 361.000000 0.735335 701.359146 0.000000 0.000000 0.000000 0.000000 0.735335 696.000000
 362.000000 0.736346 709.353008 0.000000 0.000000 0.000000 0.000000 0.736346 706.000000
 363.000000 0.739565 707.190045 0.000000 0.000000 0.000000 0.000000 0.739565 700.000000
 364.000000 0.736258 707.461619 0.000000 0.000000 0.000000 0.000000 0.736258 705.000000
 365.000000 0.734999 703.083862 0.000000 0.000000 0.000000 0.000000 0.734999 703.000000
 366.000000 0.734635 708.854263 0.000000 0.000000 0.000000 0.000000 0.734635 710.000000
 367.000000 0.735168 706.325514 0.000000 0.000000 0.000000 0.000000 0.735168 696.000000
 368.000000 0.737647 708.131635 0.000000 0.000000 0.000000 0.000000 0.737647 707.000000
 369.000000 0.737036 710.674318 0.454704 1.818818 0.000000 0.000000 0.737036 710.000000
 370.000000 0.740963 712.456523 6.034506 24.138025 0.000000 0.000000 0.740963 710.000000
 371.000000 0.735346 709.315488 0.000000 0.000000 0.000000 0.000000 0.735346 714.000000
 372.000000 0.737805 708.608011 0.000000 0.000000 0.000000 0.000000 0.737805 709.000000
 373.000000 0.735880 706.705368 0.000000 0.000000 0.000000 0.000000 0.735880 702.000000
 374.000000 0.733377 702.603572 0.000000 0.000000 0.000000 0.000000 0.733377 696.000000
 375.000000 0.734359 709.330668 0.000000 0.000000 0.000000 0.000000 0.734359 709.000000
 376.000000 0.735932 709.295125 0.000000 0.000000 0.000000 0.000000 0.735932 701.000000
 377.000000 0.738937 708.377315 0.000000 0.000000 0.000000 0.000000 0.738937 701.000000
 378.000000 0.736800 710.078111 0.006101 0.024405 0.000000 0.000000 0.736800 703.000000
 379.000000 0.738566 709.113062 0.000000 0.000000 0.000000 0.000000 0.738566 699.000000
 380.000000 0.732822 707.168608 0.000000 0.000000 0.000000 0.000000 0.732822 704.000000
 381.000000 0.735653 710.008742 0.000076 0.000306 0.000000 0.000000 0.735653 707.000000
 382.000000 0.737290 706.066503 0.000000 0.000000 0.000000 0.000000 0.737290 699.000000
 383.000000 0.736066 707.986354 0.000000 0.000000 0.000000 0.000000 0.736066 706.000000
 384.000000 0.735510 709.372422 0.000000 0.000000 0.000000 0.000000 0.735510 709.000000
 385.000000 0.738392 709.035459 0.000000 0.000000 0.000000 0.000000 0.738392 706.000000
 386.000000 0.737627 712.426603 5.888401 23.553602 0.000000 0.000000 0.737627 702.000000
 387.000000 0.739264 706.961828 0.000000 0.000000 0.000000 0.000000 0.739264 707.000000
 388.000000 0.741962 706.784348 0.000000 0.000000 0.000000 0.000000 0.741962 703.000000
 389.000000 0.735602 710.262787 0.069057 0.276229 0.000000 0.000000 0.735602 704.000000
 390.000000 0.740691 711.367660 1.870494 7.481977 0.000000 0.000000 0.740691 705.000000
 391.000000 0.739330 710.518470 0.268812 1.075246 0.000000 0.000000 0.739330 703.000000
 392.000000 0.737953 710.354217 0.125469 0.501877 0.000000 0.000000 0.737953 712.000000
 393.000000 0.738111 704.806283 0.000000 0.000000 0.000000 0.000000 0.738111 701.000000
 394.000000 0.735632 706.910589 0.000000 0.000000 0.000000 0.000000 0.735632 699.000000
 395.000000 0.738879 710.394398 0.155550 0.622200 0.000000 0.000000 0.738879 707.000000
 396.000000 0.741516 710.909083 0.826432 3.305727 0.000000 0.000000 0.741516 705.000000
 397.000000 0.737693 706.099695 0.000000 0.000000 0.000000 0.000000 0.737693 701.000000
 398.000000 0.742211 711.883442 3.547356 14.189422 0.000000 0.000000 0.742211 707.000000
 399.000000 0.737258 710.624056 0.389446 1.557785 0.000000 0.000000 0.737258 707.000000
 400.000000 0.734569 706.511408 0.000000 0.000000 0.000000 0.000000 0.734569 707.000000
 401.000000 0.735748 710.487220 0.237383 0.949532 0.000000 0.000000 0.735748 714.000000
 402.000000 0.733329 706.252751 0.000000 0.000000 0.000000 0.000000 0.733329 706.000000
 403.000000 0.734280 705.734483 0.000000 0.000000 0.000000 0.000000 0.734280 703.000000
 404.000000 0.739216 708.737429 0.000000 0.000000 0.000000 0.000000 0.739216 713.000000
 405.000000 0.740466 712.206837 4.870129 19.480517 0.000000 0.000000 0.740466 710.000000
 406.000000 0.735845 709.673552 0.000000 0.000000 0.000000 0.000000 0.735845 702.000000
 407.000000 0.737474 707.227444 0.000000 0.000000 0.000000 0.000000 0.737474 707.000000
 408.000000 0.735956 708.022567 0.000000 0.000000 0.000000 0.000000 0.735956 702.000000
 409.000000 0.735824 706.869485 0.000000 0.000000 0.000000 0.000000 0.735824 705.000000
 410.000000 0.740684 712.092158 4.377126 17.508503 0.000000 0.000000 0.740684 704.000000
 411.000000 0.738278 707.746988 0.000000 0.000000 0.000000 0.000000 0.738278 705.000000
 412.000000 0.738529 710.455069 0.207087 0.828349 0.000000 0.000000 0.738529 702.000000
 413.000000 0.740310 710.883409 0.780412 3.121649 0.000000 0.000000 0.740310 704.000000
 414.000000 0.739098 710.060466 0.003656 0.014625 0.000000 0.000000 0.739098 699.000000
 415.000000 0.735389 710.191527 0.036683 0.146731 0.000000 0.000000 0.735389 710.000000
 416.000000 0.737488 708.957236 0.000000 0.000000 0.000000 0.000000 0.737488 700.000000
 417.000000 0.737244 705.493550 0.000000 0.000000 0.000000 0.000000 0.737244 699.000000
 418.000000 0.737572 710.941187 0.885833 3.543331 0.000000 0.000000 0.737572 705.000000
 419.000000 0.741753 709.393418 0.000000 0.000000 0.000000 0.000000 0.741753 704.000000
 420.000000 0.736227 708.824398 0.000000 0.000000 0.000000 0.000000 0.736227 703.000000
 421.000000 0.734003 710.175069 0.030649 0.122596 0.000000 0.000000 0.734003 708.000000
 422.000000 0.729002 688.403256 0.000000 0.000000 0.000000 0.000000 0.729002 688.000000
 423.000000 0.732282 694.886866 0.000000 0.000000 0.000000 0.000000 0.732282 689.000000
 424.000000 0.737148 707.693289 0.000000 0.000000 0.000000 0.000000 0.737148 700.000000
 425.000000 0.732493 694.308188 0.000000 0.000000 0.000000 0.000000 0.732493 691.000000
 426.000000 0.735568 709.488438 0.000000 0.000000 0.000000 0.000000 0.735568 708.000000
 427.000000 0.732914 710.224898 0.050579 0.202316 0.000000 0.000000 0.732914 711.000000
 428.000000 0.734809 708.757867 0.000000 0.000000 0.000000 0.000000 0.734809 710.000000
 429.000000 0.736461 709.437520 0.000000 0.000000 0.000000 0.000000 0.736461 708.000000
 430.000000 0.734959 711.167694 1.363509 5.454037 0.000000 0.000000 0.734959 708.000000
 431.000000 0.734307 710.739843 0.547367 2.189468 0.000000 0.000000 0.734307 710.000000
 432.000000 0.735907 707.060641 0.000000 0.000000 0.000000 0.000000 0.735907 710.000000
 433.000000 0.739090 709.916480 0.000000 0.000000 0.000000 0.000000 0.739090 699.000000
 434.000000 0.735814 704.589622 0.000000 0.000000 0.000000 0.000000 0.735814 707.000000
 435.000000 0.736552 712.129774 4.535938 18.143751 0.000000 0.000000 0.736552 710.000000
 436.000000 0.740391 710.101154 0.010232 0.040929 0.000000 0.000000 0.740391 698.000000
 437.000000 0.732249 697.914395 0.000000 0.000000 0.000000 0.000000 0.732249 695.000000
 438.000000 0.737840 711.542508 2.379331 9.517323 0.000000 0.000000 0.737840 704.000000
 439.000000 0.734771 709.050026 0.000000 0.000000 0.000000 0.000000 0.734771 704.000000
 440.000000 0.731560 702.628085 0.000000 0.000000 0.000000 0.000000 0.731560 697.000000
 441.000000 0.735213 705.821871 0.000000 0.000000 0.000000 0.000000 0.735213 706.000000
 442.000000 0.736705 708.352246 0.000000 0.000000 0.000000 0.000000 0.736705 700.000000
 443.000000 0.736843 711.405627 1.975787 7.903150 0.000000 0.000000 0.736843 705.000000
 444.000000 0.737621 708.648845 0.000000 0.000000 0.000000 0.000000 0.737621 709.000000
 445.000000 0.733817 708.719862 0.000000 0.000000 0.000000 0.000000 0.733817 700.000000
 446.000000 0.733754 709.792811 0.000000 0.000000 0.000000 0.000000 0.733754 708.000000
 447.000000 0.737291 711.034142 1.069450 4.277799 0.000000 0.000000 0.737291 703.000000
 448.000000 0.735335 706.099184 0.000000 0.000000 0.000000 0.000000 0.735335 710.000000
 449.000000 0.736243 707.641755 0.000000 0.000000 0.000000 0.000000 0.736243 702.000000
 450.000000 0.736030 708.961951 0.000000 0.000000 0.000000 0.000000 0.736030 709.000000
 451.000000 0.737197 709.448857 0.000000 0.000000 0.000000 0.000000 0.737197 709.000000
 452.000000 0.736464 709.599990 0.000000 0.000000 0.000000 0.000000 0.736464 702.000000
 453.000000 0.738247 707.759279 0.000000 0.000000 0.000000 0.000000 0.738247 708.000000
 454.000000 0.739965 709.676610 0.000000 0.000000 0.000000 0.000000 0.739965 703.000000
 455.000000 0.738421 709.691512 0.000000 0.000000 0.000000 0.000000 0.738421 707.000000
 456.000000 0.735376 704.689830 0.000000 0.000000 0.000000 0.000000 0.735376 703.000000
 457.000000 0.731667 697.731842 0.000000 0.000000 0.000000 0.000000 0.731667 698.000000
 458.000000 0.736038 706.350018 0.000000 0.000000 0.000000 0.000000 0.736038 707.000000
 459.000000 0.741414 708.287832 0.000000 0.000000 0.000000 0.000000 0.741414 704.000000
 460.000000 0.740173 709.923170 0.000000 0.000000 0.000000 0.000000 0.740173 710.000000
 461.000000 0.735674 700.400296 0.000000 0.000000 0.000000 0.000000 0.735674 695.000000
 462.000000 0.738605 709.189315 0.000000 0.000000 0.000000 0.000000 0.738605 707.000000
 463.000000 0.738274 710.644561 0.415459 1.661835 0.000000 0.000000 0.738274 707.000000
 464.000000 0.735877 705.073193 0.000000 0.000000 0.000000 0.000000 0.735877 702.000000
 465.000000 0.735409 708.400686 0.000000 0.000000 0.000000 0.000000 0.735409 703.000000
 466.000000 0.735253 707.848360 0.000000 0.000000 0.000000 0.000000 0.735253 704.000000
 467.000000 0.738948 708.139235 0.000000 0.000000 0.000000 0.000000 0.738948 703.000000
 468.000000 0.734610 702.655299 0.000000 0.000000 0.000000 0.000000 0.734610 705.000000
 469.000000 0.734337 702.969695 0.000000 0.000000 0.000000 0.000000 0.734337 700.000000
 470.000000 0.738950 711.000525 1.001051 4.004203 0.000000 0.000000 0.738950 705.000000
 471.000000 0.736484 711.026101 1.052883 4.211530 0.000000 0.000000 0.736484 716.000000
 472.000000 0.737064 708.016533 0.000000 0.000000 0.000000 0.000000 0.737064 704.000000
 473.000000 0.737119 710.090583 0.008205 0.032821 0.000000 0.000000 0.737119 710.000000
 474.000000 0.738699 713.259164 10.622151 42.488605 0.000000 0.000000 0.738699 711.000000
 475.000000 0.740667 708.085113 0.000000 0.000000 0.000000 0.000000 0.740667 705.000000
 476.000000 0.734964 710.356750 0.127271 0.509083 0.000000 0.000000 0.734964 709.000000
 477.000000 0.736061 711.122153 1.259228 5.036910 0.000000 0.000000 0.736061 707.000000
 478.000000 0.738186 708.894386 0.000000 0.000000 0.000000 0.000000 0.738186 710.000000
 479.000000 0.727925 699.873310 0.000000 0.000000 0.000000 0.000000 0.727925 699.000000
 480.000000 0.736978 711.024178 1.048940 4.195759 0.000000 0.000000 0.736978 710.000000
 481.000000 0.733016 702.732373 0.000000 0.000000 0.000000 0.000000 0.733016 701.000000
 482.000000 0.737593 711.069946 1.144784 4.579135 0.000000 0.000000 0.737593 704.000000
 483.000000 0.735671 708.395670 0.000000 0.000000 0.000000 0.000000 0.735671 701.000000
 484.000000 0.735567 698.727084 0.000000 0.000000 0.000000 0.000000 0.735567 698.000000
 485.000000 0.737911 706.759612 0.000000 0.000000 0.000000 0.000000 0.737911 704.000000
 486.000000 0.733352 693.294581 0.000000 0.000000 0.000000 0.000000 0.733352 685.000000
 487.000000 0.738167 710.496154 0.246169 0.984675 0.000000 0.000000 0.738167 705.000000
 488.000000 0.733764 703.699464 0.000000 0.000000 0.000000 0.000000 0.733764 702.000000
 489.000000 0.739439 710.543573 0.295471 1.181885 0.000000 0.000000 0.739439 705.000000
 490.000000 0.737554 704.527453 0.000000 0.000000 0.000000 0.000000 0.737554 700.000000
 491.000000 0.736404 702.434039 0.000000 0.000000 0.000000 0.000000 0.736404 698.000000
 492.000000 0.738856 707.433021 0.000000 0.000000 0.000000 0.000000 0.738856 703.000000
 493.000000 0.733335 699.998790 0.000000 0.000000 0.000000 0.000000 0.733335 701.000000
 494.000000 0.737351 707.132379 0.000000 0.000000 0.000000 0.000000 0.737351 704.000000
 495.000000 0.737205 708.838726 0.000000 0.000000 0.000000 0.000000 0.737205 705.000000
 496.000000 0.739762 709.158779 0.000000 0.000000 0.000000 0.000000 0.739762 702.000000
 497.000000 0.737508 711.455871 2.119561 8.478245 0.000000 0.000000 0.737508 707.000000
 498.000000 0.737569 709.664929 0.000000 0.000000 0.000000 0.000000 0.737569 706.000000
 499.000000 0.738476 710.092331 0.008525 0.034100 0.000000 0.000000 0.738476 705.000000
 500.000000 0.738847 705.443729 0.000000 0.000000 0.000000 0.000000 0.738847 701.000000
