#! FIELDS time refcv.mean refcv.morethan uwall.bias uwall.force2 lwall.bias lwall.force2 refcv2.mean refcv2.morethan
 0.000000 0.991635 482.986630 575.358412 2301.433650 0.000000 0.000000 0.991635 453.000000
 1.000000 0.972735 451.714880 0.000000 0.000000 0.000000 0.000000 0.972735 437.000000
 2.000000 0.957014 420.341862 0.000000 0.000000 0.000000 0.000000 0.957014 411.000000
 3.000000 0.963997 439.338585 0.000000 0.000000 0.000000 0.000000 0.963997 424.000000
 4.000000 0.961689 433.610700 0.000000 0.000000 0.000000 0.000000 0.961689 419.000000
 5.000000 0.960159 431.474753 0.000000 0.000000 0.000000 0.000000 0.960159 426.000000
 6.000000 0.958599 431.512648 0.000000 0.000000 0.000000 0.000000 0.958599 425.000000
 7.000000 0.956753 425.321714 0.000000 0.000000 0.000000 0.000000 0.956753 418.000000
 8.000000 0.962393 439.857972 0.000000 0.000000 0.000000 0.000000 0.962393 434.000000
 9.000000 0.960040 431.172677 0.000000 0.000000 0.000000 0.000000 0.960040 422.000000
 10.000000 0.958899 432.543816 0.000000 0.000000 0.000000 0.000000 0.958899 424.000000
 11.000000 0.955227 425.319543 0.000000 0.000000 0.000000 0.000000 0.955227 417.000000
 12.000000 0.958673 427.022653 0.000000 0.000000 0.000000 0.000000 0.958673 417.000000
 13.000000 0.958261 428.036629 0.000000 0.000000 0.000000 0.000000 0.958261 416.000000
 14.000000 0.959268 436.840235 0.000000 0.000000 0.000000 0.000000 0.959268 429.000000
 15.000000 0.949748 426.772791 0.000000 0.000000 0.000000 0.000000 0.949748 423.000000
 16.000000 0.961294 443.771252 0.000000 0.000000 0.000000 0.000000 0.961294 439.000000
 17.000000 0.958145 432.496923 0.000000 0.000000 0.000000 0.000000 0.958145 425.000000
 18.000000 0.955891 429.559935 0.000000 0.000000 0.000000 0.000000 0.955891 424.000000
 19.000000 0.955565 435.563408 0.000000 0.000000 0.000000 0.000000 0.955565 437.000000
 20.000000 0.959383 439.928673 0.000000 0.000000 0.000000 0.000000 0.959383 437.000000
 21.000000 0.958205 437.606198 0.000000 0.000000 0.000000 0.000000 0.958205 430.000000
 22.000000 0.961929 441.481045 0.000000 0.000000 0.000000 0.000000 0.961929 435.000000
 23.000000 0.955368 428.022881 0.000000 0.000000 0.000000 0.000000 0.955368 422.000000
 24.000000 0.950662 423.882476 0.000000 0.000000 0.000000 0.000000 0.950662 420.000000
 25.000000 0.954127 428.902511 0.000000 0.000000 0.000000 0.000000 0.954127 430.000000
 26.000000 0.948601 419.666981 0.000000 0.000000 0.000000 0.000000 0.948601 421.000000
 27.000000 0.953016 432.429074 0.000000 0.000000 0.000000 0.000000 0.953016 422.000000
 28.000000 0.960174 446.866846 0.000000 0.000000 0.000000 0.000000 0.960174 434.000000
 29.000000 0.954516 433.209456 0.000000 0.000000 0.000000 0.000000 0.954516 424.000000
 30.000000 0.956653 432.701428 0.000000 0.000000 0.000000 0.000000 0.956653 424.000000
 31.000000 0.955882 432.660953 0.000000 0.000000 0.000000 0.000000 0.955882 430.000000
 32.000000 0.946010 416.584503 0.000000 0.000000 0.000000 0.000000 0.946010 407.000000
 33.000000 0.954509 427.399126 0.000000 0.000000 0.000000 0.000000 0.954509 419.000000
 34.000000 0.953112 426.805835 0.000000 0.000000 0.000000 0.000000 0.953112 420.000000
 35.000000 0.956143 435.262958 0.000000 0.000000 0.000000 0.000000 0.956143 432.000000
 36.000000 0.956244 435.560700 0.000000 0.000000 0.000000 0.000000 0.956244 429.000000
 37.000000 0.951999 426.558577 0.000000 0.000000 0.000000 0.000000 0.951999 420.000000
 38.000000 0.950403 419.379327 0.000000 0.000000 0.000000 0.000000 0.950403 415.955810
 39.000000 0.951174 423.925832 0.000000 0.000000 0.000000 0.000000 0.951174 431.000000
 40.000000 0.955031 424.037141 0.000000 0.000000 0.000000 0.000000 0.955031 412.000000
 41.000000 0.947088 416.422805 0.000000 0.000000 0.000000 0.000000 0.947088 415.000000
 42.000000 0.947121 420.675695 0.000000 0.000000 0.000000 0.000000 0.947121 420.000000
 43.000000 0.947398 418.751876 0.000000 0.000000 0.000000 0.000000 0.947398 416.000000
 44.000000 0.950356 424.042196 0.000000 0.000000 0.000000 0.000000 0.950356 418.000000
 45.000000 0.947953 414.925889 0.000000 0.000000 0.000000 0.000000 0.947953 409.000000
 46.000000 0.950347 423.451546 0.000000 0.000000 0.000000 0.000000 0.950347 412.000000
 47.000000 0.946167 419.834980 0.000000 0.000000 0.000000 0.000000 0.946167 415.000000
 48.000000 0.945321 415.288769 0.000000 0.000000 0.000000 0.000000 0.945321 409.000000
 49.000000 0.950358 420.348037 0.000000 0.000000 0.000000 0.000000 0.950358 411.000000
 50.000000 0.951306 422.125965 0.000000 0.000000 0.000000 0.000000 0.951306 416.000000
 51.000000 0.955197 426.359007 0.000000 0.000000 0.000000 0.000000 0.955197 416.000000
 52.000000 0.947182 419.040631 0.000000 0.000000 0.000000 0.000000 0.947182 415.000000
 53.000000 0.948770 417.907362 0.000000 0.000000 0.000000 0.000000 0.948770 411.000000
 54.000000 0.947231 415.201720 0.000000 0.000000 0.000000 0.000000 0.947231 421.000000
 55.000000 0.950199 422.528363 0.000000 0.000000 0.000000 0.000000 0.950199 421.000000
 56.000000 0.949555 418.491829 0.000000 0.000000 0.000000 0.000000 0.949555 414.000000
 57.000000 0.947436 412.781409 0.000000 0.000000 0.000000 0.000000 0.947436 408.000000
 58.000000 0.947937 424.184372 0.000000 0.000000 0.000000 0.000000 0.947937 416.000000
 59.000000 0.943082 416.171494 0.000000 0.000000 0.000000 0.000000 0.943082 418.000000
 60.000000 0.946948 414.659226 0.000000 0.000000 0.000000 0.000000 0.946948 419.000000
 61.000000 0.948718 418.217822 0.000000 0.000000 0.000000 0.000000 0.948718 415.000000
 62.000000 0.942828 412.795350 0.000000 0.000000 0.000000 0.000000 0.942828 409.000000
 63.000000 0.939929 409.244611 0.000000 0.000000 0.000000 0.000000 0.939929 407.000000
 64.000000 0.942389 409.146102 0.000000 0.000000 0.000000 0.000000 0.942389 409.000000
 65.000000 0.939283 409.542470 0.000000 0.000000 0.000000 0.000000 0.939283 408.000000
 66.000000 0.943001 408.793122 0.000000 0.000000 0.000000 0.000000 0.943001 406.000000
 67.000000 0.941812 414.432991 0.000000 0.000000 0.000000 0.000000 0.941812 418.000000
 68.000000 0.942764 408.802799 0.000000 0.000000 0.000000 0.000000 0.942764 408.000000
 69.000000 0.945300 415.718979 0.000000 0.000000 0.000000 0.000000 0.945300 412.000000
 70.000000 0.937722 406.149866 0.000000 0.000000 0.000000 0.000000 0.937722 405.000000
 71.000000 0.944119 411.530615 0.000000 0.000000 0.000000 0.000000 0.944119 415.000000
 72.000000 0.944491 409.906339 0.000000 0.000000 0.000000 0.000000 0.944491 407.000000
 73.000000 0.941773 408.983642 0.000000 0.000000 0.000000 0.000000 0.941773 405.000000
 74.000000 0.944785 408.972415 0.000000 0.000000 0.000000 0.000000 0.944785 407.000000
 75.000000 0.943776 406.788243 0.000000 0.000000 0.000000 0.000000 0.943776 400.000000
 76.000000 0.944495 411.986615 0.000000 0.000000 0.000000 0.000000 0.944495 409.000000
 77.000000 0.949144 415.156401 0.000000 0.000000 0.000000 0.000000 0.949144 411.000000
 78.000000 0.949413 418.572966 0.000000 0.000000 0.000000 0.000000 0.949413 418.000000
 79.000000 0.943782 410.565282 0.000000 0.000000 0.000000 0.000000 0.943782 410.000000
 80.000000 0.942139 408.048488 0.000000 0.000000 0.000000 0.000000 0.942139 403.000000
 81.000000 0.944969 415.586544 0.000000 0.000000 0.000000 0.000000 0.944969 414.000000
 82.000000 0.945294 409.497351 0.000000 0.000000 0.000000 0.000000 0.945294 405.000000
 83.000000 0.942649 406.815469 0.000000 0.000000 0.000000 0.000000 0.942649 408.000000
 84.000000 0.942403 410.355809 0.000000 0.000000 0.000000 0.000000 0.942403 405.000000
 85.000000 0.941100 409.705357 0.000000 0.000000 0.000000 0.000000 0.941100 411.000000
 86.000000 0.944505 407.365163 0.000000 0.000000 0.000000 0.000000 0.944505 405.000000
 87.000000 0.937392 404.873172 0.000000 0.000000 0.016085 0.064342 0.937392 404.000000
 88.000000 0.942918 403.877596 0.000000 0.000000 1.259791 5.039165 0.942918 403.000000
 89.000000 0.944380 409.462588 0.000000 0.000000 0.000000 0.000000 0.944380 404.000000
 90.000000 0.948200 409.753254 0.000000 0.000000 0.000000 0.000000 0.948200 402.000000
 91.000000 0.947315 409.709155 0.000000 0.000000 0.000000 0.000000 0.947315 404.000000
 92.000000 0.946296 406.112246 0.000000 0.000000 0.000000 0.000000 0.946296 398.000000
 93.000000 0.944275 405.541400 0.000000 0.000000 0.000000 0.000000 0.944275 404.000000
 94.000000 0.946328 404.815181 0.000000 0.000000 0.034158 0.136633 0.946328 397.000000
 95.000000 0.951575 418.982705 0.000000 0.000000 0.000000 0.000000 0.951575 412.000000
 96.000000 0.945377 407.090091 0.000000 0.000000 0.000000 0.000000 0.945377 402.000000
 97.000000 0.944651 406.472487 0.000000 0.000000 0.000000 0.000000 0.944651 400.000000
 98.000000 0.943915 406.000733 0.000000 0.000000 0.000000 0.000000 0.943915 398.000000
 99.000000 0.944998 405.074752 0.000000 0.000000 0.000000 0.000000 0.944998 405.000000
 100.000000 0.947778 408.720576 0.000000 0.000000 0.000000 0.000000 0.947778 398.000000
 101.000000 0.947743 412.317432 0.000000 0.000000 0.000000 0.000000 0.947743 406.000000
 102.000000 0.945489 408.067741 0.000000 0.000000 0.000000 0.000000 0.945489 408.000000
 103.000000 0.940625 406.394392 0.000000 0.000000 0.000000 0.000000 0.940625 407.000000
 104.000000 0.946758 404.539321 0.000000 0.000000 0.212225 0.848900 0.946758 393.000000
 105.000000 0.946761 410.316509 0.000000 0.000000 0.000000 0.000000 0.946761 405.000000
 106.000000 0.945204 409.431761 0.000000 0.000000 0.000000 0.000000 0.945204 405.000000
 107.000000 0.946233 405.743972 0.000000 0.000000 0.000000 0.000000 0.946233 402.000000
 108.000000 0.947310 411.327801 0.000000 0.000000 0.000000 0.000000 0.947310 408.000000
 109.000000 0.940488 403.555343 0.000000 0.000000 2.087035 8.348141 0.940488 404.000000
 110.000000 0.944384 406.871187 0.000000 0.000000 0.000000 0.000000 0.944384 402.000000
 111.000000 0.941590 406.097008 0.000000 0.000000 0.000000 0.000000 0.941590 402.000000
 112.000000 0.942140 403.704112 0.000000 0.000000 1.679327 6.717306 0.942140 405.000000
 113.000000 0.950146 412.404100 0.000000 0.000000 0.000000 0.000000 0.950146 407.000000
 114.000000 0.946887 409.811702 0.000000 0.000000 0.000000 0.000000 0.946887 406.000000
 115.000000 0.945656 409.453207 0.000000 0.000000 0.000000 0.000000 0.945656 406.000000
 116.000000 0.945649 410.115547 0.000000 0.000000 0.000000 0.000000 0.945649 405.000000
 117.000000 0.950347 410.339895 0.000000 0.000000 0.000000 0.000000 0.950347 404.000000
 118.000000 0.952263 422.906366 0.000000 0.000000 0.000000 0.000000 0.952263 413.000000
 119.000000 0.951570 417.316521 0.000000 0.000000 0.000000 0.000000 0.951570 408.000000
 120.000000 0.950540 414.606960 0.000000 0.000000 0.000000 0.000000 0.950540 404.000000
 121.000000 0.950787 415.320973 0.000000 0.000000 0.000000 0.000000 0.950787 413.000000
 122.000000 0.947716 411.239767 0.000000 0.000000 0.000000 0.000000 0.947716 403.000000
 123.000000 0.946905 412.929925 0.000000 0.000000 0.000000 0.000000 0.946905 411.000000
 124.000000 0.946348 408.611306 0.000000 0.000000 0.000000 0.000000 0.946348 399.000000
 125.000000 0.944706 409.486828 0.000000 0.000000 0.000000 0.000000 0.944706 410.000000
 126.000000 0.945738 409.948745 0.000000 0.000000 0.000000 0.000000 0.945738 401.000000
 127.000000 0.953835 417.893122 0.000000 0.000000 0.000000 0.000000 0.953835 411.000000
 128.000000 0.953787 414.234777 0.000000 0.000000 0.000000 0.000000 0.953787 403.000000
 129.000000 0.951355 411.585703 0.000000 0.000000 0.000000 0.000000 0.951355 405.000000
 130.000000 0.953906 418.882834 0.000000 0.000000 0.000000 0.000000 0.953906 403.000000
 131.000000 0.950269 412.240643 0.000000 0.000000 0.000000 0.000000 0.950269 407.000000
 132.000000 0.955685 423.978881 0.000000 0.000000 0.000000 0.000000 0.955685 415.000000
 133.000000 0.949929 415.944137 0.000000 0.000000 0.000000 0.000000 0.949929 410.000000
 134.000000 0.955299 419.710666 0.000000 0.000000 0.000000 0.000000 0.955299 405.000000
 135.000000 0.957105 420.417612 0.000000 0.000000 0.000000 0.000000 0.957105 404.000000
 136.000000 0.951287 411.338321 0.000000 0.000000 0.000000 0.000000 0.951287 403.000000
 137.000000 0.949055 408.788941 0.000000 0.000000 0.000000 0.000000 0.949055 405.000000
 138.000000 0.947631 411.035520 0.000000 0.000000 0.000000 0.000000 0.947631 401.000000
 139.000000 0.952816 410.294042 0.000000 0.000000 0.000000 0.000000 0.952816 402.000000
 140.000000 0.946451 406.308110 0.000000 0.000000 0.000000 0.000000 0.946451 405.000000
 141.000000 0.951234 413.493312 0.000000 0.000000 0.000000 0.000000 0.951234 402.000000
 142.000000 0.948579 411.433395 0.000000 0.000000 0.000000 0.000000 0.948579 401.000000
 143.000000 0.950772 413.933962 0.000000 0.000000 0.000000 0.000000 0.950772 400.000000
 144.000000 0.948950 414.101846 0.000000 0.000000 0.000000 0.000000 0.948950 408.000000
 145.000000 0.956891 424.535259 0.000000 0.000000 0.000000 0.000000 0.956891 416.000000
 146.000000 0.954596 420.188398 0.000000 0.000000 0.000000 0.000000 0.954596 412.000000
 147.000000 0.951636 413.468469 0.000000 0.000000 0.000000 0.000000 0.951636 410.000000
 148.000000 0.951553 413.958906 0.000000 0.000000 0.000000 0.000000 0.951553 410.000000
 149.000000 0.951211 419.091720 0.000000 0.000000 0.000000 0.000000 0.951211 419.000000
 150.000000 0.953666 419.388628 0.000000 0.000000 0.000000 0.000000 0.953666 415.000000
 151.000000 0.953437 415.726187 0.000000 0.000000 0.000000 0.000000 0.953437 405.000000
 152.000000 0.956687 422.870070 0.000000 0.000000 0.000000 0.000000 0.956687 411.000000
 153.000000 0.953810 418.604242 0.000000 0.000000 0.000000 0.000000 0.953810 415.000000
 154.000000 0.955571 421.723769 0.000000 0.000000 0.000000 0.000000 0.955571 410.000000
 155.000000 0.952699 416.661302 0.000000 0.000000 0.000000 0.000000 0.952699 411.000000
 156.000000 0.956002 426.839508 0.000000 0.000000 0.000000 0.000000 0.956002 423.000000
 157.000000 0.949070 419.236127 0.000000 0.000000 0.000000 0.000000 0.949070 423.000000
 158.000000 0.954077 418.504746 0.000000 0.000000 0.000000 0.000000 0.954077 410.000000
 159.000000 0.956743 424.486044 0.000000 0.000000 0.000000 0.000000 0.956743 410.000000
 160.000000 0.959572 430.142844 0.000000 0.000000 0.000000 0.000000 0.959572 425.000000
 161.000000 0.957315 423.234381 0.000000 0.000000 0.000000 0.000000 0.957315 414.000000
 162.000000 0.959453 426.212730 0.000000 0.000000 0.000000 0.000000 0.959453 413.000000
 163.000000 0.955052 422.804056 0.000000 0.000000 0.000000 0.000000 0.955052 414.000000
 164.000000 0.960556 425.642160 0.000000 0.000000 0.000000 0.000000 0.960556 416.000000
 165.000000 0.950823 414.824710 0.000000 0.000000 0.000000 0.000000 0.950823 409.000000
 166.000000 0.954987 412.634735 0.000000 0.000000 0.000000 0.000000 0.954987 404.000000
 167.000000 0.953356 412.649438 0.000000 0.000000 0.000000 0.000000 0.953356 403.000000
 168.000000 0.949817 408.287201 0.000000 0.000000 0.000000 0.000000 0.949817 397.000000
 169.000000 0.951845 411.642423 0.000000 0.000000 0.000000 0.000000 0.951845 401.000000
 170.000000 0.953395 416.727901 0.000000 0.000000 0.000000 0.000000 0.953395 411.000000
 171.000000 0.952265 413.678618 0.000000 0.000000 0.000000 0.000000 0.952265 401.000000
 172.000000 0.955361 421.817696 0.000000 0.000000 0.000000 0.000000 0.955361 413.000000
 173.000000 0.952376 416.186727 0.000000 0.000000 0.000000 0.000000 0.952376 413.000000
 174.000000 0.951441 413.757324 0.000000 0.000000 0.000000 0.000000 0.951441 408.000000
 175.000000 0.949799 407.278600 0.000000 0.000000 0.000000 0.000000 0.949799 403.000000
 176.000000 0.949938 407.783862 0.000000 0.000000 0.000000 0.000000 0.949938 400.000000
 177.000000 0.951644 407.573757 0.000000 0.000000 0.000000 0.000000 0.951644 399.000000
 178.000000 0.948686 404.914231 0.000000 0.000000 0.007356 0.029425 0.948686 399.000000
 179.000000 0.947033 405.108788 0.000000 0.000000 0.000000 0.000000 0.947033 402.000000
 180.000000 0.947317 406.292318 0.000000 0.000000 0.000000 0.000000 0.947317 405.000000
 181.000000 0.946370 403.675555 0.000000 0.000000 1.754155 7.016620 0.946370 403.000000
 182.000000 0.949244 406.953842 0.000000 0.000000 0.000000 0.000000 0.949244 398.000000
 183.000000 0.950407 411.152931 0.000000 0.000000 0.000000 0.000000 0.950407 401.000000
 184.000000 0.952473 415.695931 0.000000 0.000000 0.000000 0.000000 0.952473 407.000000
 185.000000 0.947612 409.943774 0.000000 0.000000 0.000000 0.000000 0.947612 406.000000
 186.000000 0.947068 411.199907 0.000000 0.000000 0.000000 0.000000 0.947068 403.000000
 187.000000 0.946392 408.951763 0.000000 0.000000 0.000000 0.000000 0.946392 402.000000
 188.000000 0.946425 407.327752 0.000000 0.000000 0.000000 0.000000 0.946425 401.000000
 189.000000 0.946626 407.317571 0.000000 0.000000 0.000000 0.000000 0.946626 406.000000
 190.000000 0.946688 406.097893 0.000000 0.000000 0.000000 0.000000 0.946688 398.000000
 191.000000 0.948376 411.037724 0.000000 0.000000 0.000000 0.000000 0.948376 405.000000
 192.000000 0.947935 413.991888 0.000000 0.000000 0.000000 0.000000 0.947935 414.000000
 193.000000 0.949736 414.041081 0.000000 0.000000 0.000000 0.000000 0.949736 412.000000
 194.000000 0.955272 418.930515 0.000000 0.000000 0.000000 0.000000 0.955272 405.000000
 195.000000 0.951586 414.495648 0.000000 0.000000 0.000000 0.000000 0.951586 408.000000
 196.000000 0.949283 414.582564 0.000000 0.000000 0.000000 0.000000 0.949283 407.000000
 197.000000 0.950409 415.425210 0.000000 0.000000 0.000000 0.000000 0.950409 409.000000
 198.000000 0.947334 410.309292 0.000000 0.000000 0.000000 0.000000 0.947334 411.000000
 199.000000 0.948788 407.521044 0.000000 0.000000 0.000000 0.000000 0.948788 401.000000
 200.000000 0.949839 417.634699 0.000000 0.000000 0.000000 0.000000 0.949839 408.000000
 201.000000 0.947876 410.472969 0.000000 0.000000 0.000000 0.000000 0.947876 410.000000
 202.000000 0.947462 408.818690 0.000000 0.000000 0.000000 0.000000 0.947462 401.000000
 203.000000 0.947526 407.198095 0.000000 0.000000 0.000000 0.000000 0.947526 402.000000
 204.000000 0.946584 411.535683 0.000000 0.000000 0.000000 0.000000 0.946584 410.000000
 205.000000 0.949503 415.242927 0.000000 0.000000 0.000000 0.000000 0.949503 411.000000
 206.000000 0.947729 407.441191 0.000000 0.000000 0.000000 0.000000 0.947729 405.000000
 207.000000 0.945355 407.348535 0.000000 0.000000 0.000000 0.000000 0.945355 409.000000
 208.000000 0.949849 414.638386 0.000000 0.000000 0.000000 0.000000 0.949849 407.000000
 209.000000 0.946463 408.491529 0.000000 0.000000 0.000000 0.000000 0.946463 407.000000
 210.000000 0.947689 408.163692 0.000000 0.000000 0.000000 0.000000 0.947689 408.000000
 211.000000 0.947295 410.152054 0.000000 0.000000 0.000000 0.000000 0.947295 407.000000
 212.000000 0.953769 412.635778 0.000000 0.000000 0.000000 0.000000 0.953769 406.000000
 213.000000 0.956134 423.025863 0.000000 0.000000 0.000000 0.000000 0.956134 418.000000
 214.000000 0.955571 419.177684 0.000000 0.000000 0.000000 0.000000 0.955571 411.000000
 215.000000 0.951469 416.219623 0.000000 0.000000 0.000000 0.000000 0.951469 404.000000
 216.000000 0.954233 421.683307 0.000000 0.000000 0.000000 0.000000 0.954233 413.000000
 217.000000 0.960081 428.387400 0.000000 0.000000 0.000000 0.000000 0.960081 414.000000
 218.000000 0.953078 418.735597 0.000000 0.000000 0.000000 0.000000 0.953078 409.000000
 219.000000 0.955928 425.383413 0.000000 0.000000 0.000000 0.000000 0.955928 414.000000
 220.000000 0.958469 425.811131 0.000000 0.000000 0.000000 0.000000 0.958469 413.000000
 221.000000 0.956745 423.799471 0.000000 0.000000 0.000000 0.000000 0.956745 417.000000
 222.000000 0.953134 422.067764 0.000000 0.000000 0.000000 0.000000 0.953134 416.000000
 223.000000 0.944586 407.915503 0.000000 0.000000 0.000000 0.000000 0.944586 410.000000
 224.000000 0.950726 412.971261 0.000000 0.000000 0.000000 0.000000 0.950726 401.000000
 225.000000 0.953816 416.747521 0.000000 0.000000 0.000000 0.000000 0.953816 408.000000
 226.000000 0.946627 408.265297 0.000000 0.000000 0.000000 0.000000 0.946627 404.000000
 227.000000 0.953373 420.321099 0.000000 0.000000 0.000000 0.000000 0.953373 413.000000
 228.000000 0.949240 413.644989 0.000000 0.000000 0.000000 0.000000 0.949240 406.000000
 229.000000 0.948607 410.781766 0.000000 0.000000 0.000000 0.000000 0.948607 408.000000
 230.000000 0.946776 408.063060 0.000000 0.000000 0.000000 0.000000 0.946776 404.000000
 231.000000 0.946303 407.578613 0.000000 0.000000 0.000000 0.000000 0.946303 401.000000
 232.000000 0.951190 414.911312 0.000000 0.000000 0.000000 0.000000 0.951190 408.000000
 233.000000 0.948950 409.895983 0.000000 0.000000 0.000000 0.000000 0.948950 406.000000
 234.000000 0.951848 414.148461 0.000000 0.000000 0.000000 0.000000 0.951848 403.000000
 235.000000 0.958998 422.743057 0.000000 0.000000 0.000000 0.000000 0.958998 405.000000
 236.000000 0.956121 420.116279 0.000000 0.000000 0.000000 0.000000 0.956121 408.000000
 237.000000 0.954666 422.059897 0.000000 0.000000 0.000000 0.000000 0.954666 418.000000
 238.000000 0.950790 414.834930 0.000000 0.000000 0.000000 0.000000 0.950790 402.000000
 239.000000 0.951840 416.066139 0.000000 0.000000 0.000000 0.000000 0.951840 408.000000
 240.000000 0.948988 415.729232 0.000000 0.000000 0.000000 0.000000 0.948988 411.000000
 241.000000 0.942118 406.591488 0.000000 0.000000 0.000000 0.000000 0.942118 405.000000
 242.000000 0.944030 408.476847 0.000000 0.000000 0.000000 0.000000 0.944030 400.000000
 243.000000 0.951988 418.608545 0.000000 0.000000 0.000000 0.000000 0.951988 415.000000
 244.000000 0.943685 405.777234 0.000000 0.000000 0.000000 0.000000 0.943685 399.000000
 245.000000 0.946139 405.071967 0.000000 0.000000 0.000000 0.000000 0.946139 403.000000
 246.000000 0.948224 411.747553 0.000000 0.000000 0.000000 0.000000 0.948224 405.000000
 247.000000 0.948575 413.929095 0.000000 0.000000 0.000000 0.000000 0.948575 406.000000
 248.000000 0.949762 416.961869 0.000000 0.000000 0.000000 0.000000 0.949762 411.000000
 249.000000 0.940322 406.725614 0.000000 0.000000 0.000000 0.000000 0.940322 406.000000
 250.000000 0.942803 406.706344 0.000000 0.000000 0.000000 0.000000 0.942803 407.000000
 251.000000 0.943822 405.644985 0.000000 0.000000 0.000000 0.000000 0.943822 400.000000
 252.000000 0.947109 413.203702 0.000000 0.000000 0.000000 0.000000 0.947109 410.000000
 253.000000 0.948219 412.609743 0.000000 0.000000 0.000000 0.000000 0.948219 408.000000
 254.000000 0.947748 409.211966 0.000000 0.000000 0.000000 0.000000 0.947748 402.000000
 255.000000 0.946110 410.382137 0.000000 0.000000 0.000000 0.000000 0.946110 406.000000
 256.000000 0.947451 410.696426 0.000000 0.000000 0.000000 0.000000 0.947451 408.000000
 257.000000 0.945370 411.234043 0.000000 0.000000 0.000000 0.000000 0.945370 405.000000
 258.000000 0.950876 415.801135 0.000000 0.000000 0.000000 0.000000 0.950876 412.000000
 259.000000 0.948584 413.386469 0.000000 0.000000 0.000000 0.000000 0.948584 411.000000
 260.000000 0.950861 414.538699 0.000000 0.000000 0.000000 0.000000 0.950861 407.000000
 261.000000 0.943363 407.469915 0.000000 0.000000 0.000000 0.000000 0.943363 410.875386
 262.000000 0.943215 406.636023 0.000000 0.000000 0.000000 0.000000 0.943215 406.000000
 263.000000 0.949137 415.578702 0.000000 0.000000 0.000000 0.000000 0.949137 414.000000
 264.000000 0.947603 414.949758 0.000000 0.000000 0.000000 0.000000 0.947603 409.000000
 265.000000 0.946162 408.740821 0.000000 0.000000 0.000000 0.000000 0.946162 404.000000
 266.000000 0.947563 415.077108 0.000000 0.000000 0.000000 0.000000 0.947563 415.000000
 267.000000 0.945618 412.017861 0.000000 0.000000 0.000000 0.000000 0.945618 407.000000
 268.000000 0.947622 414.735245 0.000000 0.000000 0.000000 0.000000 0.947622 411.000000
 269.000000 0.940442 406.295624 0.000000 0.000000 0.000000 0.000000 0.940442 409.000000
 270.000000 0.946938 411.808039 0.000000 0.000000 0.000000 0.000000 0.946938 410.000000
 271.000000 0.945558 413.579679 0.000000 0.000000 0.000000 0.000000 0.945558 411.000000
 272.000000 0.948250 412.924747 0.000000 0.000000 0.000000 0.000000 0.948250 410.000000
 273.000000 0.944214 415.271794 0.000000 0.000000 0.000000 0.000000 0.944214 416.000000
 274.000000 0.947485 415.398615 0.000000 0.000000 0.000000 0.000000 0.947485 418.000000
 275.000000 0.942142 404.267481 0.000000 0.000000 0.536583 2.146334 0.942142 405.000000
 276.000000 0.949102 416.159701 0.000000 0.000000 0.000000 0.000000 0.949102 415.000000
 277.000000 0.947597 415.763130 0.000000 0.000000 0.000000 0.000000 0.947597 416.000000
 278.000000 0.950220 419.808928 0.000000 0.000000 0.000000 0.000000 0.950220 422.000000
 279.000000 0.951101 417.300131 0.000000 0.000000 0.000000 0.000000 0.951101 413.000000
 280.000000 0.949581 413.169658 0.000000 0.000000 0.000000 0.000000 0.949581 411.000000
 281.000000 0.952189 421.532231 0.000000 0.000000 0.000000 0.000000 0.952189 415.000000
 282.000000 0.945188 414.614256 0.000000 0.000000 0.000000 0.000000 0.945188 409.000000
 283.000000 0.944565 407.336447 0.000000 0.000000 0.000000 0.000000 0.944565 403.000000
 284.000000 0.951102 419.879429 0.000000 0.000000 0.000000 0.000000 0.951102 418.000000
 285.000000 0.944546 409.624714 0.000000 0.000000 0.000000 0.000000 0.944546 411.000000
 286.000000 0.943813 414.383381 0.000000 0.000000 0.000000 0.000000 0.943813 418.000000
 287.000000 0.949155 415.201909 0.000000 0.000000 0.000000 0.000000 0.949155 412.000000
 288.000000 0.947233 412.002574 0.000000 0.000000 0.000000 0.000000 0.947233 408.000000
 289.000000 0.945827 411.600743 0.000000 0.000000 0.000000 0.000000 0.945827 411.000000
 290.000000 0.947638 408.633786 0.000000 0.000000 0.000000 0.000000 0.947638 405.000000
 291.000000 0.947201 411.454096 0.000000 0.000000 0.000000 0.000000 0.947201 413.000000
 292.000000 0.949785 417.670112 0.000000 0.000000 0.000000 0.000000 0.949785 415.000000
 293.000000 0.948161 413.705538 0.000000 0.000000 0.000000 0.000000 0.948161 414.000000
 294.000000 0.945390 412.003782 0.000000 0.000000 0.000000 0.000000 0.945390 408.000000
 295.000000 0.947984 412.347217 0.000000 0.000000 0.000000 0.000000 0.947984 410.000000
 296.000000 0.945619 411.196067 0.000000 0.000000 0.000000 0.000000 0.945619 408.000000
 297.000000 0.942984 403.832056 0.000000 0.000000 1.364094 5.456375 0.942984 402.000000
 298.000000 0.941939 404.547466 0.000000 0.000000 0.204787 0.819148 0.941939 404.000000
 299.000000 0.945519 406.587791 0.000000 0.000000 0.000000 0.000000 0.945519 406.000000
 300.000000 0.949707 417.851361 0.000000 0.000000 0.000000 0.000000 0.949707 413.000000
 301.000000 0.941667 405.293124 0.000000 0.000000 0.000000 0.000000 0.941667 407.000000
 302.000000 0.944525 407.298249 0.000000 0.000000 0.000000 0.000000 0.944525 401.000000
 303.000000 0.947628 413.590899 0.000000 0.000000 0.000000 0.000000 0.947628 409.000000
 304.000000 0.946355 407.538240 0.000000 0.000000 0.000000 0.000000 0.946355 408.000000
 305.000000 0.947928 413.375360 0.000000 0.000000 0.000000 0.000000 0.947928 409.000000
 306.000000 0.946687 412.168549 0.000000 0.000000 0.000000 0.000000 0.946687 410.000000
 307.000000 0.949478 408.751423 0.000000 0.000000 0.000000 0.000000 0.949478 404.000000
 308.000000 0.945160 414.063958 0.000000 0.000000 0.000000 0.000000 0.945160 417.000000
 309.000000 0.950023 421.038918 0.000000 0.000000 0.000000 0.000000 0.950023 415.000000
 310.000000 0.947075 409.758240 0.000000 0.000000 0.000000 0.000000 0.947075 407.000000
 311.000000 0.944684 409.887238 0.000000 0.000000 0.000000 0.000000 0.944684 408.000000
 312.000000 0.949098 413.039639 0.000000 0.000000 0.000000 0.000000 0.949098 409.000000
 313.000000 0.946514 412.442555 0.000000 0.000000 0.000000 0.000000 0.946514 412.000000
 314.000000 0.949882 416.323829 0.000000 0.000000 0.000000 0.000000 0.949882 417.000000
 315.000000 0.947684 411.530618 0.000000 0.000000 0.000000 0.000000 0.947684 408.000000
 316.000000 0.950098 408.163804 0.000000 0.000000 0.000000 0.000000 0.950098 403.000000
 317.000000 0.944928 404.513349 0.000000 0.000000 0.236829 0.947316 0.944928 406.000000
 318.000000 0.942267 403.979621 0.000000 0.000000 1.041174 4.164696 0.942267 404.000000
 319.000000 0.949109 413.660286 0.000000 0.000000 0.000000 0.000000 0.949109 412.000000
 320.000000 0.951245 413.492395 0.000000 0.000000 0.000000 0.000000 0.951245 405.000000
 321.000000 0.948630 411.873668 0.000000 0.000000 0.000000 0.000000 0.948630 405.000000
 322.000000 0.948459 412.404263 0.000000 0.000000 0.000000 0.000000 0.948459 404.000000
 323.000000 0.950444 415.986772 0.000000 0.000000 0.000000 0.000000 0.950444 406.000000
 324.000000 0.951594 413.369992 0.000000 0.000000 0.000000 0.000000 0.951594 406.000000
 325.000000 0.949265 412.064032 0.000000 0.000000 0.000000 0.000000 0.949265 404.000000
 326.000000 0.949817 415.007416 0.000000 0.000000 0.000000 0.000000 0.949817 409.042355
 327.000000 0.947116 410.671811 0.000000 0.000000 0.000000 0.000000 0.947116 406.000000
 328.000000 0.950865 414.234221 0.000000 0.000000 0.000000 0.000000 0.950865 405.000000
 329.000000 0.944120 408.703863 0.000000 0.000000 0.000000 0.000000 0.944120 410.000000
 330.000000 0.944865 404.684638 0.000000 0.000000 0.099453 0.397812 0.944865 404.000000
 331.000000 0.944640 411.311231 0.000000 0.000000 0.000000 0.000000 0.944640 412.000000
 332.000000 0.943372 409.344334 0.000000 0.000000 0.000000 0.000000 0.943372 411.000000
 333.000000 0.946959 407.480648 0.000000 0.000000 0.000000 0.000000 0.946959 408.000000
 334.000000 0.952755 415.746204 0.000000 0.000000 0.000000 0.000000 0.952755 407.000000
 335.000000 0.949233 415.229223 0.000000 0.000000 0.000000 0.000000 0.949233 408.000000
 336.000000 0.947229 411.842813 0.000000 0.000000 0.000000 0.000000 0.947229 405.000000
 337.000000 0.947590 409.873529 0.000000 0.000000 0.000000 0.000000 0.947590 402.000000
 338.000000 0.944477 404.575673 0.000000 0.000000 0.180053 0.720213 0.944477 402.000000
 339.000000 0.943431 411.049074 0.000000 0.000000 0.000000 0.000000 0.943431 404.000000
 340.000000 0.946669 407.087533 0.000000 0.000000 0.000000 0.000000 0.946669 408.000000
 341.000000 0.949804 414.118625 0.000000 0.000000 0.000000 0.000000 0.949804 400.000000
 342.000000 0.946771 407.759752 0.000000 0.000000 0.000000 0.000000 0.946771 403.000000
 343.000000 0.943951 405.957258 0.000000 0.000000 0.000000 0.000000 0.943951 404.000000
 344.000000 0.943440 407.161579 0.000000 0.000000 0.000000 0.000000 0.943440 404.000000
 345.000000 0.949603 414.860076 0.000000 0.000000 0.000000 0.000000 0.949603 409.000000
 346.000000 0.946533 409.252428 0.000000 0.000000 0.000000 0.000000 0.946533 404.000000
 347.000000 0.950762 409.016613 0.000000 0.000000 0.000000 0.000000 0.950762 400.000000
 348.000000 0.944712 410.377842 0.000000 0.000000 0.000000 0.000000 0.944712 415.000000
 349.000000 0.944301 408.562267 0.000000 0.000000 0.000000 0.000000 0.944301 407.000000
 350.000000 0.944624 407.951184 0.000000 0.000000 0.000000 0.000000 0.944624 402.000000
 351.000000 0.946212 406.605459 0.000000 0.000000 0.000000 0.000000 0.946212 400.000000
 352.000000 0.942751 407.138157 0.000000 0.000000 0.000000 0.000000 0.942751 409.000000
 353.000000 0.944284 407.938856 0.000000 0.000000 0.000000 0.000000 0.944284 409.000000
 354.000000 0.945433 407.896720 0.000000 0.000000 0.000000 0.000000 0.945433 407.000000
 355.000000 0.943410 413.818031 0.000000 0.000000 0.000000 0.000000 0.943410 414.000000
 356.000000 0.949637 421.208968 0.000000 0.000000 0.000000 0.000000 0.949637 421.000000
 357.000000 0.945991 418.898676 0.000000 0.000000 0.000000 0.000000 0.945991 417.000000
 358.000000 0.947315 418.251474 0.000000 0.000000 0.000000 0.000000 0.947315 422.000000
 359.000000 0.945585 412.555566 0.000000 0.000000 0.000000 0.000000 0.945585 417.000000
 360.000000 0.951527 418.504653 0.000000 0.000000 0.000000 0.000000 0.951527 417.000000
 361.000000 0.946307 416.293876 0.000000 0.000000 0.000000 0.000000 0.946307 416.000000
 362.000000 0.946179 408.237435 0.000000 0.000000 0.000000 0.000000 0.946179 402.000000
 363.000000 0.951342 417.244277 0.000000 0.000000 0.000000 0.000000 0.951342 400.000000
 364.000000 0.944964 407.138247 0.000000 0.000000 0.000000 0.000000 0.944964 406.000000
 365.000000 0.949326 413.676001 0.000000 0.000000 0.000000 0.000000 0.949326 414.000000
 366.000000 0.950535 418.240941 0.000000 0.000000 0.000000 0.000000 0.950535 419.000000
 367.000000 0.954847 423.622569 0.000000 0.000000 0.000000 0.000000 0.954847 413.000000
 368.000000 0.951295 419.231708 0.000000 0.000000 0.000000 0.000000 0.951295 415.000000
 369.000000 0.946897 411.614670 0.000000 0.000000 0.000000 0.000000 0.946897 409.000000
 370.000000 0.945683 413.736098 0.000000 0.000000 0.000000 0.000000 0.945683 416.000000
 371.000000 0.944012 410.089397 0.000000 0.000000 0.000000 0.000000 0.944012 409.000000
 372.000000 0.951220 419.172804 0.000000 0.000000 0.000000 0.000000 0.951220 414.000000
 373.000000 0.949282 409.566566 0.000000 0.000000 0.000000 0.000000 0.949282 409.000000
 374.000000 0.955357 425.942255 0.000000 0.000000 0.000000 0.000000 0.955357 419.000000
 375.000000 0.949991 414.873366 0.000000 0.000000 0.000000 0.000000 0.949991 415.000000
 376.000000 0.956653 428.644023 0.000000 0.000000 0.000000 0.000000 0.956653 422.000000
 377.000000 0.953473 424.334071 0.000000 0.000000 0.000000 0.000000 0.953473 420.000000
 378.000000 0.954287 424.626323 0.000000 0.000000 0.000000 0.000000 0.954287 418.000000
 379.000000 0.950678 420.101682 0.000000 0.000000 0.000000 0.000000 0.950678 417.000000
 380.000000 0.952749 418.662494 0.000000 0.000000 0.000000 0.000000 0.952749 416.000000
 381.000000 0.948669 410.826763 0.000000 0.000000 0.000000 0.000000 0.948669 410.000000
 382.000000 0.950823 411.346124 0.000000 0.000000 0.000000 0.000000 0.950823 402.000000
 383.000000 0.949555 413.615682 0.000000 0.000000 0.000000 0.000000 0.949555 411.000000
 384.000000 0.946000 409.673058 0.000000 0.000000 0.000000 0.000000 0.946000 407.000000
 385.000000 0.944961 408.650227 0.000000 0.000000 0.000000 0.000000 0.944961 404.000000
 386.000000 0.949517 413.375377 0.000000 0.000000 0.000000 0.000000 0.949517 412.000000
 387.000000 0.952419 416.142127 0.000000 0.000000 0.000000 0.000000 0.952419 407.000000
 388.000000 0.946947 413.038764 0.000000 0.000000 0.000000 0.000000 0.946947 410.000000
 389.000000 0.949619 411.645075 0.000000 0.000000 0.000000 0.000000 0.949619 403.000000
 390.000000 0.948618 409.385584 0.000000 0.000000 0.000000 0.000000 0.948618 405.000000
 391.000000 0.946799 404.302689 0.000000 0.000000 0.486243 1.944970 0.946799 398.000000
 392.000000 0.946748 405.117655 0.000000 0.000000 0.000000 0.000000 0.946748 402.000000
 393.000000 0.944979 406.495060 0.000000 0.000000 0.000000 0.000000 0.944979 408.000000
 394.000000 0.948781 410.253883 0.000000 0.000000 0.000000 0.000000 0.948781 409.000000
 395.000000 0.944849 407.962715 0.000000 0.000000 0.000000 0.000000 0.944849 408.000000
 396.000000 0.953665 422.565970 0.000000 0.000000 0.000000 0.000000 0.953665 419.000000
 397.000000 0.952214 417.352689 0.000000 0.000000 0.000000 0.000000 0.952214 416.000000
 398.000000 0.951941 419.776369 0.000000 0.000000 0.000000 0.000000 0.951941 420.000000
 399.000000 0.950859 416.567916 0.000000 0.000000 0.000000 0.000000 0.950859 414.000000
 400.000000 0.948306 409.060688 0.000000 0.000000 0.000000 0.000000 0.948306 405.000000
 401.000000 0.951970 414.330302 0.000000 0.000000 0.000000 0.000000 0.951970 409.000000
 402.000000 0.945635 406.013110 0.000000 0.000000 0.000000 0.000000 0.945635 402.000000
 403.000000 0.947169 409.594658 0.000000 0.000000 0.000000 0.000000 0.947169 409.000000
 404.000000 0.953485 417.776810 0.000000 0.000000 0.000000 0.000000 0.953485 412.000000
 405.000000 0.950452 412.688140 0.000000 0.000000 0.000000 0.000000 0.950452 404.000000
 406.000000 0.948235 409.926408 0.000000 0.000000 0.000000 0.000000 0.948235 403.000000
 407.000000 0.955766 418.297127 0.000000 0.000000 0.000000 0.000000 0.955766 404.000000
 408.000000 0.950740 414.162763 0.000000 0.000000 0.000000 0.000000 0.950740 407.000000
 409.000000 0.949682 417.700459 0.000000 0.000000 0.000000 0.000000 0.949682 414.000000
 410.000000 0.950947 419.052950 0.000000 0.000000 0.000000 0.000000 0.950947 411.000000
 411.000000 0.948028 412.106031 0.000000 0.000000 0.000000 0.000000 0.948028 410.000000
 412.000000 0.954881 425.640286 0.000000 0.000000 0.000000 0.000000 0.954881 422.000000
 413.000000 0.949137 419.266230 0.000000 0.000000 0.000000 0.000000 0.949137 416.000000
 414.000000 0.945475 411.717651 0.000000 0.000000 0.000000 0.000000 0.945475 410.000000
 415.000000 0.948604 416.986113 0.000000 0.000000 0.000000 0.000000 0.948604 414.000000
 416.000000 0.952234 417.505496 0.000000 0.000000 0.000000 0.000000 0.952234 413.000000
 417.000000 0.948917 415.830604 0.000000 0.000000 0.000000 0.000000 0.948917 416.000000
 418.000000 0.947824 420.054305 0.000000 0.000000 0.000000 0.000000 0.947824 421.000000
 419.000000 0.948784 414.180887 0.000000 0.000000 0.000000 0.000000 0.948784 412.000000
 420.000000 0.952635 424.066680 0.000000 0.000000 0.000000 0.000000 0.952635 421.000000
 421.000000 0.951993 416.181689 0.000000 0.000000 0.000000 0.000000 0.951993 412.000000
 422.000000 0.950291 422.695729 0.000000 0.000000 0.000000 0.000000 0.950291 426.000000
 423.000000 0.953359 426.494263 0.000000 0.000000 0.000000 0.000000 0.953359 422.000000
 424.000000 0.949694 418.511438 0.000000 0.000000 0.000000 0.000000 0.949694 412.000000
 425.000000 0.958098 423.179758 0.000000 0.000000 0.000000 0.000000 0.958098 413.000000
 426.000000 0.953843 427.641730 0.000000 0.000000 0.000000 0.000000 0.953843 421.000000
 427.000000 0.954549 424.693111 0.000000 0.000000 0.000000 0.000000 0.954549 419.000000
 428.000000 0.950731 421.424683 0.000000 0.000000 0.000000 0.000000 0.950731 417.000000
 429.000000 0.953541 423.668816 0.000000 0.000000 0.000000 0.000000 0.953541 418.000000
 430.000000 0.950745 424.551083 0.000000 0.000000 0.000000 0.000000 0.950745 430.000000
 431.000000 0.948253 417.753180 0.000000 0.000000 0.000000 0.000000 0.948253 420.000000
 432.000000 0.948898 420.442158 0.000000 0.000000 0.000000 0.000000 0.948898 417.000000
 433.000000 0.949629 417.401500 0.000000 0.000000 0.000000 0.000000 0.949629 415.000000
 434.000000 0.952470 423.375377 0.000000 0.000000 0.000000 0.000000 0.952470 417.000000
 435.000000 0.947905 423.187404 0.000000 0.000000 0.000000 0.000000 0.947905 422.000000
 436.000000 0.949907 425.048504 0.000000 0.000000 0.000000 0.000000 0.949907 424.000000
 437.000000 0.948768 425.633852 0.000000 0.000000 0.000000 0.000000 0.948768 425.000000
 438.000000 0.945384 422.575503 0.000000 0.000000 0.000000 0.000000 0.945384 425.000000
 439.000000 0.946252 414.031032 0.000000 0.000000 0.000000 0.000000 0.946252 416.000000
 440.000000 0.950649 425.624380 0.000000 0.000000 0.000000 0.000000 0.950649 423.000000
 441.000000 0.944700 418.366411 0.000000 0.000000 0.000000 0.000000 0.944700 423.000000
 442.000000 0.952537 433.558556 0.000000 0.000000 0.000000 0.000000 0.952537 438.000000
 443.000000 0.951432 428.189993 0.000000 0.000000 0.000000 0.000000 0.951432 427.000000
 444.000000 0.948027 424.562044 0.000000 0.000000 0.000000 0.000000 0.948027 416.000000
 445.000000 0.944964 420.875569 0.000000 0.000000 0.000000 0.000000 0.944964 420.266757
 446.000000 0.944074 418.773265 0.000000 0.000000 0.000000 0.000000 0.944074 413.000000
 447.000000 0.941357 420.654203 0.000000 0.000000 0.000000 0.000000 0.941357 427.000000
 448.000000 0.944772 422.325836 0.000000 0.000000 0.000000 0.000000 0.944772 421.000000
 449.000000 0.944456 420.760187 0.000000 0.000000 0.000000 0.000000 0.944456 420.000000
 450.000000 0.943198 423.703551 0.000000 0.000000 0.000000 0.000000 0.943198 423.000000
 451.000000 0.943102 420.873939 0.000000 0.000000 0.000000 0.000000 0.943102 423.000000
 452.000000 0.943306 415.028922 0.000000 0.000000 0.000000 0.000000 0.943306 416.000000
 453.000000 0.943592 415.857952 0.000000 0.000000 0.000000 0.000000 0.943592 414.000000
 454.000000 0.938593 414.207164 0.000000 0.000000 0.000000 0.000000 0.938593 415.000000
 455.000000 0.937285 408.224672 0.000000 0.000000 0.000000 0.000000 0.937285 413.000000
 456.000000 0.943822 412.722274 0.000000 0.000000 0.000000 0.000000 0.943822 410.000000
 457.000000 0.944763 416.315833 0.000000 0.000000 0.000000 0.000000 0.944763 421.000000
 458.000000 0.947349 422.439767 0.000000 0.000000 0.000000 0.000000 0.947349 424.000000
 459.000000 0.944928 421.197460 0.000000 0.000000 0.000000 0.000000 0.944928 420.000000
 460.000000 0.941425 413.420414 0.000000 0.000000 0.000000 0.000000 0.941425 409.000000
 461.000000 0.938311 410.417522 0.000000 0.000000 0.000000 0.000000 0.938311 408.000000
 462.000000 0.939796 410.967284 0.000000 0.000000 0.000000 0.000000 0.939796 410.000000
 463.000000 0.937437 407.952341 0.000000 0.000000 0.000000 0.000000 0.937437 412.000000
 464.000000 0.940013 410.162238 0.000000 0.000000 0.000000 0.000000 0.940013 409.000000
 465.000000 0.936376 405.457815 0.000000 0.000000 0.000000 0.000000 0.936376 407.000000
 466.000000 0.941620 409.923885 0.000000 0.000000 0.000000 0.000000 0.941620 406.000000
 467.000000 0.937134 406.493689 0.000000 0.000000 0.000000 0.000000 0.937134 411.000000
 468.000000 0.941992 410.380980 0.000000 0.000000 0.000000 0.000000 0.941992 409.000000
 469.000000 0.945684 415.991785 0.000000 0.000000 0.000000 0.000000 0.945684 416.000000
 470.000000 0.942589 414.360273 0.000000 0.000000 0.000000 0.000000 0.942589 418.000000
 471.000000 0.940150 413.104984 0.000000 0.000000 0.000000 0.000000 0.940150 416.000000
 472.000000 0.942878 412.668819 0.000000 0.000000 0.000000 0.000000 0.942878 410.000000
 473.000000 0.943209 409.199161 0.000000 0.000000 0.000000 0.000000 0.943209 410.445615
 474.000000 0.940270 410.349368 0.000000 0.000000 0.000000 0.000000 0.940270 409.000000
 475.000000 0.937867 407.231068 0.000000 0.000000 0.000000 0.000000 0.937867 406.000000
 476.000000 0.941039 411.898993 0.000000 0.000000 0.000000 0.000000 0.941039 407.000000
 477.000000 0.944849 412.297445 0.000000 0.000000 0.000000 0.000000 0.944849 408.000000
 478.000000 0.947218 417.113748 0.000000 0.000000 0.000000 0.000000 0.947218 416.000000
 479.000000 0.942919 407.013105 0.000000 0.000000 0.000000 0.000000 0.942919 400.000000
 480.000000 0.942929 411.486827 0.000000 0.000000 0.000000 0.000000 0.942929 411.000000
 481.000000 0.944960 412.931780 0.000000 0.000000 0.000000 0.000000 0.944960 409.000000
 482.000000 0.945951 416.317149 0.000000 0.000000 0.000000 0.000000 0.945951 413.000000
 483.000000 0.944881 410.444537 0.000000 0.000000 0.000000 0.000000 0.944881 408.000000
 484.000000 0.946848 415.396281 0.000000 0.000000 0.000000 0.000000 0.946848 414.305355
 485.000000 0.942163 414.352733 0.000000 0.000000 0.000000 0.000000 0.942163 415.000000
 486.000000 0.946153 417.079254 0.000000 0.000000 0.000000 0.000000 0.946153 418.000000
 487.000000 0.951188 421.623902 0.000000 0.000000 0.000000 0.000000 0.951188 415.000000
 488.000000 0.944322 416.421253 0.000000 0.000000 0.000000 0.000000 0.944322 415.000000
 489.000000 0.948927 417.471065 0.000000 0.000000 0.000000 0.000000 0.948927 413.000000
 490.000000 0.948825 420.558240 0.000000 0.000000 0.000000 0.000000 0.948825 420.000000
 491.000000 0.948111 421.644849 0.000000 0.000000 0.000000 0.000000 0.948111 419.000000
 492.000000 0.948348 420.801564 0.000000 0.000000 0.000000 0.000000 0.948348 419.000000
 493.000000 0.944047 409.618609 0.000000 0.000000 0.000000 0.000000 0.944047 413.000000
 494.000000 0.947768 415.576459 0.000000 0.000000 0.000000 0.000000 0.947768 411.000000
 495.000000 0.945604 413.202095 0.000000 0.000000 0.000000 0.000000 0.945604 415.000000
 496.000000 0.948457 415.970728 0.000000 0.000000 0.000000 0.000000 0.948457 414.000000
 497.000000 0.947838 417.001289 0.000000 0.000000 0.000000 0.000000 0.947838 406.000000
 498.000000 0.945472 408.824586 0.000000 0.000000 0.000000 0.000000 0.945472 402.000000
 499.000000 0.946262 409.302190 0.000000 0.000000 0.000000 0.000000 0.946262 412.000000
 500.000000 0.938767 405.144269 0.000000 0.000000 0.000000 0.000000 0.938767 404.000000
