#! FIELDS time refcv.mean refcv.morethan
 0.000000 1.063232 323.962072
 1.000000 0.975927 323.876110
 2.000000 0.967855 323.859666
 3.000000 0.969855 323.860923
 4.000000 0.977809 323.869074
 5.000000 0.977620 323.871018
 6.000000 0.965529 323.864928
 7.000000 0.962413 323.843315
 8.000000 0.977319 323.881510
 9.000000 0.971883 323.862658
 10.000000 0.961275 323.852426
 11.000000 0.969114 323.866641
 12.000000 0.971390 323.860083
 13.000000 0.977685 323.884912
 14.000000 0.968702 323.858773
 15.000000 0.978557 323.883976
 16.000000 0.971781 323.866759
 17.000000 0.970407 323.840703
 18.000000 0.975085 323.871437
 19.000000 0.976509 323.877425
 20.000000 0.966285 323.853151
 21.000000 0.968782 323.853396
 22.000000 0.970487 323.845352
 23.000000 0.957687 323.833605
 24.000000 0.972666 323.866947
 25.000000 0.963575 323.850392
 26.000000 0.965318 323.857896
 27.000000 0.976643 323.873173
 28.000000 0.967264 323.854889
 29.000000 0.961200 323.843883
 30.000000 0.968388 323.856016
 31.000000 0.968027 323.860156
 32.000000 0.960337 323.845319
 33.000000 0.971386 323.870077
 34.000000 0.971548 323.863262
 35.000000 0.969781 323.866606
 36.000000 0.970007 323.859401
 37.000000 0.990033 323.902526
 38.000000 0.986734 323.899584
 39.000000 0.977514 323.879962
 40.000000 0.982896 323.891790
 41.000000 0.968469 323.862048
 42.000000 0.962594 323.839286
 43.000000 0.976871 323.881913
 44.000000 0.982944 323.892765
 45.000000 0.975537 323.876954
 46.000000 0.977749 323.875680
 47.000000 0.977482 323.876917
 48.000000 0.961858 323.844079
 49.000000 0.982732 323.889458
 50.000000 0.970779 323.859148
 51.000000 0.967637 323.859451
 52.000000 0.966336 323.859989
 53.000000 0.973570 323.870642
 54.000000 0.972496 323.874306
 55.000000 0.972270 323.873809
 56.000000 0.975233 323.875796
 57.000000 0.964264 323.857548
 58.000000 0.976058 323.878797
 59.000000 0.969324 323.850401
 60.000000 0.959345 323.838901
 61.000000 0.970874 323.868994
 62.000000 0.970822 323.866214
 63.000000 0.979148 323.884147
 64.000000 0.975076 323.877659
 65.000000 0.970489 323.867601
 66.000000 0.970704 323.859557
 67.000000 0.986909 323.895744
 68.000000 0.977177 323.879773
 69.000000 0.970577 323.866465
 70.000000 0.976144 323.875673
 71.000000 0.976349 323.870980
 72.000000 0.973039 323.874679
 73.000000 0.974264 323.869987
 74.000000 0.970026 323.870574
 75.000000 0.970632 323.872028
 76.000000 0.973542 323.869874
 77.000000 0.974325 323.872667
 78.000000 0.966261 323.835730
 79.000000 0.963928 323.850582
 80.000000 0.972117 323.868877
 81.000000 0.976563 323.878007
 82.000000 0.967230 323.860173
 83.000000 0.970946 323.869112
 84.000000 0.967732 323.850976
 85.000000 0.978537 323.879662
 86.000000 0.979202 323.882853
 87.000000 0.977073 323.879689
 88.000000 0.984382 323.892382
 89.000000 0.984474 323.891797
 90.000000 0.979274 323.880044
 91.000000 0.978185 323.883592
 92.000000 0.970049 323.864080
 93.000000 0.972535 323.860644
 94.000000 0.984225 323.894416
 95.000000 0.976622 323.875486
 96.000000 0.980198 323.877625
 97.000000 0.973101 323.863120
 98.000000 0.983113 323.894214
 99.000000 0.966730 323.857617
 100.000000 0.984822 323.894403
 101.000000 0.974681 323.875541
 102.000000 0.974021 323.878119
 103.000000 0.977262 323.883631
 104.000000 0.968907 323.864092
 105.000000 0.970543 323.863950
 106.000000 0.970685 323.857902
 107.000000 0.973898 323.851915
 108.000000 0.974523 323.875288
 109.000000 0.974816 323.879640
 110.000000 0.976726 323.881153
 111.000000 0.984450 323.892513
 112.000000 0.977239 323.883761
 113.000000 0.978178 323.885238
 114.000000 0.967212 323.853490
 115.000000 0.962355 323.853640
 116.000000 0.978214 323.874661
 117.000000 0.979318 323.882506
 118.000000 0.977062 323.876199
 119.000000 0.967582 323.846953
 120.000000 0.972318 323.870674
 121.000000 0.977659 323.880050
 122.000000 0.977206 323.879895
 123.000000 0.966414 323.860955
 124.000000 0.970470 323.867441
 125.000000 0.976315 323.879509
 126.000000 0.973657 323.859045
 127.000000 0.960634 323.842631
 128.000000 0.972400 323.871623
 129.000000 0.968420 323.854601
 130.000000 0.974104 323.874704
 131.000000 0.976317 323.869685
 132.000000 0.966829 323.857469
 133.000000 0.967693 323.847784
 134.000000 0.968044 323.865029
 135.000000 0.963713 323.843605
 136.000000 0.968800 323.846093
 137.000000 0.976230 323.878517
 138.000000 0.967450 323.861355
 139.000000 0.978404 323.882312
 140.000000 0.974635 323.871962
 141.000000 0.968187 323.861597
 142.000000 0.978428 323.881805
 143.000000 0.978872 323.880535
 144.000000 0.956429 323.838597
 145.000000 0.981189 323.883567
 146.000000 0.983039 323.891457
 147.000000 0.974433 323.871899
 148.000000 0.981980 323.892638
 149.000000 0.978395 323.884588
 150.000000 0.974323 323.876158
 151.000000 0.973753 323.866922
 152.000000 0.975857 323.881409
 153.000000 0.990015 323.901471
 154.000000 0.985900 323.893228
 155.000000 0.982627 323.893081
 156.000000 0.980570 323.880036
 157.000000 0.978974 323.882520
 158.000000 0.981410 323.885642
 159.000000 0.975968 323.881111
 160.000000 0.950943 323.809741
 161.000000 0.965619 323.856846
 162.000000 0.975888 323.881389
 163.000000 0.972544 323.865224
 164.000000 0.982667 323.890988
 165.000000 0.958576 323.835672
 166.000000 0.969289 323.863833
 167.000000 0.984461 323.880270
 168.000000 0.967853 323.861948
 169.000000 0.967968 323.861348
 170.000000 0.974003 323.873574
 171.000000 0.966309 323.855937
 172.000000 0.977697 323.871075
 173.000000 0.983248 323.888712
 174.000000 0.982092 323.888687
 175.000000 0.971334 323.867599
 176.000000 0.975833 323.879849
 177.000000 0.974364 323.872527
 178.000000 0.974583 323.877561
 179.000000 0.984165 323.896112
 180.000000 0.972048 323.862416
 181.000000 0.973422 323.872442
 182.000000 0.973576 323.873581
 183.000000 0.967395 323.855139
 184.000000 0.977963 323.853103
 185.000000 0.979905 323.888285
 186.000000 0.974491 323.876087
 187.000000 0.972473 323.870234
 188.000000 0.967329 323.857063
 189.000000 0.984719 323.895538
 190.000000 0.968612 323.815879
 191.000000 0.969452 323.861200
 192.000000 0.978797 323.885064
 193.000000 0.969273 323.861116
 194.000000 0.972637 323.866261
 195.000000 0.984098 323.889416
 196.000000 0.974185 323.874373
 197.000000 0.973882 323.873410
 198.000000 0.972950 323.870367
 199.000000 0.961842 323.853411
 200.000000 0.968170 323.862570
 201.000000 0.970744 323.871473
 202.000000 0.978440 323.883861
 203.000000 0.975413 323.874274
 204.000000 0.964094 323.853381
 205.000000 0.977079 323.879434
 206.000000 0.968046 323.858024
 207.000000 0.972274 323.870134
 208.000000 0.977996 323.880269
 209.000000 0.974137 323.871061
 210.000000 0.970764 323.868605
 211.000000 0.968357 323.852828
 212.000000 0.981324 323.880429
 213.000000 0.979386 323.873668
 214.000000 0.977596 323.879852
 215.000000 0.972800 323.876098
 216.000000 0.973358 323.869157
 217.000000 0.969422 323.867389
 218.000000 0.970550 323.863210
 219.000000 0.973525 323.866866
 220.000000 0.970590 323.862209
 221.000000 0.961865 323.846955
 222.000000 0.985076 323.893887
 223.000000 0.966470 323.858638
 224.000000 0.976910 323.879341
 225.000000 0.983434 323.889029
 226.000000 0.978455 323.882709
 227.000000 0.978435 323.881344
 228.000000 0.963342 323.852389
 229.000000 0.973631 323.873611
 230.000000 0.971767 323.866105
 231.000000 0.975161 323.874163
 232.000000 0.971692 323.862393
 233.000000 0.981700 323.890252
 234.000000 0.970814 323.870864
 235.000000 0.969197 323.859679
 236.000000 0.968742 323.860844
 237.000000 0.973475 323.878648
 238.000000 0.978811 323.883906
 239.000000 0.982374 323.887601
 240.000000 0.976520 323.878005
 241.000000 0.976771 323.873659
 242.000000 0.972898 323.870306
 243.000000 0.976812 323.877945
 244.000000 0.970956 323.856714
 245.000000 0.964034 323.852881
 246.000000 0.984389 323.894386
 247.000000 0.972785 323.872987
 248.000000 0.973774 323.870162
 249.000000 0.978931 323.886152
 250.000000 0.965598 323.847393
 251.000000 0.972945 323.873521
 252.000000 0.974367 323.869389
 253.000000 0.968045 323.855598
 254.000000 0.976559 323.880151
 255.000000 0.983167 323.892548
 256.000000 0.963801 323.854906
 257.000000 0.980159 323.886652
 258.000000 0.981710 323.889477
 259.000000 0.967796 323.864209
 260.000000 0.979539 323.880358
 261.000000 0.977180 323.877685
 262.000000 0.969529 323.860079
 263.000000 0.976465 323.850647
 264.000000 0.974695 323.875222
 265.000000 0.975843 323.862675
 266.000000 0.973469 323.866958
 267.000000 0.977498 323.880944
 268.000000 0.976821 323.873928
 269.000000 0.981986 323.888843
 270.000000 0.974470 323.875957
 271.000000 0.980869 323.889263
 272.000000 0.970188 323.871548
 273.000000 0.963987 323.860609
 274.000000 0.972905 323.873701
 275.000000 0.974567 323.877503
 276.000000 0.982235 323.884358
 277.000000 0.977395 323.882240
 278.000000 0.978857 323.883074
 279.000000 0.977117 323.881262
 280.000000 0.979412 323.886099
 281.000000 0.956334 323.833896
 282.000000 0.975404 323.865754
 283.000000 0.976775 323.874678
 284.000000 0.971752 323.865144
 285.000000 0.975608 323.875335
 286.000000 0.976820 323.880076
 287.000000 0.965653 323.859698
 288.000000 0.975731 323.879019
 289.000000 0.976715 323.876569
 290.000000 0.979094 323.882587
 291.000000 0.976981 323.880520
 292.000000 0.968398 323.868249
 293.000000 0.964787 323.856600
 294.000000 0.977211 323.875095
 295.000000 0.971958 323.867782
 296.000000 0.976974 323.877049
 297.000000 0.976099 323.867481
 298.000000 0.966129 323.853923
 299.000000 0.983397 323.892339
 300.000000 0.977673 323.883474
 301.000000 0.971711 323.868350
 302.000000 0.972366 323.872230
 303.000000 0.975772 323.882069
 304.000000 0.970419 323.860431
 305.000000 0.991163 323.902691
 306.000000 0.983174 323.884148
 307.000000 0.972830 323.872833
 308.000000 0.975729 323.863418
 309.000000 0.975222 323.870981
 310.000000 0.977759 323.878694
 311.000000 0.974809 323.875530
 312.000000 0.973552 323.865609
 313.000000 0.970871 323.872012
 314.000000 0.969743 323.865210
 315.000000 0.975788 323.881840
 316.000000 0.981806 323.886299
 317.000000 0.977011 323.881415
 318.000000 0.979725 323.888209
 319.000000 0.970103 323.862878
 320.000000 0.979836 323.878994
 321.000000 0.974443 323.877002
 322.000000 0.984570 323.885834
 323.000000 0.967048 323.852331
 324.000000 0.967887 323.854038
 325.000000 0.969868 323.863536
 326.000000 0.973304 323.877657
 327.000000 0.971546 323.866275
 328.000000 0.980912 323.883046
 329.000000 0.976861 323.883521
 330.000000 0.977349 323.885130
 331.000000 0.963486 323.856899
 332.000000 0.970961 323.864017
 333.000000 0.969019 323.846405
 334.000000 0.960030 323.817496
 335.000000 0.975088 323.831247
 336.000000 0.969290 323.865360
 337.000000 0.965656 323.861801
 338.000000 0.975570 323.880588
 339.000000 0.976858 323.878412
 340.000000 0.980259 323.885528
 341.000000 0.977740 323.880625
 342.000000 0.973732 323.864659
 343.000000 0.971494 323.868352
 344.000000 0.976266 323.877270
 345.000000 0.974588 323.871366
 346.000000 0.978188 323.882743
 347.000000 0.979831 323.886825
 348.000000 0.970928 323.867542
 349.000000 0.980198 323.888353
 350.000000 0.969945 323.870328
 351.000000 0.977725 323.883104
 352.000000 0.965887 323.860254
 353.000000 0.975060 323.875695
 354.000000 0.959807 323.837355
 355.000000 0.971835 323.869448
 356.000000 0.968523 323.859150
 357.000000 0.966369 323.862886
 358.000000 0.973995 323.876776
 359.000000 0.966121 323.857195
 360.000000 0.965459 323.854440
 361.000000 0.975744 323.877195
 362.000000 0.972251 323.857565
 363.000000 0.971066 323.860038
 364.000000 0.976033 323.880644
 365.000000 0.972366 323.863584
 366.000000 0.982636 323.890294
 367.000000 0.984988 323.895189
 368.000000 0.991203 323.905307
 369.000000 0.983899 323.893925
 370.000000 0.979321 323.877173
 371.000000 0.980588 323.888625
 372.000000 0.961300 323.845268
 373.000000 0.983681 323.893279
 374.000000 0.971777 323.874030
 375.000000 0.964798 323.842525
 376.000000 0.973684 323.863860
 377.000000 0.973005 323.873910
 378.000000 0.972221 323.867597
 379.000000 0.952379 323.826521
 380.000000 0.976402 323.871515
 381.000000 0.960395 323.843710
 382.000000 0.959094 323.852811
 383.000000 0.971830 323.864895
 384.000000 0.974176 323.875802
 385.000000 0.964068 323.858862
 386.000000 0.959999 323.845879
 387.000000 0.975686 323.865201
 388.000000 0.965665 323.850100
 389.000000 0.973335 323.873336
 390.000000 0.971269 323.871733
 391.000000 0.970878 323.865518
 392.000000 0.973630 323.866946
 393.000000 0.969173 323.861835
 394.000000 0.985213 323.894887
 395.000000 0.970839 323.859348
 396.000000 0.980605 323.885224
 397.000000 0.974469 323.874821
 398.000000 0.969782 323.864595
 399.000000 0.968381 323.851817
 400.000000 0.978113 323.879335
 401.000000 0.970591 323.864093
 402.000000 0.963923 323.843285
 403.000000 0.975308 323.865273
 404.000000 0.978345 323.882354
 405.000000 0.983033 323.890811
 406.000000 0.972496 323.871254
 407.000000 0.974407 323.871536
 408.000000 0.970154 323.863464
 409.000000 0.979474 323.888322
 410.000000 0.977710 323.881710
 411.000000 0.966616 323.847320
 412.000000 0.975249 323.878823
 413.000000 0.973544 323.863422
 414.000000 0.972714 323.872817
 415.000000 0.963826 323.854822
 416.000000 0.974793 323.875745
 417.000000 0.966242 323.850579
 418.000000 0.976710 323.875283
 419.000000 0.960141 323.843291
 420.000000 0.967327 323.859215
 421.000000 0.967043 323.854555
 422.000000 0.971633 323.864289
 423.000000 0.968764 323.855586
 424.000000 0.971800 323.858933
 425.000000 0.975516 323.874104
 426.000000 0.974993 323.878734
 427.000000 0.982719 323.889035
 428.000000 0.962550 323.849143
 429.000000 0.965707 323.854947
 430.000000 0.968918 323.862224
 431.000000 0.973165 323.870486
 432.000000 0.969625 323.863365
 433.000000 0.969588 323.868201
 434.000000 0.971560 323.870326
 435.000000 0.971775 323.875106
 436.000000 0.968820 323.862616
 437.000000 0.978332 323.885632
 438.000000 0.978736 323.867563
 439.000000 0.972768 323.874119
 440.000000 0.971297 323.867423
 441.000000 0.969891 323.865914
 442.000000 0.974416 323.878634
 443.000000 0.976764 323.882743
 444.000000 0.977922 323.884425
 445.000000 0.965852 323.854480
 446.000000 0.962290 323.851977
 447.000000 0.962640 323.847426
 448.000000 0.966082 323.855305
 449.000000 0.970015 323.868797
 450.000000 0.979902 323.873800
 451.000000 0.966240 323.857350
 452.000000 0.972084 323.865134
 453.000000 0.976086 323.879581
 454.000000 0.965595 323.852566
 455.000000 0.965747 323.860114
 456.000000 0.965228 323.849082
 457.000000 0.975362 323.872502
 458.000000 0.969673 323.858149
 459.000000 0.980593 323.887115
 460.000000 0.971300 323.856617
 461.000000 0.973941 323.876480
 462.000000 0.971291 323.862972
 463.000000 0.971762 323.855127
 464.000000 0.974556 323.877406
 465.000000 0.975631 323.869589
 466.000000 0.970367 323.868374
 467.000000 0.966911 323.853940
 468.000000 0.966836 323.858585
 469.000000 0.970772 323.860886
 470.000000 0.976918 323.880745
 471.000000 0.968881 323.860424
 472.000000 0.971283 323.872764
 473.000000 0.986140 323.894232
 474.000000 0.968620 323.864296
 475.000000 0.977774 323.883124
 476.000000 0.982686 323.887262
 477.000000 0.971391 323.866845
 478.000000 0.975066 323.873722
 479.000000 0.977853 323.878546
 480.000000 0.975027 323.871471
 481.000000 0.969273 323.869025
 482.000000 0.979607 323.886314
 483.000000 0.971244 323.869725
 484.000000 0.977405 323.882234
 485.000000 0.971983 323.864978
 486.000000 0.974934 323.868813
 487.000000 0.976535 323.882216
 488.000000 0.963793 323.840632
 489.000000 0.969213 323.867791
 490.000000 0.971515 323.874195
 491.000000 0.980794 323.890540
 492.000000 0.970560 323.872252
 493.000000 0.969791 323.860243
 494.000000 0.978031 323.883341
 495.000000 0.974902 323.878629
 496.000000 0.970105 323.868381
 497.000000 0.969547 323.853943
 498.000000 0.973757 323.868630
 499.000000 0.966509 323.864192
 500.000000 0.973428 323.869516
 501.000000 0.976042 323.876524
 502.000000 0.971101 323.864568
 503.000000 0.972272 323.862772
 504.000000 0.976534 323.878648
 505.000000 0.971547 323.864903
 506.000000 0.971503 323.866290
 507.000000 0.965157 323.853615
 508.000000 0.967866 323.864843
 509.000000 0.969792 323.858607
 510.000000 0.974420 323.873903
 511.000000 0.973119 323.869194
 512.000000 0.969452 323.859245
 513.000000 0.973386 323.872052
 514.000000 0.966126 323.861727
 515.000000 0.978035 323.880217
 516.000000 0.971586 323.870623
 517.000000 0.964379 323.844647
 518.000000 0.976205 323.876436
 519.000000 0.967106 323.860256
 520.000000 0.978347 323.878248
 521.000000 0.975470 323.879368
 522.000000 0.975507 323.869254
 523.000000 0.979655 323.883747
 524.000000 0.971955 323.870090
 525.000000 0.967787 323.863010
 526.000000 0.966788 323.855719
 527.000000 0.968726 323.863659
 528.000000 0.971518 323.874670
 529.000000 0.971616 323.870431
 530.000000 0.969046 323.869282
 531.000000 0.980352 323.880078
 532.000000 0.963662 323.853210
 533.000000 0.970020 323.857024
 534.000000 0.979578 323.888186
 535.000000 0.967364 323.861974
 536.000000 0.975432 323.877835
 537.000000 0.969458 323.859072
 538.000000 0.978186 323.877505
 539.000000 0.977317 323.875620
 540.000000 0.970856 323.867404
 541.000000 0.975178 323.879368
 542.000000 0.975144 323.874165
 543.000000 0.970348 323.870691
 544.000000 0.981609 323.888118
 545.000000 0.965646 323.852170
 546.000000 0.970532 323.866429
 547.000000 0.964416 323.844866
 548.000000 0.965563 323.844261
 549.000000 0.972101 323.869474
 550.000000 0.982805 323.890332
 551.000000 0.975746 323.873435
 552.000000 0.962555 323.851524
 553.000000 0.966077 323.860990
 554.000000 0.971794 323.872942
 555.000000 0.962643 323.845272
 556.000000 0.982538 323.889546
 557.000000 0.961687 323.838916
 558.000000 0.977313 323.878159
 559.000000 0.990940 323.898311
 560.000000 0.978443 323.884749
 561.000000 0.970723 323.869870
 562.000000 0.970331 323.865866
 563.000000 0.976099 323.870579
 564.000000 0.964795 323.852760
 565.000000 0.985413 323.891934
 566.000000 0.964504 323.854401
 567.000000 0.973578 323.868433
 568.000000 0.973731 323.871317
 569.000000 0.966860 323.863113
 570.000000 0.961859 323.845480
 571.000000 0.968413 323.860002
 572.000000 0.980800 323.883565
 573.000000 0.969854 323.864465
 574.000000 0.978903 323.888883
 575.000000 0.975907 323.873935
 576.000000 0.967760 323.861398
 577.000000 0.978704 323.884258
 578.000000 0.972679 323.870972
 579.000000 0.975579 323.861302
 580.000000 0.972500 323.873907
 581.000000 0.975249 323.875748
 582.000000 0.976723 323.884112
 583.000000 0.965919 323.857604
 584.000000 0.970534 323.863288
 585.000000 0.972906 323.868001
 586.000000 0.978356 323.882647
 587.000000 0.966355 323.849764
 588.000000 0.976315 323.880007
 589.000000 0.971657 323.861060
 590.000000 0.965745 323.857258
 591.000000 0.966225 323.859207
 592.000000 0.969828 323.860528
 593.000000 0.973181 323.868801
 594.000000 0.982899 323.857148
 595.000000 0.978251 323.884990
 596.000000 0.969723 323.867773
 597.000000 0.972171 323.872224
 598.000000 0.969579 323.867043
 599.000000 0.978972 323.876265
 600.000000 0.976078 323.880210
 601.000000 0.974350 323.877470
 602.000000 0.975208 323.877711
 603.000000 0.970719 323.868450
 604.000000 0.971512 323.870987
 605.000000 0.968514 323.820457
 606.000000 0.968143 323.856717
 607.000000 0.987216 323.897994
 608.000000 0.977454 323.882557
 609.000000 0.967770 323.860880
 610.000000 0.965692 323.856400
 611.000000 0.971757 323.870365
 612.000000 0.968629 323.864973
 613.000000 0.977356 323.883643
 614.000000 0.971569 323.865445
 615.000000 0.969828 323.858662
 616.000000 0.973872 323.880450
 617.000000 0.970541 323.868273
 618.000000 0.957372 323.842892
 619.000000 0.974372 323.869132
 620.000000 0.975883 323.880906
 621.000000 0.970158 323.868850
 622.000000 0.980712 323.883281
 623.000000 0.973494 323.875008
 624.000000 0.969107 323.862412
 625.000000 0.981531 323.890452
 626.000000 0.972772 323.870166
 627.000000 0.973669 323.872881
 628.000000 0.973217 323.878153
 629.000000 0.971478 323.865253
 630.000000 0.970053 323.864726
 631.000000 0.970114 323.867842
 632.000000 0.980607 323.886526
 633.000000 0.971850 323.867013
 634.000000 0.965538 323.842351
 635.000000 0.973219 323.867798
 636.000000 0.967534 323.860696
 637.000000 0.987093 323.899266
 638.000000 0.974469 323.872320
 639.000000 0.978636 323.884029
 640.000000 0.978097 323.882405
 641.000000 0.972199 323.868496
 642.000000 0.981293 323.881950
 643.000000 0.978686 323.883614
 644.000000 0.967094 323.856400
 645.000000 0.970279 323.858679
 646.000000 0.983465 323.883927
 647.000000 0.970969 323.859237
 648.000000 0.981754 323.882696
 649.000000 0.966209 323.828627
 650.000000 0.979609 323.887333
 651.000000 0.978749 323.880056
 652.000000 0.975342 323.876878
 653.000000 0.973180 323.860496
 654.000000 0.970860 323.862017
 655.000000 0.970106 323.862101
 656.000000 0.974168 323.874170
 657.000000 0.972716 323.871865
 658.000000 0.982670 323.888354
 659.000000 0.975628 323.874397
 660.000000 0.971291 323.866680
 661.000000 0.972841 323.869490
 662.000000 0.981465 323.889603
 663.000000 0.974439 323.878628
 664.000000 0.967877 323.851444
 665.000000 0.964861 323.860556
 666.000000 0.973322 323.870984
 667.000000 0.968056 323.858511
 668.000000 0.966285 323.859249
 669.000000 0.967563 323.860807
 670.000000 0.969804 323.862968
 671.000000 0.970670 323.872560
 672.000000 0.975328 323.880298
 673.000000 0.976365 323.875311
 674.000000 0.981415 323.888714
 675.000000 0.987945 323.899902
 676.000000 0.982576 323.892636
 677.000000 0.982329 323.886293
 678.000000 0.975913 323.877826
 679.000000 0.969992 323.865284
 680.000000 0.973871 323.875409
 681.000000 0.973300 323.869099
 682.000000 0.979499 323.881998
 683.000000 0.966950 323.859920
 684.000000 0.969986 323.864752
 685.000000 0.962844 323.837734
 686.000000 0.971187 323.871449
 687.000000 0.975320 323.863239
 688.000000 0.965951 323.843974
 689.000000 0.976877 323.878316
 690.000000 0.970096 323.873504
 691.000000 0.963839 323.853376
 692.000000 0.965672 323.836998
 693.000000 0.966776 323.845990
 694.000000 0.974203 323.878309
 695.000000 0.967876 323.864628
 696.000000 0.977415 323.874483
 697.000000 0.963504 323.829941
 698.000000 0.978609 323.884332
 699.000000 0.968453 323.861689
 700.000000 0.972660 323.873813
 701.000000 0.971456 323.870753
 702.000000 0.966551 323.853657
 703.000000 0.985670 323.893533
 704.000000 0.962505 323.842939
 705.000000 0.986021 323.897680
 706.000000 0.977225 323.882084
 707.000000 0.981377 323.888774
 708.000000 0.964845 323.847032
 709.000000 0.970636 323.869375
 710.000000 0.962689 323.847639
 711.000000 0.970371 323.855609
 712.000000 0.974781 323.869983
 713.000000 0.972087 323.871085
 714.000000 0.974085 323.861574
 715.000000 0.960444 323.845115
 716.000000 0.980330 323.885259
 717.000000 0.974196 323.877926
 718.000000 0.981397 323.886043
 719.000000 0.968660 323.862700
 720.000000 0.973292 323.871708
 721.000000 0.980047 323.884738
 722.000000 0.977366 323.881540
 723.000000 0.979363 323.884948
 724.000000 0.976773 323.879092
 725.000000 0.967630 323.845410
 726.000000 0.976979 323.874349
 727.000000 0.962850 323.849147
 728.000000 0.972063 323.874468
 729.000000 0.981165 323.881350
 730.000000 0.972184 323.867868
 731.000000 0.979382 323.882667
 732.000000 0.966924 323.854100
 733.000000 0.971890 323.862390
 734.000000 0.971146 323.861735
 735.000000 0.976355 323.880135
 736.000000 0.974413 323.874307
 737.000000 0.971784 323.860288
 738.000000 0.976216 323.880301
 739.000000 0.975652 323.863395
 740.000000 0.982063 323.884367
 741.000000 0.975049 323.880872
 742.000000 0.970186 323.871719
 743.000000 0.973411 323.871786
 744.000000 0.972141 323.867971
 745.000000 0.966431 323.860453
 746.000000 0.976835 323.880638
 747.000000 0.964596 323.823827
 748.000000 0.972051 323.873798
 749.000000 0.979488 323.882853
 750.000000 0.970558 323.868750
 751.000000 0.982442 323.888352
 752.000000 0.975785 323.876032
 753.000000 0.973827 323.877425
 754.000000 0.970574 323.870117
 755.000000 0.976998 323.872906
 756.000000 0.982706 323.893668
 757.000000 0.983958 323.885321
 758.000000 0.971573 323.868926
 759.000000 0.972521 323.874555
 760.000000 0.977567 323.882976
 761.000000 0.967409 323.856622
 762.000000 0.985421 323.897023
 763.000000 0.969612 323.868328
 764.000000 0.979827 323.887669
 765.000000 0.977449 323.873457
 766.000000 0.967207 323.857951
 767.000000 0.971567 323.875229
 768.000000 0.964084 323.855301
 769.000000 0.970743 323.865731
 770.000000 0.967382 323.865445
 771.000000 0.968022 323.861670
 772.000000 0.968250 323.855767
 773.000000 0.961444 323.844620
 774.000000 0.981437 323.889950
 775.000000 0.961346 323.843450
 776.000000 0.970208 323.860576
 777.000000 0.972578 323.873439
 778.000000 0.969264 323.867939
 779.000000 0.970499 323.868450
 780.000000 0.979803 323.885623
 781.000000 0.967198 323.865904
 782.000000 0.973491 323.870607
 783.000000 0.967591 323.863485
 784.000000 0.976226 323.880465
 785.000000 0.975648 323.877025
 786.000000 0.972666 323.865462
 787.000000 0.977893 323.881959
 788.000000 0.972264 323.854724
 789.000000 0.975945 323.878341
 790.000000 0.973976 323.879534
 791.000000 0.977821 323.882091
 792.000000 0.977342 323.880555
 793.000000 0.977098 323.871851
 794.000000 0.970675 323.866744
 795.000000 0.972803 323.865978
 796.000000 0.975621 323.876293
 797.000000 0.970694 323.862623
 798.000000 0.982480 323.888945
 799.000000 0.970647 323.862506
 800.000000 0.976540 323.865785
 801.000000 0.977148 323.884446
 802.000000 0.984958 323.889640
 803.000000 0.971264 323.864418
 804.000000 0.979154 323.882488
 805.000000 0.976960 323.873221
 806.000000 0.973310 323.867487
 807.000000 0.972992 323.875326
 808.000000 0.967075 323.862959
 809.000000 0.968935 323.861540
 810.000000 0.976894 323.875995
 811.000000 0.990917 323.904057
 812.000000 0.966401 323.857257
 813.000000 0.972791 323.852775
 814.000000 0.982590 323.889183
 815.000000 0.967063 323.861629
 816.000000 0.965863 323.858462
 817.000000 0.978551 323.878579
 818.000000 0.975124 323.872214
 819.000000 0.976693 323.870543
 820.000000 0.970752 323.866220
 821.000000 0.985818 323.892918
 822.000000 0.970029 323.869047
 823.000000 0.976137 323.873513
 824.000000 0.966457 323.858285
 825.000000 0.974240 323.877985
 826.000000 0.976667 323.876732
 827.000000 0.978062 323.878926
 828.000000 0.975995 323.868554
 829.000000 0.975728 323.875512
 830.000000 0.975175 323.874868
 831.000000 0.976438 323.879245
 832.000000 0.961008 323.848102
 833.000000 0.974222 323.874263
 834.000000 0.983623 323.890315
 835.000000 0.966800 323.827367
 836.000000 0.976120 323.874521
 837.000000 0.978086 323.884006
 838.000000 0.962198 323.850441
 839.000000 0.984010 323.890812
 840.000000 0.975194 323.873433
 841.000000 0.972822 323.872177
 842.000000 0.971482 323.872330
 843.000000 0.977098 323.881198
 844.000000 0.975245 323.876011
 845.000000 0.971496 323.866398
 846.000000 0.985435 323.892705
 847.000000 0.975454 323.880134
 848.000000 0.975807 323.880188
 849.000000 0.965253 323.854645
 850.000000 0.958056 323.836973
 851.000000 0.979711 323.877954
 852.000000 0.980511 323.889809
 853.000000 0.965747 323.852050
 854.000000 0.971683 323.872533
 855.000000 0.967383 323.852143
 856.000000 0.978261 323.883872
 857.000000 0.982972 323.892737
 858.000000 0.983132 323.885289
 859.000000 0.968455 323.849657
 860.000000 0.975106 323.881188
 861.000000 0.980501 323.882298
 862.000000 0.972426 323.868367
 863.000000 0.965206 323.851439
 864.000000 0.957702 323.830205
 865.000000 0.983077 323.888574
 866.000000 0.969694 323.864073
 867.000000 0.967175 323.857820
 868.000000 0.970571 323.871448
 869.000000 0.969248 323.863787
 870.000000 0.975671 323.874030
 871.000000 0.971383 323.869120
 872.000000 0.974713 323.878162
 873.000000 0.958272 323.830435
 874.000000 0.976634 323.871282
 875.000000 0.970939 323.863540
 876.000000 0.971193 323.870373
 877.000000 0.977726 323.880648
 878.000000 0.964664 323.857462
 879.000000 0.971729 323.866406
 880.000000 0.972062 323.865742
 881.000000 0.964474 323.845148
 882.000000 0.969722 323.866526
 883.000000 0.965879 323.853168
 884.000000 0.973723 323.870556
 885.000000 0.974483 323.875379
 886.000000 0.968947 323.866543
 887.000000 0.967166 323.854285
 888.000000 0.978444 323.881972
 889.000000 0.974997 323.876459
 890.000000 0.979439 323.885347
 891.000000 0.980398 323.883766
 892.000000 0.971821 323.866079
 893.000000 0.978384 323.881188
 894.000000 0.970957 323.871548
 895.000000 0.969562 323.858179
 896.000000 0.978575 323.884851
 897.000000 0.973944 323.877623
 898.000000 0.984377 323.893941
 899.000000 0.969261 323.866447
 900.000000 0.973421 323.869678
 901.000000 0.972205 323.868563
 902.000000 0.977602 323.883033
 903.000000 0.967472 323.860145
 904.000000 0.970867 323.870459
 905.000000 0.979170 323.865196
 906.000000 0.969254 323.864549
 907.000000 0.978249 323.879799
 908.000000 0.973665 323.873841
 909.000000 0.973877 323.873215
 910.000000 0.978796 323.878562
 911.000000 0.968936 323.863336
 912.000000 0.984005 323.889276
 913.000000 0.972547 323.864222
 914.000000 0.986620 323.893271
 915.000000 0.981630 323.883853
 916.000000 0.977029 323.879231
 917.000000 0.959235 323.847081
 918.000000 0.968208 323.857597
 919.000000 0.972899 323.868242
 920.000000 0.959728 323.842743
 921.000000 0.966189 323.854830
 922.000000 0.973173 323.870222
 923.000000 0.968938 323.863664
 924.000000 0.975704 323.870156
 925.000000 0.975395 323.872217
 926.000000 0.967900 323.860336
 927.000000 0.969284 323.863233
 928.000000 0.970780 323.866596
 929.000000 0.973044 323.868751
 930.000000 0.962405 323.796300
 931.000000 0.975084 323.869370
 932.000000 0.980500 323.887778
 933.000000 0.973051 323.869216
 934.000000 0.959892 323.846111
 935.000000 0.973800 323.868116
 936.000000 0.982819 323.889382
 937.000000 0.976967 323.882780
 938.000000 0.967059 323.856827
 939.000000 0.970004 323.858567
 940.000000 0.966387 323.859727
 941.000000 0.970146 323.864254
 942.000000 0.960112 323.844976
 943.000000 0.967738 323.859551
 944.000000 0.967455 323.850656
 945.000000 0.980534 323.885874
 946.000000 0.973656 323.864810
 947.000000 0.983052 323.892247
 948.000000 0.983669 323.888916
 949.000000 0.984590 323.892298
 950.000000 0.975540 323.877737
 951.000000 0.982519 323.886936
 952.000000 0.972969 323.876552
 953.000000 0.969953 323.872444
 954.000000 0.972248 323.867098
 955.000000 0.966979 323.861668
 956.000000 0.976105 323.876240
 957.000000 0.985242 323.895079
 958.000000 0.983464 323.891496
 959.000000 0.978322 323.885987
 960.000000 0.984618 323.892633
 961.000000 0.973441 323.870812
 962.000000 0.968874 323.861777
 963.000000 0.956336 323.832902
 964.000000 0.965110 323.855883
 965.000000 0.953445 323.821597
 966.000000 0.957392 323.836452
 967.000000 0.976398 323.867930
 968.000000 0.968237 323.842901
 969.000000 0.977622 323.882101
 970.000000 0.975045 323.874279
 971.000000 0.971433 323.863796
 972.000000 0.981783 323.888441
 973.000000 0.972644 323.871517
 974.000000 0.977549 323.878459
 975.000000 0.978788 323.878417
 976.000000 0.981618 323.889445
 977.000000 0.972029 323.871559
 978.000000 0.973683 323.872559
 979.000000 0.976407 323.866300
 980.000000 0.979034 323.882234
 981.000000 0.987463 323.897632
 982.000000 0.974431 323.871075
 983.000000 0.978318 323.885605
 984.000000 0.974738 323.871423
 985.000000 0.970789 323.865687
 986.000000 0.981086 323.889605
 987.000000 0.973570 323.869392
 988.000000 0.970857 323.870286
 989.000000 0.969124 323.864313
 990.000000 0.968990 323.864054
 991.000000 0.979109 323.882989
 992.000000 0.963475 323.847259
 993.000000 0.968113 323.849351
 994.000000 0.959517 323.845917
 995.000000 0.982308 323.889361
 996.000000 0.964151 323.838567
 997.000000 0.968803 323.868567
 998.000000 0.971014 323.873309
 999.000000 0.967377 323.852338
 1000.000000 0.972076 323.871642
