# Time-averaged data for fix AVG
# TimeStep v_Vol v_H
21500000 8.62199 1.57168
21501000 8.54999 -4.52733
21502000 8.60059 -4.75635
21503000 8.57522 -4.5085
21504000 8.56392 -4.65759
21505000 8.56411 -4.54314
21506000 8.56979 -4.52866
21507000 8.53067 -4.438
21508000 8.49332 -4.52283
21509000 8.55785 -4.48696
21510000 8.57948 -4.56253
21511000 8.52118 -4.5077
21512000 8.59002 -4.57786
21513000 8.59264 -4.57674
21514000 8.5065 -4.4681
21515000 8.51962 -4.46544
21516000 8.57797 -4.53691
21517000 8.54184 -4.53603
21518000 8.52607 -4.51853
21519000 8.58431 -4.51869
21520000 8.58854 -4.57882
21521000 8.64735 -4.75123
21522000 8.57161 -4.43643
21523000 8.53229 -4.56628
21524000 8.65541 -4.52473
21525000 8.61991 -4.54486
21526000 8.51298 -4.49394
21527000 8.59081 -4.59911
21528000 8.5293 -4.40206
21529000 8.57112 -4.62496
21530000 8.63412 -4.59284
21531000 8.62049 -4.52886
21532000 8.61024 -4.54608
21533000 8.59728 -4.54135
21534000 8.53127 -4.5271
21535000 8.57517 -4.6383
21536000 8.63771 -4.63545
21537000 8.60764 -4.60027
21538000 8.67962 -4.70456
21539000 8.60344 -4.71266
21540000 8.55815 -4.66251
21541000 8.67422 -4.69962
21542000 8.59695 -4.54299
21543000 8.62569 -4.56776
21544000 8.58236 -4.70222
21545000 8.61854 -4.6655
21546000 8.58433 -4.56267
21547000 8.56164 -4.5147
21548000 8.57715 -4.49657
21549000 8.56896 -4.56995
21550000 8.63072 -4.57536
21551000 8.60596 -4.5548
21552000 8.6191 -4.62632
21553000 8.57147 -4.52973
21554000 8.6026 -4.44233
21555000 8.61224 -4.57659
21556000 8.5747 -4.50275
21557000 8.64365 -4.6798
21558000 8.60678 -4.49894
21559000 8.54786 -4.42683
21560000 8.58997 -4.6029
21561000 8.5662 -4.41017
21562000 8.55686 -4.49021
21563000 8.59292 -4.63421
21564000 8.63728 -4.68598
21565000 8.55483 -4.46197
21566000 8.63974 -4.55094
21567000 8.63185 -4.63512
21568000 8.62493 -4.61094
21569000 8.59198 -4.54803
21570000 8.54224 -4.49112
21571000 8.55853 -4.42693
21572000 8.54372 -4.56382
21573000 8.55626 -4.5494
21574000 8.58679 -4.54501
21575000 8.60831 -4.48207
21576000 8.61739 -4.68482
21577000 8.58559 -4.72206
21578000 8.68552 -4.67376
21579000 8.58377 -4.63964
21580000 8.62721 -4.5923
21581000 8.61969 -4.64186
21582000 8.61827 -4.66595
21583000 8.60737 -4.44494
21584000 8.65217 -4.54658
21585000 8.58327 -4.60488
21586000 8.56369 -4.62798
21587000 8.52797 -4.28991
21588000 8.59062 -4.64555
21589000 8.53464 -4.61589
21590000 8.52941 -4.56973
21591000 8.55454 -4.63316
21592000 8.59298 -4.58249
21593000 8.62074 -4.67839
21594000 8.6018 -4.54912
21595000 8.5944 -4.60539
21596000 8.5671 -4.59891
21597000 8.57887 -4.59965
21598000 8.55111 -4.54679
21599000 8.61961 -4.59368
21600000 8.55404 -4.43301
21601000 8.59678 -4.60792
21602000 8.63592 -4.6155
21603000 8.60797 -4.63793
21604000 8.56188 -4.58744
21605000 8.67843 -4.62077
21606000 8.57509 -4.57406
21607000 8.65999 -4.63324
21608000 8.58975 -4.55042
21609000 8.58661 -4.49726
21610000 8.57199 -4.56786
21611000 8.57745 -4.54978
21612000 8.61264 -4.57901
21613000 8.59131 -4.73208
21614000 8.60794 -4.64263
21615000 8.60317 -4.65099
21616000 8.53877 -4.51306
21617000 8.56385 -4.49806
21618000 8.68827 -4.72788
21619000 8.57395 -4.64623
21620000 8.4557 -4.24898
21621000 8.58929 -4.61839
21622000 8.68673 -4.72094
21623000 8.59719 -4.64298
21624000 8.64427 -4.63813
21625000 8.72085 -4.80442
21626000 8.57847 -4.57657
21627000 8.58896 -4.63603
21628000 8.61166 -4.65582
21629000 8.66344 -4.67787
21630000 8.57538 -4.5342
21631000 8.56416 -4.55598
21632000 8.63232 -4.57611
21633000 8.64048 -4.49515
21634000 8.56496 -4.57272
21635000 8.52566 -4.43292
21636000 8.60655 -4.47747
21637000 8.56269 -4.45088
21638000 8.6213 -4.60912
21639000 8.61122 -4.56011
21640000 8.60312 -4.49844
21641000 8.59721 -4.60889
21642000 8.57066 -4.60671
21643000 8.51498 -4.38277
21644000 8.61136 -4.59806
21645000 8.59341 -4.49423
21646000 8.59496 -4.63596
21647000 8.59085 -4.60927
21648000 8.60722 -4.58394
21649000 8.58241 -4.6116
21650000 8.5512 -4.4397
21651000 8.57621 -4.66908
21652000 8.65394 -4.54455
21653000 8.60754 -4.56208
21654000 8.60476 -4.5562
21655000 8.5926 -4.49546
21656000 8.61883 -4.59115
21657000 8.56495 -4.68681
21658000 8.62978 -4.65755
21659000 8.61731 -4.70151
21660000 8.56498 -4.43573
21661000 8.59687 -4.64971
21662000 8.60244 -4.62274
21663000 8.60647 -4.54387
21664000 8.66073 -4.57783
21665000 8.57923 -4.53973
21666000 8.57746 -4.5123
21667000 8.60703 -4.61474
21668000 8.55606 -4.53
21669000 8.57668 -4.54443
21670000 8.61963 -4.62228
21671000 8.59139 -4.67233
21672000 8.53868 -4.56119
21673000 8.55424 -4.46918
21674000 8.62114 -4.55741
21675000 8.63041 -4.69103
21676000 8.56193 -4.54157
21677000 8.5821 -4.5426
21678000 8.55467 -4.47666
21679000 8.61034 -4.641
21680000 8.58513 -4.53567
21681000 8.54 -4.46073
21682000 8.59629 -4.55012
21683000 8.56624 -4.62116
21684000 8.5581 -4.49482
21685000 8.61929 -4.69548
21686000 8.64124 -4.64371
21687000 8.63832 -4.74207
21688000 8.60947 -4.55534
21689000 8.56048 -4.55615
21690000 8.61102 -4.58543
21691000 8.56881 -4.53132
21692000 8.58101 -4.65609
21693000 8.65661 -4.79103
21694000 8.59929 -4.67221
21695000 8.53158 -4.45037
21696000 8.58134 -4.44837
21697000 8.63581 -4.58214
21698000 8.58289 -4.56366
21699000 8.60076 -4.5708
21700000 8.60061 -4.54346
21701000 8.59131 -4.68409
21702000 8.6658 -4.65923
21703000 8.5657 -4.61817
21704000 8.55008 -4.48287
21705000 8.5804 -4.66129
21706000 8.56642 -4.47617
21707000 8.53373 -4.58517
21708000 8.60248 -4.57016
21709000 8.48462 -4.49649
21710000 8.63187 -4.71392
21711000 8.58569 -4.56858
21712000 8.61886 -4.64375
21713000 8.5802 -4.46851
21714000 8.55632 -4.4483
21715000 8.60595 -4.70306
21716000 8.59341 -4.60273
21717000 8.58432 -4.48073
21718000 8.60026 -4.61623
21719000 8.57951 -4.54634
21720000 8.64794 -4.8067
21721000 8.61341 -4.58906
21722000 8.52319 -4.49876
21723000 8.57497 -4.60866
21724000 8.58922 -4.56236
21725000 8.50385 -4.44225
21726000 8.50116 -4.41621
21727000 8.62623 -4.7245
21728000 8.63485 -4.48963
21729000 8.60746 -4.70925
21730000 8.62991 -4.62493
21731000 8.59475 -4.55907
21732000 8.54499 -4.58815
21733000 8.60896 -4.56298
21734000 8.56577 -4.47524
21735000 8.58937 -4.59401
21736000 8.54923 -4.56974
21737000 8.51254 -4.43156
21738000 8.55817 -4.45092
21739000 8.53818 -4.4546
21740000 8.59963 -4.5047
21741000 8.57303 -4.69512
21742000 8.60761 -4.61524
21743000 8.64093 -4.49686
21744000 8.48875 -4.44108
21745000 8.61714 -4.5212
21746000 8.60275 -4.57361
21747000 8.67371 -4.59885
21748000 8.65721 -4.68922
21749000 8.59429 -4.61581
21750000 8.60599 -4.57545
