# Time-averaged data for fix AVG
# TimeStep v_Vol v_H
12000000 7.86188 2.14287
12001000 7.84504 -3.71206
12002000 7.82281 -3.74173
12003000 7.80587 -3.70341
12004000 7.80188 -3.67339
12005000 7.7839 -3.59281
12006000 7.87132 -3.79784
12007000 7.84606 -3.80454
12008000 7.8536 -3.77591
12009000 7.83902 -3.61843
12010000 7.80158 -3.55435
12011000 7.83528 -3.69187
12012000 7.81939 -3.59664
12013000 7.79588 -3.52514
12014000 7.81465 -3.62732
12015000 7.83442 -3.67104
12016000 7.80646 -3.55874
12017000 7.81834 -3.64258
12018000 7.80027 -3.71127
12019000 7.83511 -3.76713
12020000 7.82201 -3.80174
12021000 7.85037 -3.81802
12022000 7.89816 -3.87531
12023000 7.82307 -3.73352
12024000 7.8628 -3.68663
12025000 7.84165 -3.62065
12026000 7.87121 -3.68259
12027000 7.91587 -3.92699
12028000 7.85461 -3.79063
12029000 7.85011 -3.80973
12030000 7.84525 -3.66385
12031000 7.87257 -3.78181
12032000 7.84903 -3.83629
12033000 7.83748 -3.76963
12034000 7.84242 -3.76274
12035000 7.7868 -3.41221
12036000 7.82054 -3.81576
12037000 7.80339 -3.69584
12038000 7.81167 -3.63382
12039000 7.84521 -3.71687
12040000 7.8245 -3.63905
12041000 7.84718 -3.75113
12042000 7.84645 -3.75141
12043000 7.79852 -3.53058
12044000 7.81983 -3.71231
12045000 7.87417 -3.86257
12046000 7.83169 -3.72556
12047000 7.83569 -3.64139
12048000 7.77983 -3.6396
12049000 7.79807 -3.62589
12050000 7.80107 -3.71755
12051000 7.86825 -3.80217
12052000 7.80775 -3.67764
12053000 7.82093 -3.70931
12054000 7.83685 -3.6326
12055000 7.85628 -3.81277
12056000 7.86166 -3.65083
12057000 7.86354 -3.92912
12058000 7.86154 -3.80641
12059000 7.84708 -3.76148
12060000 7.85751 -3.77938
12061000 7.84759 -3.72357
12062000 7.89105 -3.86805
12063000 7.82785 -3.64865
12064000 7.895 -4.01847
12065000 7.79623 -3.64278
12066000 7.84684 -3.59427
12067000 7.85608 -3.86042
12068000 7.84325 -3.74918
12069000 7.79405 -3.67535
12070000 7.86154 -3.81163
12071000 7.81646 -3.58041
12072000 7.88808 -3.66465
12073000 7.80945 -3.6871
12074000 7.84188 -3.77233
12075000 7.82674 -3.73665
12076000 7.84181 -3.70333
12077000 7.80062 -3.69586
12078000 7.844 -3.64913
12079000 7.86622 -3.75809
12080000 7.86047 -3.73026
12081000 7.80882 -3.5559
12082000 7.8092 -3.70181
12083000 7.8481 -3.75401
12084000 7.86537 -3.72114
12085000 7.77665 -3.63012
12086000 7.86272 -3.84945
12087000 7.8443 -3.7305
12088000 7.83931 -3.68166
12089000 7.74718 -3.54314
12090000 7.80383 -3.65631
12091000 7.80449 -3.64595
12092000 7.80526 -3.61845
12093000 7.82984 -3.76707
12094000 7.86231 -3.82042
12095000 7.80046 -3.70894
12096000 7.7651 -3.51292
12097000 7.78422 -3.58504
12098000 7.83646 -3.71029
12099000 7.82513 -3.73706
12100000 7.81596 -3.66486
12101000 7.81084 -3.76604
12102000 7.85742 -3.80753
12103000 7.79495 -3.42899
12104000 7.854 -3.75954
12105000 7.82132 -3.55546
12106000 7.85873 -3.87143
12107000 7.86353 -3.71667
12108000 7.80558 -3.52549
12109000 7.8433 -3.69508
12110000 7.82387 -3.58777
12111000 7.84206 -3.64134
12112000 7.86464 -3.73627
12113000 7.77045 -3.58314
12114000 7.8103 -3.61258
12115000 7.81488 -3.63523
12116000 7.81962 -3.6944
12117000 7.82155 -3.73759
12118000 7.79644 -3.7375
12119000 7.8101 -3.65918
12120000 7.84578 -3.77291
12121000 7.81188 -3.72123
12122000 7.82106 -3.52349
12123000 7.90168 -3.92167
12124000 7.81268 -3.63292
12125000 7.81105 -3.52456
12126000 7.76826 -3.50284
12127000 7.80825 -3.7227
12128000 7.84116 -3.7848
12129000 7.87199 -3.80448
12130000 7.81402 -3.69677
12131000 7.82764 -3.8138
12132000 7.84801 -3.70296
12133000 7.8556 -3.76204
12134000 7.8145 -3.62094
12135000 7.78362 -3.59468
12136000 7.82863 -3.65411
12137000 7.80658 -3.64466
12138000 7.81414 -3.63926
12139000 7.81687 -3.75055
12140000 7.86103 -3.81313
12141000 7.86744 -3.8376
12142000 7.81399 -3.6368
12143000 7.85467 -3.84005
12144000 7.80798 -3.71964
12145000 7.84916 -3.76639
12146000 7.83651 -3.7763
12147000 7.81774 -3.70752
12148000 7.82289 -3.65614
12149000 7.83532 -3.63121
12150000 7.84396 -3.78352
12151000 7.80864 -3.56724
12152000 7.78589 -3.59099
12153000 7.81497 -3.56276
12154000 7.80873 -3.67831
12155000 7.84116 -3.63468
12156000 7.86504 -3.84277
12157000 7.8062 -3.5424
12158000 7.82159 -3.80401
12159000 7.79781 -3.62962
12160000 7.8286 -3.72343
12161000 7.7893 -3.6567
12162000 7.85833 -3.76749
12163000 7.8672 -3.8775
12164000 7.84568 -3.82355
12165000 7.79342 -3.65564
12166000 7.80005 -3.65292
12167000 7.84157 -3.75475
12168000 7.77668 -3.49288
12169000 7.82841 -3.66726
12170000 7.77067 -3.5249
12171000 7.79639 -3.61919
12172000 7.79085 -3.63627
12173000 7.80088 -3.74476
12174000 7.80977 -3.67049
12175000 7.80738 -3.58839
12176000 7.83228 -3.65793
12177000 7.79672 -3.52496
12178000 7.79474 -3.66058
12179000 7.83674 -3.78183
12180000 7.85098 -3.79602
12181000 7.83304 -3.75133
12182000 7.85114 -3.60918
12183000 7.84708 -3.68299
12184000 7.83646 -3.71479
12185000 7.84196 -3.68235
12186000 7.88663 -3.83149
12187000 7.83825 -3.75472
12188000 7.79706 -3.48131
12189000 7.82334 -3.81252
12190000 7.79833 -3.58118
12191000 7.8475 -3.70154
12192000 7.81506 -3.64913
12193000 7.82713 -3.71023
12194000 7.86444 -3.75867
12195000 7.86364 -3.69267
12196000 7.81339 -3.73475
12197000 7.83498 -3.77939
12198000 7.82692 -3.68286
12199000 7.83234 -3.77984
12200000 7.84875 -3.61111
12201000 7.80968 -3.67504
12202000 7.82362 -3.67781
12203000 7.83026 -3.75293
12204000 7.84424 -3.86609
12205000 7.84402 -3.7155
12206000 7.78505 -3.54086
12207000 7.81633 -3.52907
12208000 7.85231 -3.69083
12209000 7.8799 -3.82528
12210000 7.86204 -3.70306
12211000 7.82 -3.621
12212000 7.86929 -3.82341
12213000 7.77714 -3.49216
12214000 7.82969 -3.70502
12215000 7.77169 -3.60173
12216000 7.87417 -3.89886
12217000 7.8629 -3.92736
12218000 7.82634 -3.72403
12219000 7.78301 -3.52484
12220000 7.82159 -3.7807
12221000 7.84006 -3.74905
12222000 7.79335 -3.65066
12223000 7.79928 -3.67187
12224000 7.83202 -3.75278
12225000 7.82057 -3.73789
12226000 7.85476 -3.72302
12227000 7.83003 -3.58205
12228000 7.79967 -3.52618
12229000 7.81883 -3.57459
12230000 7.83368 -3.64853
12231000 7.76826 -3.46387
12232000 7.88569 -3.86252
12233000 7.77594 -3.52286
12234000 7.80782 -3.72455
12235000 7.77004 -3.6088
12236000 7.85384 -3.87594
12237000 7.80247 -3.67924
12238000 7.78135 -3.5434
12239000 7.78146 -3.46931
12240000 7.8296 -3.59869
12241000 7.80608 -3.57363
12242000 7.86625 -3.82472
12243000 7.80616 -3.5687
12244000 7.7815 -3.54406
12245000 7.82522 -3.70605
12246000 7.85841 -3.87459
12247000 7.84591 -3.71676
12248000 7.83191 -3.71402
12249000 7.84988 -3.87073
12250000 7.82079 -3.63956
