#! FIELDS time refcv.mean refcv.morethan uwall.bias uwall.force2 lwall.bias lwall.force2 refcv2.mean refcv2.morethan
 0.000000 0.850899 355.427052 0.000000 0.000000 0.000000 0.000000 0.898536 400.000000
 1.000000 0.856484 362.460534 0.000000 0.000000 0.000000 0.000000 0.903880 401.000000
 2.000000 0.855507 359.368431 0.000000 0.000000 0.000000 0.000000 0.903803 401.000000
 3.000000 0.848285 344.464277 0.000000 0.000000 0.000000 0.000000 0.896984 385.000000
 4.000000 0.850675 346.791561 0.000000 0.000000 0.000000 0.000000 0.899217 392.000000
 5.000000 0.850452 344.989422 0.000000 0.000000 0.000000 0.000000 0.898678 388.000000
 6.000000 0.857411 355.129258 0.000000 0.000000 0.000000 0.000000 0.905568 407.000000
 7.000000 0.852589 352.138247 0.000000 0.000000 0.000000 0.000000 0.901204 400.000000
 8.000000 0.856350 357.581784 0.000000 0.000000 0.000000 0.000000 0.904923 399.000000
 9.000000 0.858989 364.608796 0.000000 0.000000 0.000000 0.000000 0.906811 408.000000
 10.000000 0.858238 362.009951 0.000000 0.000000 0.000000 0.000000 0.906062 397.000000
 11.000000 0.862097 367.604943 0.000000 0.000000 0.000000 0.000000 0.909892 410.000000
 12.000000 0.859303 360.519808 0.000000 0.000000 0.000000 0.000000 0.907681 400.000000
 13.000000 0.864797 369.486334 0.000000 0.000000 0.000000 0.000000 0.912611 418.000000
 14.000000 0.855341 355.352365 0.000000 0.000000 0.000000 0.000000 0.903781 400.000000
 15.000000 0.854983 352.492992 0.000000 0.000000 0.000000 0.000000 0.903229 395.000000
 16.000000 0.853860 352.409521 0.000000 0.000000 0.000000 0.000000 0.902331 400.000000
 17.000000 0.862083 367.244998 0.000000 0.000000 0.000000 0.000000 0.910674 418.000000
 18.000000 0.861301 359.361863 0.000000 0.000000 0.000000 0.000000 0.910435 411.000000
 19.000000 0.860692 366.965045 0.000000 0.000000 0.000000 0.000000 0.908760 423.000000
 20.000000 0.853657 354.478552 0.000000 0.000000 0.000000 0.000000 0.902011 409.000000
 21.000000 0.854775 353.728353 0.000000 0.000000 0.000000 0.000000 0.903277 398.000000
 22.000000 0.857749 363.450768 0.000000 0.000000 0.000000 0.000000 0.906138 411.000000
 23.000000 0.857471 363.092051 0.000000 0.000000 0.000000 0.000000 0.905989 418.000000
 24.000000 0.854297 360.163334 0.000000 0.000000 0.000000 0.000000 0.902767 418.000000
 25.000000 0.851288 352.772505 0.000000 0.000000 0.000000 0.000000 0.899120 398.000000
 26.000000 0.854859 355.206462 0.000000 0.000000 0.000000 0.000000 0.903441 407.000000
 27.000000 0.863618 370.488986 0.000000 0.000000 0.000000 0.000000 0.912035 418.000000
 28.000000 0.867678 373.366298 0.000000 0.000000 0.000000 0.000000 0.915887 427.000000
 29.000000 0.864426 370.196433 0.000000 0.000000 0.000000 0.000000 0.912895 415.000000
 30.000000 0.862419 373.082576 0.000000 0.000000 0.000000 0.000000 0.910327 422.000000
 31.000000 0.864738 374.479397 0.000000 0.000000 0.000000 0.000000 0.912681 424.998605
 32.000000 0.863102 372.570296 0.000000 0.000000 0.000000 0.000000 0.911589 425.000000
 33.000000 0.867603 373.099236 0.000000 0.000000 0.000000 0.000000 0.915634 432.000000
 34.000000 0.866404 373.205434 0.000000 0.000000 0.000000 0.000000 0.913731 409.000000
 35.000000 0.863610 371.133565 0.000000 0.000000 0.000000 0.000000 0.911806 413.000000
 36.000000 0.869116 376.279202 0.000000 0.000000 0.000000 0.000000 0.916674 414.000000
 37.000000 0.864062 368.958770 0.000000 0.000000 0.000000 0.000000 0.911988 404.000000
 38.000000 0.858415 361.697064 0.000000 0.000000 0.000000 0.000000 0.906435 410.000000
 39.000000 0.862122 368.317865 0.000000 0.000000 0.000000 0.000000 0.910349 413.000000
 40.000000 0.861998 368.587557 0.000000 0.000000 0.000000 0.000000 0.910500 417.000000
 41.000000 0.868352 382.467975 0.000000 0.000000 0.000000 0.000000 0.916164 438.000000
 42.000000 0.855675 355.001740 0.000000 0.000000 0.000000 0.000000 0.904263 407.000000
 43.000000 0.859051 358.969947 0.000000 0.000000 0.000000 0.000000 0.907043 405.000000
 44.000000 0.864536 372.114670 0.000000 0.000000 0.000000 0.000000 0.912109 420.000000
 45.000000 0.861726 367.048020 0.000000 0.000000 0.000000 0.000000 0.909036 418.000000
 46.000000 0.857593 359.844675 0.000000 0.000000 0.000000 0.000000 0.905651 405.000000
 47.000000 0.861823 365.525664 0.000000 0.000000 0.000000 0.000000 0.909938 420.000000
 48.000000 0.851395 356.150289 0.000000 0.000000 0.000000 0.000000 0.899729 418.000000
 49.000000 0.857349 365.906779 0.000000 0.000000 0.000000 0.000000 0.905356 413.000000
 50.000000 0.865486 378.325142 0.000000 0.000000 0.000000 0.000000 0.913470 430.000000
 51.000000 0.858268 363.019282 0.000000 0.000000 0.000000 0.000000 0.906624 420.000000
 52.000000 0.853971 356.532149 0.000000 0.000000 0.000000 0.000000 0.901895 404.000000
 53.000000 0.857542 363.640585 0.000000 0.000000 0.000000 0.000000 0.904850 406.000000
 54.000000 0.857221 362.321499 0.000000 0.000000 0.000000 0.000000 0.905163 405.000000
 55.000000 0.856733 363.482937 0.000000 0.000000 0.000000 0.000000 0.904703 407.000000
 56.000000 0.863852 369.008154 0.000000 0.000000 0.000000 0.000000 0.910825 417.000000
 57.000000 0.862545 367.991690 0.000000 0.000000 0.000000 0.000000 0.909435 411.000000
 58.000000 0.857686 365.697280 0.000000 0.000000 0.000000 0.000000 0.905187 401.000000
 59.000000 0.860088 368.849777 0.000000 0.000000 0.000000 0.000000 0.907355 405.000000
 60.000000 0.860242 366.032607 0.000000 0.000000 0.000000 0.000000 0.908386 405.000000
 61.000000 0.857708 364.958318 0.000000 0.000000 0.000000 0.000000 0.905421 418.000000
 62.000000 0.859875 369.477686 0.000000 0.000000 0.000000 0.000000 0.907241 414.000000
 63.000000 0.856246 364.193789 0.000000 0.000000 0.000000 0.000000 0.904057 411.000000
 64.000000 0.863853 370.270445 0.000000 0.000000 0.000000 0.000000 0.912134 428.000000
 65.000000 0.849778 352.065426 0.000000 0.000000 0.000000 0.000000 0.897866 409.999858
 66.000000 0.851130 352.562500 0.000000 0.000000 0.000000 0.000000 0.899589 403.000000
 67.000000 0.859514 367.534267 0.000000 0.000000 0.000000 0.000000 0.907247 419.000000
 68.000000 0.862202 374.001815 0.000000 0.000000 0.000000 0.000000 0.910048 421.000000
 69.000000 0.860769 367.857301 0.000000 0.000000 0.000000 0.000000 0.908160 408.000000
 70.000000 0.857153 362.223451 0.000000 0.000000 0.000000 0.000000 0.905156 403.000000
 71.000000 0.855318 362.490139 0.000000 0.000000 0.000000 0.000000 0.903476 410.000000
 72.000000 0.862981 370.279941 0.000000 0.000000 0.000000 0.000000 0.911045 415.000000
 73.000000 0.862118 371.936547 0.000000 0.000000 0.000000 0.000000 0.910014 421.000000
 74.000000 0.859744 367.190650 0.000000 0.000000 0.000000 0.000000 0.908480 419.000000
 75.000000 0.855808 361.562486 0.000000 0.000000 0.000000 0.000000 0.904326 413.000000
 76.000000 0.854399 358.806702 0.000000 0.000000 0.000000 0.000000 0.903084 411.000000
 77.000000 0.856154 361.612926 0.000000 0.000000 0.000000 0.000000 0.903974 412.000000
 78.000000 0.862556 374.345932 0.000000 0.000000 0.000000 0.000000 0.909932 430.000000
 79.000000 0.857627 361.920022 0.000000 0.000000 0.000000 0.000000 0.905059 407.000000
 80.000000 0.853200 358.788580 0.000000 0.000000 0.000000 0.000000 0.901791 413.000000
 81.000000 0.866661 371.556796 0.000000 0.000000 0.000000 0.000000 0.914459 421.000000
 82.000000 0.857104 361.377238 0.000000 0.000000 0.000000 0.000000 0.905425 417.000000
 83.000000 0.861287 368.086001 0.000000 0.000000 0.000000 0.000000 0.909530 419.000000
 84.000000 0.866103 372.822940 0.000000 0.000000 0.000000 0.000000 0.914012 428.000000
 85.000000 0.863740 369.200217 0.000000 0.000000 0.000000 0.000000 0.911686 418.000000
 86.000000 0.863737 372.461380 0.000000 0.000000 0.000000 0.000000 0.911632 418.000000
 87.000000 0.861818 370.544167 0.000000 0.000000 0.000000 0.000000 0.909713 414.000000
 88.000000 0.866549 371.923223 0.000000 0.000000 0.000000 0.000000 0.913788 410.000000
 89.000000 0.856986 364.300228 0.000000 0.000000 0.000000 0.000000 0.905222 414.000000
 90.000000 0.866128 374.452895 0.000000 0.000000 0.000000 0.000000 0.913810 412.000000
 91.000000 0.858265 361.106574 0.000000 0.000000 0.000000 0.000000 0.905932 402.000000
 92.000000 0.858874 362.632763 0.000000 0.000000 0.000000 0.000000 0.906666 405.000000
 93.000000 0.859416 362.902233 0.000000 0.000000 0.000000 0.000000 0.907722 410.000000
 94.000000 0.862400 365.869363 0.000000 0.000000 0.000000 0.000000 0.910322 416.000000
 95.000000 0.857527 362.346867 0.000000 0.000000 0.000000 0.000000 0.905300 409.000000
 96.000000 0.857075 364.300759 0.000000 0.000000 0.000000 0.000000 0.905138 409.000000
 97.000000 0.857427 358.963199 0.000000 0.000000 0.000000 0.000000 0.906090 407.000000
 98.000000 0.857397 362.015850 0.000000 0.000000 0.000000 0.000000 0.905522 410.000000
 99.000000 0.844979 344.296601 0.000000 0.000000 0.000000 0.000000 0.893999 405.000000
 100.000000 0.850912 354.994667 0.000000 0.000000 0.000000 0.000000 0.899409 397.000000
 101.000000 0.852273 354.830691 0.000000 0.000000 0.000000 0.000000 0.900707 401.000000
 102.000000 0.851626 352.704941 0.000000 0.000000 0.000000 0.000000 0.899164 399.251132
 103.000000 0.864550 373.342720 0.000000 0.000000 0.000000 0.000000 0.913056 419.000000
 104.000000 0.857081 358.736262 0.000000 0.000000 0.000000 0.000000 0.905433 407.000000
 105.000000 0.855831 357.520843 0.000000 0.000000 0.000000 0.000000 0.903940 409.000000
 106.000000 0.859449 363.779084 0.000000 0.000000 0.000000 0.000000 0.907485 407.000000
 107.000000 0.851792 351.582926 0.000000 0.000000 0.000000 0.000000 0.900354 400.000000
 108.000000 0.852812 353.714754 0.000000 0.000000 0.000000 0.000000 0.900873 387.000000
 109.000000 0.859814 363.031293 0.000000 0.000000 0.000000 0.000000 0.907761 403.000000
 110.000000 0.849306 345.678779 0.000000 0.000000 0.000000 0.000000 0.898128 393.000000
 111.000000 0.857394 360.570678 0.000000 0.000000 0.000000 0.000000 0.905249 409.000000
 112.000000 0.848086 349.047397 0.000000 0.000000 0.000000 0.000000 0.896540 395.000000
 113.000000 0.852786 356.066274 0.000000 0.000000 0.000000 0.000000 0.900915 407.000000
 114.000000 0.853247 356.567649 0.000000 0.000000 0.000000 0.000000 0.900857 404.000000
 115.000000 0.850373 355.062006 0.000000 0.000000 0.000000 0.000000 0.898049 404.000000
 116.000000 0.858586 364.746378 0.000000 0.000000 0.000000 0.000000 0.905902 407.000000
 117.000000 0.851821 356.282377 0.000000 0.000000 0.000000 0.000000 0.899990 406.000000
 118.000000 0.849710 346.172610 0.000000 0.000000 0.000000 0.000000 0.898008 393.000000
 119.000000 0.851307 351.924869 0.000000 0.000000 0.000000 0.000000 0.899523 395.000000
 120.000000 0.853228 355.354681 0.000000 0.000000 0.000000 0.000000 0.900955 402.000000
 121.000000 0.853574 356.992964 0.000000 0.000000 0.000000 0.000000 0.901710 399.000000
 122.000000 0.855017 360.019148 0.000000 0.000000 0.000000 0.000000 0.903418 405.000000
 123.000000 0.849760 349.936066 0.000000 0.000000 0.000000 0.000000 0.897960 401.000000
 124.000000 0.858514 363.302957 0.000000 0.000000 0.000000 0.000000 0.905812 407.000000
 125.000000 0.857283 361.853214 0.000000 0.000000 0.000000 0.000000 0.905366 412.000000
 126.000000 0.854738 358.857838 0.000000 0.000000 0.000000 0.000000 0.903523 411.000000
 127.000000 0.853019 357.390174 0.000000 0.000000 0.000000 0.000000 0.901650 407.000000
 128.000000 0.858787 362.280838 0.000000 0.000000 0.000000 0.000000 0.907510 406.000000
 129.000000 0.858190 361.149473 0.000000 0.000000 0.000000 0.000000 0.907010 401.000000
 130.000000 0.859192 359.288038 0.000000 0.000000 0.000000 0.000000 0.907558 409.000000
 131.000000 0.859590 364.699941 0.000000 0.000000 0.000000 0.000000 0.908207 423.000000
 132.000000 0.851704 346.961207 0.000000 0.000000 0.000000 0.000000 0.900638 397.000000
 133.000000 0.852492 348.065710 0.000000 0.000000 0.000000 0.000000 0.901388 402.000000
 134.000000 0.860325 362.032956 0.000000 0.000000 0.000000 0.000000 0.907964 407.000000
 135.000000 0.856130 354.999994 0.000000 0.000000 0.000000 0.000000 0.904207 399.000000
 136.000000 0.856586 357.031303 0.000000 0.000000 0.000000 0.000000 0.904706 409.962676
 137.000000 0.860954 366.586901 0.000000 0.000000 0.000000 0.000000 0.908833 417.000000
 138.000000 0.861906 364.861959 0.000000 0.000000 0.000000 0.000000 0.909810 414.000000
 139.000000 0.859729 364.090161 0.000000 0.000000 0.000000 0.000000 0.907828 410.000000
 140.000000 0.862123 366.129736 0.000000 0.000000 0.000000 0.000000 0.909841 420.000000
 141.000000 0.855270 356.713675 0.000000 0.000000 0.000000 0.000000 0.903559 409.000000
 142.000000 0.861691 371.404603 0.000000 0.000000 0.000000 0.000000 0.909313 413.000000
 143.000000 0.857434 357.198213 0.000000 0.000000 0.000000 0.000000 0.905838 405.000000
 144.000000 0.853325 351.697567 0.000000 0.000000 0.000000 0.000000 0.901927 393.000000
 145.000000 0.860420 363.383263 0.000000 0.000000 0.000000 0.000000 0.909249 416.000000
 146.000000 0.854839 358.258659 0.000000 0.000000 0.000000 0.000000 0.902857 398.000000
 147.000000 0.848101 345.970424 0.000000 0.000000 0.000000 0.000000 0.896766 391.000000
 148.000000 0.858178 361.092193 0.000000 0.000000 0.000000 0.000000 0.906410 418.000000
 149.000000 0.854677 354.266567 0.000000 0.000000 0.000000 0.000000 0.903101 399.000000
 150.000000 0.850573 353.228701 0.000000 0.000000 0.000000 0.000000 0.899130 409.000000
 151.000000 0.857843 359.236237 0.000000 0.000000 0.000000 0.000000 0.906135 402.000000
 152.000000 0.852955 352.314117 0.000000 0.000000 0.000000 0.000000 0.901943 402.000000
 153.000000 0.860670 365.480967 0.000000 0.000000 0.000000 0.000000 0.909418 411.000000
 154.000000 0.866373 370.749148 0.000000 0.000000 0.000000 0.000000 0.914271 410.000000
 155.000000 0.854223 356.660836 0.000000 0.000000 0.000000 0.000000 0.903386 404.000000
 156.000000 0.861890 366.938767 0.000000 0.000000 0.000000 0.000000 0.910203 415.000000
 157.000000 0.863428 367.194697 0.000000 0.000000 0.000000 0.000000 0.912092 404.000000
 158.000000 0.856778 361.213301 0.000000 0.000000 0.000000 0.000000 0.905431 402.000000
 159.000000 0.843778 344.165847 0.000000 0.000000 0.000000 0.000000 0.892359 393.000000
 160.000000 0.852716 358.496877 0.000000 0.000000 0.000000 0.000000 0.900984 405.000000
 161.000000 0.849473 352.837472 0.000000 0.000000 0.000000 0.000000 0.898018 396.000000
 162.000000 0.856816 362.150082 0.000000 0.000000 0.000000 0.000000 0.904460 402.000000
 163.000000 0.853315 355.738015 0.000000 0.000000 0.000000 0.000000 0.901786 404.000000
 164.000000 0.849624 351.538812 0.000000 0.000000 0.000000 0.000000 0.898479 397.000000
 165.000000 0.846555 345.353836 0.000000 0.000000 0.000000 0.000000 0.895274 392.000000
 166.000000 0.848570 341.937944 0.000000 0.000000 0.000000 0.000000 0.896675 382.000000
 167.000000 0.848312 346.470901 0.000000 0.000000 0.000000 0.000000 0.896457 394.000000
 168.000000 0.844562 345.492434 0.000000 0.000000 0.000000 0.000000 0.892416 391.000000
 169.000000 0.849969 351.114619 0.000000 0.000000 0.000000 0.000000 0.897997 400.000000
 170.000000 0.848565 347.536179 0.000000 0.000000 0.000000 0.000000 0.896781 393.000000
 171.000000 0.844932 341.652687 0.000000 0.000000 0.000000 0.000000 0.893981 397.000000
 172.000000 0.854680 353.883575 0.000000 0.000000 0.000000 0.000000 0.903676 395.000000
 173.000000 0.850236 346.920446 0.000000 0.000000 0.000000 0.000000 0.899613 408.000000
 174.000000 0.849664 343.775407 0.000000 0.000000 0.000000 0.000000 0.898882 401.000000
 175.000000 0.843659 335.447413 0.000000 0.000000 0.305353 1.221411 0.892835 389.000000
 176.000000 0.845599 339.524324 0.000000 0.000000 0.000000 0.000000 0.894662 388.000000
 177.000000 0.852110 345.163501 0.000000 0.000000 0.000000 0.000000 0.900727 382.000000
 178.000000 0.845789 341.616269 0.000000 0.000000 0.000000 0.000000 0.894718 395.000000
 179.000000 0.848935 341.356188 0.000000 0.000000 0.000000 0.000000 0.897896 383.000000
 180.000000 0.850170 342.980169 0.000000 0.000000 0.000000 0.000000 0.899121 386.000000
 181.000000 0.846586 340.212703 0.000000 0.000000 0.000000 0.000000 0.895899 383.000000
 182.000000 0.850356 344.244780 0.000000 0.000000 0.000000 0.000000 0.899251 380.000000
 183.000000 0.850977 337.321300 0.000000 0.000000 0.000000 0.000000 0.900187 379.000000
 184.000000 0.846425 335.314323 0.000000 0.000000 0.470153 1.880611 0.895825 378.000000
 185.000000 0.848271 340.071121 0.000000 0.000000 0.000000 0.000000 0.897600 378.000000
 186.000000 0.845983 335.506241 0.000000 0.000000 0.243798 0.975193 0.895389 380.000000
 187.000000 0.850054 338.062497 0.000000 0.000000 0.000000 0.000000 0.899216 385.000000
 188.000000 0.847887 339.313163 0.000000 0.000000 0.000000 0.000000 0.897572 386.000000
 189.000000 0.847513 334.712211 0.000000 0.000000 1.658401 6.633602 0.896767 378.000000
 190.000000 0.851306 338.839095 0.000000 0.000000 0.000000 0.000000 0.901039 409.000000
 191.000000 0.848922 337.271504 0.000000 0.000000 0.000000 0.000000 0.897998 382.000000
 192.000000 0.849512 342.233904 0.000000 0.000000 0.000000 0.000000 0.898039 387.000000
 193.000000 0.844503 337.585610 0.000000 0.000000 0.000000 0.000000 0.893131 387.000000
 194.000000 0.847450 338.223529 0.000000 0.000000 0.000000 0.000000 0.896372 391.000000
 195.000000 0.852549 344.661185 0.000000 0.000000 0.000000 0.000000 0.900814 384.000000
 196.000000 0.845240 338.842794 0.000000 0.000000 0.000000 0.000000 0.893912 382.000000
 197.000000 0.843751 336.876569 0.000000 0.000000 0.000000 0.000000 0.893000 382.000000
 198.000000 0.849002 343.089643 0.000000 0.000000 0.000000 0.000000 0.897650 389.000000
 199.000000 0.854157 346.547613 0.000000 0.000000 0.000000 0.000000 0.903020 391.000000
 200.000000 0.849273 335.797710 0.000000 0.000000 0.040921 0.163685 0.898698 394.000000
 201.000000 0.856361 346.366803 0.000000 0.000000 0.000000 0.000000 0.904872 385.000000
 202.000000 0.848316 336.515886 0.000000 0.000000 0.000000 0.000000 0.896985 380.000000
 203.000000 0.846161 334.778870 0.000000 0.000000 1.491159 5.964637 0.895430 376.000000
 204.000000 0.850070 340.892213 0.000000 0.000000 0.000000 0.000000 0.899211 385.000000
 205.000000 0.849303 341.217331 0.000000 0.000000 0.000000 0.000000 0.898943 385.000000
 206.000000 0.850434 341.295379 0.000000 0.000000 0.000000 0.000000 0.899441 380.000000
 207.000000 0.847832 339.240225 0.000000 0.000000 0.000000 0.000000 0.896822 375.000000
 208.000000 0.851708 340.156535 0.000000 0.000000 0.000000 0.000000 0.901015 383.000000
 209.000000 0.846644 335.804882 0.000000 0.000000 0.038071 0.152283 0.895897 385.000000
 210.000000 0.852011 347.906477 0.000000 0.000000 0.000000 0.000000 0.900776 393.000000
 211.000000 0.848865 338.488535 0.000000 0.000000 0.000000 0.000000 0.897485 382.000000
 212.000000 0.845655 335.336135 0.000000 0.000000 0.440716 1.762866 0.895946 391.000000
 213.000000 0.851126 342.526931 0.000000 0.000000 0.000000 0.000000 0.900073 389.000000
 214.000000 0.849933 339.869686 0.000000 0.000000 0.000000 0.000000 0.899107 381.000000
 215.000000 0.852895 345.406726 0.000000 0.000000 0.000000 0.000000 0.902597 399.000000
 216.000000 0.847610 340.028711 0.000000 0.000000 0.000000 0.000000 0.896540 384.000000
 217.000000 0.848969 340.996050 0.000000 0.000000 0.000000 0.000000 0.898418 395.000000
 218.000000 0.848594 341.225669 0.000000 0.000000 0.000000 0.000000 0.898337 389.000000
 219.000000 0.846534 336.142471 0.000000 0.000000 0.000000 0.000000 0.895713 379.000000
 220.000000 0.848629 337.897520 0.000000 0.000000 0.000000 0.000000 0.898595 384.000000
 221.000000 0.849440 334.615585 0.000000 0.000000 1.916605 7.666418 0.899303 390.000000
 222.000000 0.849000 338.453640 0.000000 0.000000 0.000000 0.000000 0.898113 382.000000
 223.000000 0.848867 342.623330 0.000000 0.000000 0.000000 0.000000 0.898060 399.000000
 224.000000 0.848485 337.690395 0.000000 0.000000 0.000000 0.000000 0.897515 392.000000
 225.000000 0.848699 338.282690 0.000000 0.000000 0.000000 0.000000 0.897173 390.000000
 226.000000 0.846743 335.273975 0.000000 0.000000 0.527112 2.108446 0.896278 381.000000
 227.000000 0.846494 335.189738 0.000000 0.000000 0.656525 2.626100 0.896080 387.000000
 228.000000 0.844496 335.490716 0.000000 0.000000 0.259370 1.037481 0.894004 395.000000
 229.000000 0.847553 341.448725 0.000000 0.000000 0.000000 0.000000 0.896416 399.000000
 230.000000 0.843787 334.693055 0.000000 0.000000 1.708105 6.832421 0.893219 385.000000
 231.000000 0.847467 341.968757 0.000000 0.000000 0.000000 0.000000 0.896151 388.000000
 232.000000 0.849504 339.582529 0.000000 0.000000 0.000000 0.000000 0.897999 394.000000
 233.000000 0.846898 342.529183 0.000000 0.000000 0.000000 0.000000 0.895499 391.000000
 234.000000 0.849326 344.416710 0.000000 0.000000 0.000000 0.000000 0.898233 392.000000
 235.000000 0.852126 348.158507 0.000000 0.000000 0.000000 0.000000 0.900280 406.000000
 236.000000 0.846791 344.244385 0.000000 0.000000 0.000000 0.000000 0.895078 390.000000
 237.000000 0.847659 345.756604 0.000000 0.000000 0.000000 0.000000 0.896593 394.000000
 238.000000 0.850283 346.368825 0.000000 0.000000 0.000000 0.000000 0.899576 398.000000
 239.000000 0.854143 353.628499 0.000000 0.000000 0.000000 0.000000 0.902509 397.000000
 240.000000 0.853174 349.459627 0.000000 0.000000 0.000000 0.000000 0.901627 395.000000
 241.000000 0.848887 347.212058 0.000000 0.000000 0.000000 0.000000 0.897334 398.000000
 242.000000 0.855870 355.340709 0.000000 0.000000 0.000000 0.000000 0.904756 405.000000
 243.000000 0.860221 361.102266 0.000000 0.000000 0.000000 0.000000 0.909337 412.000000
 244.000000 0.853631 351.998909 0.000000 0.000000 0.000000 0.000000 0.902485 407.000000
 245.000000 0.847204 342.574843 0.000000 0.000000 0.000000 0.000000 0.896242 390.000000
 246.000000 0.848573 340.977727 0.000000 0.000000 0.000000 0.000000 0.898224 395.000000
 247.000000 0.848218 345.731715 0.000000 0.000000 0.000000 0.000000 0.896765 386.000000
 248.000000 0.844975 338.179919 0.000000 0.000000 0.000000 0.000000 0.893133 386.000000
 249.000000 0.844221 339.226548 0.000000 0.000000 0.000000 0.000000 0.893142 390.000000
 250.000000 0.850359 350.404848 0.000000 0.000000 0.000000 0.000000 0.899278 397.000000
 251.000000 0.854882 351.287696 0.000000 0.000000 0.000000 0.000000 0.903385 398.000000
 252.000000 0.849789 351.207441 0.000000 0.000000 0.000000 0.000000 0.898561 405.000000
 253.000000 0.847222 343.051647 0.000000 0.000000 0.000000 0.000000 0.897043 400.000000
 254.000000 0.850743 347.846945 0.000000 0.000000 0.000000 0.000000 0.899714 395.000000
 255.000000 0.851929 346.619161 0.000000 0.000000 0.000000 0.000000 0.901529 398.000000
 256.000000 0.848347 339.408111 0.000000 0.000000 0.000000 0.000000 0.897320 387.000000
 257.000000 0.851485 347.851728 0.000000 0.000000 0.000000 0.000000 0.900382 398.000000
 258.000000 0.852932 350.768144 0.000000 0.000000 0.000000 0.000000 0.901900 397.000000
 259.000000 0.857325 356.778525 0.000000 0.000000 0.000000 0.000000 0.906283 403.000000
 260.000000 0.855849 357.147653 0.000000 0.000000 0.000000 0.000000 0.904717 403.000000
 261.000000 0.852295 350.389221 0.000000 0.000000 0.000000 0.000000 0.901258 397.000000
 262.000000 0.854070 353.621878 0.000000 0.000000 0.000000 0.000000 0.903087 400.000000
 263.000000 0.846963 339.884065 0.000000 0.000000 0.000000 0.000000 0.895594 384.000000
 264.000000 0.849569 345.588426 0.000000 0.000000 0.000000 0.000000 0.899080 392.000000
 265.000000 0.849099 345.425142 0.000000 0.000000 0.000000 0.000000 0.898307 396.000000
 266.000000 0.848511 346.285502 0.000000 0.000000 0.000000 0.000000 0.897486 398.000000
 267.000000 0.853196 348.060246 0.000000 0.000000 0.000000 0.000000 0.902538 386.000000
 268.000000 0.851729 346.319086 0.000000 0.000000 0.000000 0.000000 0.900642 384.000000
 269.000000 0.854939 353.493610 0.000000 0.000000 0.000000 0.000000 0.902796 394.000000
 270.000000 0.854616 355.935585 0.000000 0.000000 0.000000 0.000000 0.902945 399.000000
 271.000000 0.852574 353.353613 0.000000 0.000000 0.000000 0.000000 0.900920 401.000000
 272.000000 0.849529 350.675962 0.000000 0.000000 0.000000 0.000000 0.897402 392.000000
 273.000000 0.852977 353.646772 0.000000 0.000000 0.000000 0.000000 0.901445 399.000000
 274.000000 0.855636 359.467760 0.000000 0.000000 0.000000 0.000000 0.903135 406.000000
 275.000000 0.847276 345.989379 0.000000 0.000000 0.000000 0.000000 0.895983 391.000000
 276.000000 0.850034 347.310836 0.000000 0.000000 0.000000 0.000000 0.898580 393.000000
 277.000000 0.847300 346.212662 0.000000 0.000000 0.000000 0.000000 0.895857 391.000000
 278.000000 0.848653 346.983340 0.000000 0.000000 0.000000 0.000000 0.897853 394.000000
 279.000000 0.852926 345.701294 0.000000 0.000000 0.000000 0.000000 0.902234 386.000000
 280.000000 0.850839 342.288400 0.000000 0.000000 0.000000 0.000000 0.899383 386.000000
 281.000000 0.842771 334.423306 0.000000 0.000000 2.485964 9.943855 0.891255 377.000000
 282.000000 0.847060 348.246360 0.000000 0.000000 0.000000 0.000000 0.895266 398.000000
 283.000000 0.850362 347.559865 0.000000 0.000000 0.000000 0.000000 0.898700 390.000000
 284.000000 0.848207 346.817235 0.000000 0.000000 0.000000 0.000000 0.897183 401.000000
 285.000000 0.850931 351.276553 0.000000 0.000000 0.000000 0.000000 0.899645 409.000000
 286.000000 0.853645 353.992654 0.000000 0.000000 0.000000 0.000000 0.901655 397.000000
 287.000000 0.845895 345.404935 0.000000 0.000000 0.000000 0.000000 0.894839 395.000000
 288.000000 0.850935 350.083717 0.000000 0.000000 0.000000 0.000000 0.899109 392.000000
 289.000000 0.852116 351.761497 0.000000 0.000000 0.000000 0.000000 0.900253 399.000000
 290.000000 0.846017 341.454117 0.000000 0.000000 0.000000 0.000000 0.894321 384.000000
 291.000000 0.845955 342.052090 0.000000 0.000000 0.000000 0.000000 0.894125 390.000000
 292.000000 0.845080 338.213639 0.000000 0.000000 0.000000 0.000000 0.892989 376.000000
 293.000000 0.841760 334.773816 0.000000 0.000000 1.503526 6.014106 0.890409 385.000000
 294.000000 0.843917 337.467236 0.000000 0.000000 0.000000 0.000000 0.892598 381.000000
 295.000000 0.851520 344.731759 0.000000 0.000000 0.000000 0.000000 0.900069 391.000000
 296.000000 0.851141 353.123564 0.000000 0.000000 0.000000 0.000000 0.899122 398.000000
 297.000000 0.845025 342.735995 0.000000 0.000000 0.000000 0.000000 0.893317 397.000000
 298.000000 0.842010 336.408966 0.000000 0.000000 0.000000 0.000000 0.890427 392.000000
 299.000000 0.850485 345.395601 0.000000 0.000000 0.000000 0.000000 0.899255 395.000000
 300.000000 0.847110 340.370020 0.000000 0.000000 0.000000 0.000000 0.895838 393.000000
 301.000000 0.848363 342.564357 0.000000 0.000000 0.000000 0.000000 0.897178 390.000126
 302.000000 0.850023 343.211840 0.000000 0.000000 0.000000 0.000000 0.898943 393.000000
 303.000000 0.849929 341.122513 0.000000 0.000000 0.000000 0.000000 0.898842 385.000000
 304.000000 0.846776 340.306116 0.000000 0.000000 0.000000 0.000000 0.896189 388.000000
 305.000000 0.845781 339.088202 0.000000 0.000000 0.000000 0.000000 0.894711 382.000000
 306.000000 0.845392 336.329386 0.000000 0.000000 0.000000 0.000000 0.894415 386.000000
 307.000000 0.848224 341.660198 0.000000 0.000000 0.000000 0.000000 0.896489 385.000000
 308.000000 0.850977 343.786951 0.000000 0.000000 0.000000 0.000000 0.899371 382.000000
 309.000000 0.853726 350.091894 0.000000 0.000000 0.000000 0.000000 0.902990 404.000000
 310.000000 0.851062 348.415864 0.000000 0.000000 0.000000 0.000000 0.899868 391.000000
 311.000000 0.856728 355.781688 0.000000 0.000000 0.000000 0.000000 0.905222 403.000000
 312.000000 0.851004 345.802903 0.000000 0.000000 0.000000 0.000000 0.899547 390.000000
 313.000000 0.847935 342.031777 0.000000 0.000000 0.000000 0.000000 0.896108 379.000000
 314.000000 0.848431 345.027988 0.000000 0.000000 0.000000 0.000000 0.896741 385.000000
 315.000000 0.845684 336.828004 0.000000 0.000000 0.000000 0.000000 0.895050 385.000000
 316.000000 0.846390 336.142506 0.000000 0.000000 0.000000 0.000000 0.895395 374.000000
 317.000000 0.850339 345.085193 0.000000 0.000000 0.000000 0.000000 0.899616 385.000000
 318.000000 0.849723 345.274968 0.000000 0.000000 0.000000 0.000000 0.898936 385.000000
 319.000000 0.850702 348.022100 0.000000 0.000000 0.000000 0.000000 0.899934 381.000000
 320.000000 0.852862 346.671756 0.000000 0.000000 0.000000 0.000000 0.901768 384.000000
 321.000000 0.848267 343.798845 0.000000 0.000000 0.000000 0.000000 0.897081 384.000000
 322.000000 0.851368 345.204075 0.000000 0.000000 0.000000 0.000000 0.900145 383.000000
 323.000000 0.847206 338.477716 0.000000 0.000000 0.000000 0.000000 0.896548 380.000000
 324.000000 0.848441 340.243886 0.000000 0.000000 0.000000 0.000000 0.897587 387.000000
 325.000000 0.847965 339.394020 0.000000 0.000000 0.000000 0.000000 0.897199 377.000000
 326.000000 0.846434 335.429247 0.000000 0.000000 0.325759 1.303035 0.895134 374.000000
 327.000000 0.848786 342.085662 0.000000 0.000000 0.000000 0.000000 0.897045 379.000000
 328.000000 0.845416 336.788097 0.000000 0.000000 0.000000 0.000000 0.894872 377.000000
 329.000000 0.850277 340.244667 0.000000 0.000000 0.000000 0.000000 0.899522 385.000000
 330.000000 0.854731 350.877169 0.000000 0.000000 0.000000 0.000000 0.903420 382.000000
 331.000000 0.853419 346.214876 0.000000 0.000000 0.000000 0.000000 0.902109 389.000000
 332.000000 0.846172 337.946482 0.000000 0.000000 0.000000 0.000000 0.894823 381.000000
 333.000000 0.851954 345.236917 0.000000 0.000000 0.000000 0.000000 0.900872 386.000000
 334.000000 0.848365 340.823469 0.000000 0.000000 0.000000 0.000000 0.897346 385.000000
 335.000000 0.845229 334.754510 0.000000 0.000000 1.551245 6.204979 0.893861 372.000000
 336.000000 0.849213 340.558231 0.000000 0.000000 0.000000 0.000000 0.898382 383.000000
 337.000000 0.845834 339.154802 0.000000 0.000000 0.000000 0.000000 0.894740 379.000000
 338.000000 0.847670 342.839269 0.000000 0.000000 0.000000 0.000000 0.896092 383.000000
 339.000000 0.845979 336.265524 0.000000 0.000000 0.000000 0.000000 0.894456 376.000000
 340.000000 0.850626 344.482739 0.000000 0.000000 0.000000 0.000000 0.899339 384.000000
 341.000000 0.846550 336.216047 0.000000 0.000000 0.000000 0.000000 0.895609 381.000000
 342.000000 0.843134 335.565225 0.000000 0.000000 0.189030 0.756118 0.892210 379.000000
 343.000000 0.845853 335.575268 0.000000 0.000000 0.180397 0.721589 0.894902 378.000000
 344.000000 0.847304 336.805019 0.000000 0.000000 0.000000 0.000000 0.895962 378.000000
 345.000000 0.851359 343.406583 0.000000 0.000000 0.000000 0.000000 0.900415 382.000000
 346.000000 0.847667 338.253114 0.000000 0.000000 0.000000 0.000000 0.896395 376.000000
 347.000000 0.846794 337.255958 0.000000 0.000000 0.000000 0.000000 0.896467 389.000000
 348.000000 0.846734 340.290523 0.000000 0.000000 0.000000 0.000000 0.894983 382.000000
 349.000000 0.842378 335.686792 0.000000 0.000000 0.098099 0.392397 0.890933 382.000000
 350.000000 0.844188 336.347683 0.000000 0.000000 0.000000 0.000000 0.893406 377.000000
 351.000000 0.852737 340.784001 0.000000 0.000000 0.000000 0.000000 0.901640 375.999975
 352.000000 0.850312 343.237169 0.000000 0.000000 0.000000 0.000000 0.899115 384.000000
 353.000000 0.843697 340.956649 0.000000 0.000000 0.000000 0.000000 0.892582 387.000000
 354.000000 0.846940 335.576608 0.000000 0.000000 0.179261 0.717045 0.895404 374.000000
 355.000000 0.846509 337.347707 0.000000 0.000000 0.000000 0.000000 0.894782 374.000000
 356.000000 0.851140 345.546088 0.000000 0.000000 0.000000 0.000000 0.899278 386.000000
 357.000000 0.849862 347.763070 0.000000 0.000000 0.000000 0.000000 0.898202 399.000000
 358.000000 0.851123 349.609778 0.000000 0.000000 0.000000 0.000000 0.899647 393.000000
 359.000000 0.847561 339.772460 0.000000 0.000000 0.000000 0.000000 0.896933 384.000000
 360.000000 0.851752 347.793724 0.000000 0.000000 0.000000 0.000000 0.900808 386.000000
 361.000000 0.848174 345.009009 0.000000 0.000000 0.000000 0.000000 0.897372 390.000000
 362.000000 0.844787 338.702474 0.000000 0.000000 0.000000 0.000000 0.893631 385.000000
 363.000000 0.845347 340.805829 0.000000 0.000000 0.000000 0.000000 0.894700 397.000000
 364.000000 0.852257 351.767688 0.000000 0.000000 0.000000 0.000000 0.900794 402.000000
 365.000000 0.849355 341.606145 0.000000 0.000000 0.000000 0.000000 0.898631 394.000000
 366.000000 0.854826 352.799813 0.000000 0.000000 0.000000 0.000000 0.902724 390.000000
 367.000000 0.850335 345.979073 0.000000 0.000000 0.000000 0.000000 0.898106 391.000000
 368.000000 0.848690 343.846546 0.000000 0.000000 0.000000 0.000000 0.897324 390.000000
 369.000000 0.842729 337.929466 0.000000 0.000000 0.000000 0.000000 0.891061 388.000000
 370.000000 0.842254 341.971787 0.000000 0.000000 0.000000 0.000000 0.890067 383.000000
 371.000000 0.846368 343.557455 0.000000 0.000000 0.000000 0.000000 0.894802 394.000000
 372.000000 0.848543 343.261455 0.000000 0.000000 0.000000 0.000000 0.897111 376.000000
 373.000000 0.845917 344.983868 0.000000 0.000000 0.000000 0.000000 0.894747 396.000000
 374.000000 0.855088 352.900834 0.000000 0.000000 0.000000 0.000000 0.902121 384.000000
 375.000000 0.847522 341.211224 0.000000 0.000000 0.000000 0.000000 0.896503 391.000000
 376.000000 0.855742 354.435100 0.000000 0.000000 0.000000 0.000000 0.904684 394.000000
 377.000000 0.848188 343.521972 0.000000 0.000000 0.000000 0.000000 0.897665 395.000000
 378.000000 0.854011 351.500197 0.000000 0.000000 0.000000 0.000000 0.903599 399.000000
 379.000000 0.852025 349.913342 0.000000 0.000000 0.000000 0.000000 0.900853 399.000000
 380.000000 0.850881 351.313684 0.000000 0.000000 0.000000 0.000000 0.899560 396.000000
 381.000000 0.846733 348.098603 0.000000 0.000000 0.000000 0.000000 0.895957 399.000000
 382.000000 0.849556 348.455390 0.000000 0.000000 0.000000 0.000000 0.898513 396.000000
 383.000000 0.852495 349.681647 0.000000 0.000000 0.000000 0.000000 0.901195 395.000000
 384.000000 0.851065 345.529184 0.000000 0.000000 0.000000 0.000000 0.899545 384.000000
 385.000000 0.847113 345.370464 0.000000 0.000000 0.000000 0.000000 0.895867 389.000000
 386.000000 0.853303 351.248051 0.000000 0.000000 0.000000 0.000000 0.901653 400.000000
 387.000000 0.851329 351.152987 0.000000 0.000000 0.000000 0.000000 0.899288 396.000000
 388.000000 0.849691 344.507677 0.000000 0.000000 0.000000 0.000000 0.898486 403.000000
 389.000000 0.849755 347.490444 0.000000 0.000000 0.000000 0.000000 0.897991 395.000000
 390.000000 0.855787 353.837739 0.000000 0.000000 0.000000 0.000000 0.903407 393.000000
 391.000000 0.848792 351.015472 0.000000 0.000000 0.000000 0.000000 0.897142 412.000000
 392.000000 0.858767 360.581684 0.000000 0.000000 0.000000 0.000000 0.906564 406.000000
 393.000000 0.857082 357.870458 0.000000 0.000000 0.000000 0.000000 0.905291 397.000000
 394.000000 0.860421 361.680847 0.000000 0.000000 0.000000 0.000000 0.908469 405.000000
 395.000000 0.852548 355.737994 0.000000 0.000000 0.000000 0.000000 0.900658 410.000000
 396.000000 0.861968 365.442076 0.000000 0.000000 0.000000 0.000000 0.910257 415.000000
 397.000000 0.866090 372.018778 0.000000 0.000000 0.000000 0.000000 0.914189 415.000000
 398.000000 0.856917 362.160829 0.000000 0.000000 0.000000 0.000000 0.905364 413.000000
 399.000000 0.857883 354.756563 0.000000 0.000000 0.000000 0.000000 0.906262 402.000000
 400.000000 0.857593 363.335886 0.000000 0.000000 0.000000 0.000000 0.905890 412.000000
 401.000000 0.854058 356.834347 0.000000 0.000000 0.000000 0.000000 0.902644 417.000000
 402.000000 0.853463 352.893713 0.000000 0.000000 0.000000 0.000000 0.902300 404.000000
 403.000000 0.850525 350.848020 0.000000 0.000000 0.000000 0.000000 0.899361 403.000000
 404.000000 0.852833 358.190578 0.000000 0.000000 0.000000 0.000000 0.901193 411.000000
 405.000000 0.847908 339.968915 0.000000 0.000000 0.000000 0.000000 0.897023 398.000000
 406.000000 0.847416 340.802228 0.000000 0.000000 0.000000 0.000000 0.896934 390.000000
 407.000000 0.849534 347.205681 0.000000 0.000000 0.000000 0.000000 0.898636 410.000000
 408.000000 0.857344 358.724113 0.000000 0.000000 0.000000 0.000000 0.906354 413.000000
 409.000000 0.852785 348.549872 0.000000 0.000000 0.000000 0.000000 0.902390 404.000000
 410.000000 0.858311 357.057609 0.000000 0.000000 0.000000 0.000000 0.906724 412.000000
 411.000000 0.854104 356.861532 0.000000 0.000000 0.000000 0.000000 0.902888 408.000000
 412.000000 0.858911 357.342782 0.000000 0.000000 0.000000 0.000000 0.907799 398.000000
 413.000000 0.853600 351.203660 0.000000 0.000000 0.000000 0.000000 0.902620 405.000000
 414.000000 0.853296 352.400918 0.000000 0.000000 0.000000 0.000000 0.902291 403.000000
 415.000000 0.855277 350.707096 0.000000 0.000000 0.000000 0.000000 0.904089 403.000000
 416.000000 0.856991 357.665515 0.000000 0.000000 0.000000 0.000000 0.905375 405.000000
 417.000000 0.861819 365.835622 0.000000 0.000000 0.000000 0.000000 0.909587 417.000000
 418.000000 0.848439 348.282033 0.000000 0.000000 0.000000 0.000000 0.897638 415.000000
 419.000000 0.862425 367.141024 0.000000 0.000000 0.000000 0.000000 0.910262 410.000000
 420.000000 0.853740 355.208984 0.000000 0.000000 0.000000 0.000000 0.902953 411.000000
 421.000000 0.850833 355.647813 0.000000 0.000000 0.000000 0.000000 0.899395 412.000000
 422.000000 0.859204 362.816968 0.000000 0.000000 0.000000 0.000000 0.907398 402.000000
 423.000000 0.851352 353.950047 0.000000 0.000000 0.000000 0.000000 0.899874 408.000000
 424.000000 0.850932 350.370057 0.000000 0.000000 0.000000 0.000000 0.898805 395.000000
 425.000000 0.853181 351.903007 0.000000 0.000000 0.000000 0.000000 0.901942 400.000000
 426.000000 0.854349 359.454418 0.000000 0.000000 0.000000 0.000000 0.903091 418.000000
 427.000000 0.850518 353.870009 0.000000 0.000000 0.000000 0.000000 0.899096 408.000000
 428.000000 0.854819 357.282905 0.000000 0.000000 0.000000 0.000000 0.903040 408.000000
 429.000000 0.854047 353.023323 0.000000 0.000000 0.000000 0.000000 0.902411 391.000000
 430.000000 0.855418 357.744992 0.000000 0.000000 0.000000 0.000000 0.904194 405.000000
 431.000000 0.853271 351.103908 0.000000 0.000000 0.000000 0.000000 0.901477 395.000000
 432.000000 0.862560 369.291283 0.000000 0.000000 0.000000 0.000000 0.910154 415.000000
 433.000000 0.860455 362.456375 0.000000 0.000000 0.000000 0.000000 0.908412 397.000000
 434.000000 0.856888 362.335457 0.000000 0.000000 0.000000 0.000000 0.905535 409.000000
 435.000000 0.854330 353.519719 0.000000 0.000000 0.000000 0.000000 0.902955 399.000000
 436.000000 0.854559 354.541022 0.000000 0.000000 0.000000 0.000000 0.902956 398.000000
 437.000000 0.851929 352.627332 0.000000 0.000000 0.000000 0.000000 0.899952 399.000000
 438.000000 0.844332 340.120566 0.000000 0.000000 0.000000 0.000000 0.892227 388.000000
 439.000000 0.846251 341.633498 0.000000 0.000000 0.000000 0.000000 0.895291 397.000000
 440.000000 0.858586 363.292206 0.000000 0.000000 0.000000 0.000000 0.906943 406.000000
 441.000000 0.846519 342.290642 0.000000 0.000000 0.000000 0.000000 0.895102 388.000000
 442.000000 0.853766 353.057810 0.000000 0.000000 0.000000 0.000000 0.901602 400.000000
 443.000000 0.857843 356.152647 0.000000 0.000000 0.000000 0.000000 0.906013 393.000000
 444.000000 0.856376 356.474861 0.000000 0.000000 0.000000 0.000000 0.905205 400.000000
 445.000000 0.854456 354.964307 0.000000 0.000000 0.000000 0.000000 0.902226 408.000000
 446.000000 0.853823 351.860747 0.000000 0.000000 0.000000 0.000000 0.901636 392.000000
 447.000000 0.849832 350.301397 0.000000 0.000000 0.000000 0.000000 0.898328 397.000000
 448.000000 0.844757 343.762920 0.000000 0.000000 0.000000 0.000000 0.893462 399.000000
 449.000000 0.851474 350.877212 0.000000 0.000000 0.000000 0.000000 0.900223 396.000000
 450.000000 0.848506 342.471727 0.000000 0.000000 0.000000 0.000000 0.897449 392.000000
 451.000000 0.853806 353.823353 0.000000 0.000000 0.000000 0.000000 0.901917 406.000000
 452.000000 0.852372 350.523285 0.000000 0.000000 0.000000 0.000000 0.900743 399.000000
 453.000000 0.847789 341.075640 0.000000 0.000000 0.000000 0.000000 0.896882 388.000000
 454.000000 0.845499 340.405032 0.000000 0.000000 0.000000 0.000000 0.894033 382.000000
 455.000000 0.844085 338.468742 0.000000 0.000000 0.000000 0.000000 0.892245 383.000000
 456.000000 0.845541 346.182574 0.000000 0.000000 0.000000 0.000000 0.893837 394.000000
 457.000000 0.846928 345.434708 0.000000 0.000000 0.000000 0.000000 0.895601 396.000000
 458.000000 0.850939 348.903772 0.000000 0.000000 0.000000 0.000000 0.898818 400.000000
 459.000000 0.843607 340.138797 0.000000 0.000000 0.000000 0.000000 0.892454 384.000000
 460.000000 0.846906 343.254673 0.000000 0.000000 0.000000 0.000000 0.895578 398.000000
 461.000000 0.847787 345.673324 0.000000 0.000000 0.000000 0.000000 0.896148 394.000000
 462.000000 0.843284 339.701345 0.000000 0.000000 0.000000 0.000000 0.892474 393.000000
 463.000000 0.851633 355.684169 0.000000 0.000000 0.000000 0.000000 0.899477 400.000000
 464.000000 0.848776 352.789299 0.000000 0.000000 0.000000 0.000000 0.897022 401.000000
 465.000000 0.845255 342.088895 0.000000 0.000000 0.000000 0.000000 0.894253 398.000000
 466.000000 0.850136 350.104395 0.000000 0.000000 0.000000 0.000000 0.898061 398.000000
 467.000000 0.846445 342.342418 0.000000 0.000000 0.000000 0.000000 0.895169 402.000000
 468.000000 0.850372 348.141229 0.000000 0.000000 0.000000 0.000000 0.898266 409.000000
 469.000000 0.849556 348.105951 0.000000 0.000000 0.000000 0.000000 0.897433 395.000000
 470.000000 0.847408 342.482409 0.000000 0.000000 0.000000 0.000000 0.895402 391.000000
 471.000000 0.852735 344.922469 0.000000 0.000000 0.000000 0.000000 0.901341 391.000000
 472.000000 0.852313 351.971427 0.000000 0.000000 0.000000 0.000000 0.900895 403.000000
 473.000000 0.854297 354.864805 0.000000 0.000000 0.000000 0.000000 0.902883 418.000000
 474.000000 0.848735 343.077524 0.000000 0.000000 0.000000 0.000000 0.897806 392.000000
 475.000000 0.852835 353.407652 0.000000 0.000000 0.000000 0.000000 0.901257 408.000000
 476.000000 0.848126 347.448723 0.000000 0.000000 0.000000 0.000000 0.897550 410.000000
 477.000000 0.847744 343.982677 0.000000 0.000000 0.000000 0.000000 0.897025 396.000000
 478.000000 0.855943 356.456318 0.000000 0.000000 0.000000 0.000000 0.904389 408.000000
 479.000000 0.856661 361.192655 0.000000 0.000000 0.000000 0.000000 0.904842 411.000000
 480.000000 0.856434 365.786512 0.000000 0.000000 0.000000 0.000000 0.904820 423.000000
 481.000000 0.855504 364.469297 0.000000 0.000000 0.000000 0.000000 0.903538 416.000000
 482.000000 0.854041 358.826265 0.000000 0.000000 0.000000 0.000000 0.901752 403.000000
 483.000000 0.856487 359.919726 0.000000 0.000000 0.000000 0.000000 0.904332 408.000000
 484.000000 0.851131 356.075363 0.000000 0.000000 0.000000 0.000000 0.899134 408.000000
 485.000000 0.847032 346.215116 0.000000 0.000000 0.000000 0.000000 0.895965 407.000000
 486.000000 0.849858 348.334084 0.000000 0.000000 0.000000 0.000000 0.898732 399.000000
 487.000000 0.852382 349.317129 0.000000 0.000000 0.000000 0.000000 0.901073 394.000000
 488.000000 0.850293 348.498767 0.000000 0.000000 0.000000 0.000000 0.898562 406.000000
 489.000000 0.847697 347.655429 0.000000 0.000000 0.000000 0.000000 0.896345 401.000000
 490.000000 0.855548 356.274858 0.000000 0.000000 0.000000 0.000000 0.904063 416.000000
 491.000000 0.854035 351.484810 0.000000 0.000000 0.000000 0.000000 0.903233 397.000000
 492.000000 0.850152 348.012725 0.000000 0.000000 0.000000 0.000000 0.899588 405.000000
 493.000000 0.852062 347.889519 0.000000 0.000000 0.000000 0.000000 0.900904 404.000000
 494.000000 0.850881 346.386384 0.000000 0.000000 0.000000 0.000000 0.899918 405.000000
 495.000000 0.856674 358.627153 0.000000 0.000000 0.000000 0.000000 0.905294 417.000000
 496.000000 0.854935 356.212988 0.000000 0.000000 0.000000 0.000000 0.902858 408.000000
 497.000000 0.853063 352.284529 0.000000 0.000000 0.000000 0.000000 0.901710 411.000000
 498.000000 0.852487 352.384626 0.000000 0.000000 0.000000 0.000000 0.901404 405.000000
 499.000000 0.854927 350.621884 0.000000 0.000000 0.000000 0.000000 0.903685 412.000000
 500.000000 0.853949 356.196521 0.000000 0.000000 0.000000 0.000000 0.901913 410.000000
