# Time-averaged data for fix AVG
# TimeStep v_Vol v_H
9500000 7.37851 1.07301e+220
9501000 7.368 -2.73735
9502000 7.37863 -2.73231
9503000 7.39514 -2.75134
9504000 7.42582 -2.94849
9505000 7.42421 -2.89248
9506000 7.42031 -2.83585
9507000 7.39993 -2.74725
9508000 7.39049 -2.85851
9509000 7.40113 -2.68997
9510000 7.39422 -2.7602
9511000 7.42277 -2.86172
9512000 7.42284 -2.82975
9513000 7.44239 -2.90327
9514000 7.41988 -2.94662
9515000 7.41108 -2.83579
9516000 7.39375 -2.77145
9517000 7.38255 -2.78437
9518000 7.3867 -2.80804
9519000 7.38472 -2.72526
9520000 7.37732 -2.72286
9521000 7.39378 -2.86312
9522000 7.46136 -2.97887
9523000 7.41107 -2.94013
9524000 7.41762 -2.75543
9525000 7.4504 -2.95039
9526000 7.4095 -2.84
9527000 7.43702 -2.94491
9528000 7.425 -2.85461
9529000 7.43396 -2.97643
9530000 7.44271 -2.8659
9531000 7.43245 -2.86666
9532000 7.4272 -2.96437
9533000 7.44108 -2.91919
9534000 7.38847 -2.90327
9535000 7.37348 -2.77912
9536000 7.39515 -2.76061
9537000 7.43085 -2.91483
9538000 7.38751 -2.66638
9539000 7.43484 -2.92435
9540000 7.36588 -2.67856
9541000 7.37439 -2.75695
9542000 7.40537 -2.84028
9543000 7.42433 -2.86351
9544000 7.39551 -2.73442
9545000 7.38276 -2.88718
9546000 7.3808 -2.65146
9547000 7.34409 -2.65678
9548000 7.37659 -2.74044
9549000 7.39644 -2.77365
9550000 7.35287 -2.53036
9551000 7.4016 -2.78269
9552000 7.3735 -2.74213
9553000 7.39063 -2.70986
9554000 7.40243 -2.82231
9555000 7.39768 -2.80933
9556000 7.41933 -2.85172
9557000 7.39601 -2.8112
9558000 7.38429 -2.74292
9559000 7.38204 -2.8369
9560000 7.40177 -2.85349
9561000 7.40583 -2.93793
9562000 7.4167 -2.80001
9563000 7.40995 -2.72309
9564000 7.37624 -2.68755
9565000 7.41798 -2.99405
9566000 7.42796 -2.80902
9567000 7.40413 -2.91558
9568000 7.3827 -2.69949
9569000 7.39755 -2.91299
9570000 7.37547 -2.69089
9571000 7.39457 -2.82771
9572000 7.41712 -2.77996
9573000 7.37733 -2.79053
9574000 7.3598 -2.63425
9575000 7.39386 -2.72092
9576000 7.37086 -2.65684
9577000 7.3484 -2.63886
9578000 7.40981 -2.72771
9579000 7.39952 -2.86461
9580000 7.43964 -2.99348
9581000 7.42346 -2.84329
9582000 7.39898 -2.77555
9583000 7.40298 -2.86033
9584000 7.45622 -2.99685
9585000 7.42255 -2.87252
9586000 7.40166 -2.77159
9587000 7.36729 -2.73499
9588000 7.38676 -2.69878
9589000 7.35024 -2.63865
9590000 7.36416 -2.73178
9591000 7.34653 -2.69301
9592000 7.37397 -2.7565
9593000 7.38044 -2.66109
9594000 7.41792 -2.8098
9595000 7.37687 -2.79874
9596000 7.40608 -2.8307
9597000 7.45279 -2.95033
9598000 7.42301 -2.98962
9599000 7.44693 -2.95496
9600000 7.3984 -2.88049
9601000 7.40001 -2.81298
9602000 7.40858 -2.82783
9603000 7.40667 -2.82837
9604000 7.3886 -2.73618
9605000 7.39763 -2.7777
9606000 7.37908 -2.71554
9607000 7.38177 -2.71095
9608000 7.3997 -2.75934
9609000 7.41085 -2.81648
9610000 7.37507 -2.83221
9611000 7.42121 -2.8252
9612000 7.44325 -2.95813
9613000 7.41397 -2.82922
9614000 7.39154 -2.67988
9615000 7.36493 -2.5407
9616000 7.35236 -2.60702
9617000 7.33135 -2.55618
9618000 7.37218 -2.78487
9619000 7.38405 -2.69971
9620000 7.40746 -2.85894
9621000 7.4012 -2.85896
9622000 7.45776 -2.90347
9623000 7.39691 -2.84837
9624000 7.4253 -2.87659
9625000 7.41873 -2.79269
9626000 7.39332 -2.85105
9627000 7.40149 -2.77848
9628000 7.37117 -2.70055
9629000 7.38614 -2.75934
9630000 7.39478 -2.83936
9631000 7.3664 -2.69068
9632000 7.44811 -2.90302
9633000 7.41389 -2.87728
9634000 7.42251 -2.96102
9635000 7.37925 -2.89688
9636000 7.39995 -2.87266
9637000 7.39572 -2.78167
9638000 7.39564 -2.75127
9639000 7.37453 -2.75416
9640000 7.3947 -2.73817
9641000 7.41363 -3.01353
9642000 7.41434 -2.91518
9643000 7.39254 -2.74019
9644000 7.41362 -2.8862
9645000 7.40942 -2.77153
9646000 7.41078 -2.86054
9647000 7.36732 -2.75118
9648000 7.34878 -2.70298
9649000 7.38408 -2.78524
9650000 7.3571 -2.62482
9651000 7.37163 -2.72841
9652000 7.36497 -2.76654
9653000 7.39249 -2.78225
9654000 7.4058 -2.90675
9655000 7.40468 -2.78304
9656000 7.3551 -2.75876
9657000 7.38833 -2.83001
9658000 7.40734 -2.82497
9659000 7.41366 -2.80108
9660000 7.4144 -2.81858
9661000 7.36042 -2.72577
9662000 7.40179 -2.87168
9663000 7.36988 -2.69889
9664000 7.36265 -2.73585
9665000 7.35598 -2.64823
9666000 7.36626 -2.54396
9667000 7.41309 -2.94209
9668000 7.42253 -2.84665
9669000 7.40627 -2.84745
9670000 7.35908 -2.60308
9671000 7.38071 -2.86711
9672000 7.38307 -2.76891
9673000 7.36879 -2.70884
9674000 7.36554 -2.68981
9675000 7.39575 -2.8128
9676000 7.37907 -2.75897
9677000 7.41852 -2.85671
9678000 7.41124 -2.86448
9679000 7.44746 -3.02002
9680000 7.41672 -2.92063
9681000 7.38089 -2.75479
9682000 7.35461 -2.59322
9683000 7.37583 -2.71792
9684000 7.3528 -2.59349
9685000 7.34776 -2.53985
9686000 7.37867 -2.67927
9687000 7.39779 -2.87941
9688000 7.40784 -2.77356
9689000 7.38882 -2.77385
9690000 7.41551 -2.81233
9691000 7.40085 -2.85413
9692000 7.35957 -2.5704
9693000 7.40125 -2.77869
9694000 7.40862 -2.87535
9695000 7.43749 -2.90973
9696000 7.42656 -2.8657
9697000 7.42456 -2.91704
9698000 7.39599 -2.80556
9699000 7.37531 -2.65361
9700000 7.35132 -2.54279
9701000 7.33289 -2.52574
9702000 7.3529 -2.67157
9703000 7.36073 -2.73872
9704000 7.40532 -2.79047
9705000 7.40457 -2.81915
9706000 7.40151 -2.89555
9707000 7.38694 -2.71768
9708000 7.39811 -2.81824
9709000 7.41993 -2.7208
9710000 7.41038 -2.8285
9711000 7.42662 -2.862
9712000 7.40223 -2.86172
9713000 7.39096 -2.75874
9714000 7.39018 -2.75314
9715000 7.33761 -2.59516
9716000 7.39479 -2.856
9717000 7.38612 -2.72307
9718000 7.38816 -2.69883
9719000 7.3773 -2.71437
9720000 7.38007 -2.72972
9721000 7.38492 -2.67781
9722000 7.35653 -2.63751
9723000 7.38336 -2.72386
9724000 7.37056 -2.67368
9725000 7.35762 -2.68876
9726000 7.36682 -2.67696
9727000 7.41616 -2.86007
9728000 7.42702 -2.82244
9729000 7.39049 -2.82924
9730000 7.39114 -2.71508
9731000 7.41438 -2.85727
9732000 7.37406 -2.66658
9733000 7.3787 -2.63666
9734000 7.39316 -2.72897
9735000 7.37017 -2.76188
9736000 7.37012 -2.67488
9737000 7.36542 -2.67634
9738000 7.40646 -2.71125
9739000 7.40018 -2.77536
9740000 7.42637 -2.78894
9741000 7.41115 -2.83422
9742000 7.39132 -2.69471
9743000 7.37366 -2.67798
9744000 7.42649 -2.94081
9745000 7.38975 -2.71242
9746000 7.39624 -2.76325
9747000 7.37905 -2.6164
9748000 7.40041 -2.92051
9749000 7.37736 -2.79141
9750000 7.37784 -2.70798
