# Time-averaged data for fix AVG
# TimeStep v_Vol v_H
14250000 8.17536 2.16368
14251000 8.14342 -3.05678
14252000 8.18352 -3.14862
14253000 8.13002 -3.0689
14254000 8.21657 -3.28692
14255000 8.1722 -3.11902
14256000 8.13348 -3.02539
14257000 8.08601 -3.09421
14258000 8.19273 -3.07408
14259000 8.24522 -3.06426
14260000 8.19689 -2.96333
14261000 8.22466 -3.07077
14262000 8.20032 -3.20506
14263000 8.15762 -3.02235
14264000 8.26306 -3.00942
14265000 8.30902 -3.07871
14266000 8.24426 -3.04276
14267000 8.27586 -3.0496
14268000 8.19936 -3.21832
14269000 8.22006 -2.95775
14270000 8.31419 -3.3097
14271000 8.0683 -2.94376
14272000 8.21106 -2.89462
14273000 8.22797 -3.08484
14274000 8.28245 -2.8908
14275000 8.32385 -3.21689
14276000 8.27962 -3.12096
14277000 8.31118 -2.83935
14278000 8.27685 -3.22971
14279000 8.20532 -3.36365
14280000 8.24255 -3.08778
14281000 8.22772 -3.20275
14282000 8.34495 -3.2062
14283000 8.35755 -3.08459
14284000 8.30173 -2.94864
14285000 8.35576 -3.17055
14286000 8.39725 -3.25041
14287000 8.41158 -3.18916
14288000 8.23353 -3.06111
14289000 8.29638 -3.06682
14290000 8.30265 -3.02916
14291000 8.29286 -3.04899
14292000 8.19601 -3.01354
14293000 8.29828 -3.0669
14294000 8.18748 -2.98862
14295000 8.34004 -3.46216
14296000 8.18859 -3.02249
14297000 8.27243 -3.21345
14298000 8.23333 -2.89372
14299000 8.21119 -2.8844
14300000 8.13167 -2.91141
14301000 8.33775 -3.10358
14302000 8.26545 -3.04928
14303000 8.34808 -3.10164
14304000 8.24474 -3.05684
14305000 8.26719 -3.13342
14306000 8.23644 -2.7648
14307000 8.40928 -3.07486
14308000 8.38261 -3.15493
14309000 8.29224 -3.07475
14310000 8.27867 -3.28342
14311000 8.28109 -3.19539
14312000 8.24644 -3.06921
14313000 8.30581 -3.04761
14314000 8.09518 -2.9591
14315000 8.25742 -3.17507
14316000 8.27716 -3.19567
14317000 8.20663 -2.99704
14318000 8.19215 -2.83157
14319000 8.30143 -3.07684
14320000 8.20401 -3.03512
14321000 8.34287 -3.36726
14322000 8.27134 -3.16496
14323000 8.18586 -2.99231
14324000 8.23148 -3.1554
14325000 8.31679 -3.28601
14326000 8.1938 -3.04757
14327000 8.12757 -3.08705
14328000 8.18879 -2.82001
14329000 8.24611 -3.16423
14330000 8.29621 -3.25798
14331000 8.164 -2.92547
14332000 8.20249 -3.13244
14333000 8.21406 -2.90304
14334000 8.18296 -2.93673
14335000 8.17752 -3.06034
14336000 8.13814 -2.95388
14337000 8.09844 -3.07753
14338000 8.16124 -2.93536
14339000 8.13403 -3.10298
14340000 8.18704 -3.03549
14341000 8.16011 -3.12705
14342000 8.23788 -3.12328
14343000 8.19463 -2.91809
14344000 8.19342 -2.95561
14345000 8.19773 -3.17552
14346000 8.29233 -2.93165
14347000 8.14819 -2.96845
14348000 8.14517 -3.18624
14349000 8.19033 -3.15568
14350000 8.23839 -3.13153
14351000 8.21068 -3.08068
14352000 8.26166 -3.13434
14353000 8.14086 -2.82824
14354000 8.27555 -2.90068
14355000 8.33672 -3.14349
14356000 8.24717 -3.25966
14357000 8.36514 -3.12615
14358000 8.3701 -3.12046
14359000 8.23133 -3.02292
14360000 8.22746 -3.21208
14361000 8.18166 -3.02388
14362000 8.27488 -3.0774
14363000 8.19977 -3.05575
14364000 8.31985 -3.11973
14365000 8.19202 -3.03253
14366000 8.2293 -3.10635
14367000 8.23972 -3.00162
14368000 8.29215 -3.37297
14369000 8.31226 -3.00719
14370000 8.208 -2.99663
14371000 8.33524 -3.17523
14372000 8.3397 -2.91049
14373000 8.39208 -3.30851
14374000 8.32198 -2.93956
14375000 8.31806 -2.99655
14376000 8.21681 -2.94415
14377000 8.21555 -3.02564
14378000 8.22698 -2.90431
14379000 8.21959 -2.7942
14380000 8.26017 -3.38292
14381000 8.20506 -2.89035
14382000 8.32365 -3.06663
14383000 8.27389 -2.98509
14384000 8.30017 -3.03674
14385000 8.30634 -3.18805
14386000 8.20813 -2.94063
14387000 8.30289 -3.18542
14388000 8.1438 -2.99343
14389000 8.17738 -3.23455
14390000 8.41323 -3.23963
14391000 8.26154 -3.02495
14392000 8.27528 -3.11539
14393000 8.16404 -3.00953
14394000 8.22985 -3.28217
14395000 8.26306 -2.96594
14396000 8.27707 -3.33522
14397000 8.19894 -3.27418
14398000 8.14475 -3.11604
14399000 8.19894 -3.11974
14400000 8.237 -2.94714
14401000 8.20965 -3.08575
14402000 8.18466 -3.05502
14403000 8.30996 -3.13631
14404000 8.25888 -3.17523
14405000 8.28485 -3.23585
14406000 8.20035 -3.04094
14407000 8.22039 -3.12301
14408000 8.12312 -2.8748
14409000 8.2171 -2.96532
14410000 8.25891 -3.09105
14411000 8.29961 -3.21351
14412000 8.19841 -3.13927
14413000 8.13268 -3.04569
14414000 8.16549 -2.98503
14415000 8.18622 -3.08672
14416000 8.19861 -2.99426
14417000 8.32979 -3.19778
14418000 8.22765 -3.25876
14419000 8.17413 -3.05908
14420000 8.09374 -2.89359
14421000 8.18108 -2.98848
14422000 8.23533 -3.13614
14423000 8.07991 -2.72958
14424000 8.11545 -3.02987
14425000 8.07014 -2.98818
14426000 8.08848 -2.98381
14427000 8.16889 -3.11369
14428000 8.21707 -3.029
14429000 8.29812 -3.20189
14430000 8.20038 -2.92794
14431000 8.24412 -3.03772
14432000 8.27966 -2.94362
14433000 8.1948 -3.01495
14434000 8.17638 -3.19443
14435000 8.24184 -3.2108
14436000 8.30673 -2.94629
14437000 8.32068 -3.18564
14438000 8.16459 -2.83487
14439000 8.29579 -3.27496
14440000 8.26549 -3.08246
14441000 8.23333 -2.91498
14442000 8.21923 -3.05409
14443000 8.15701 -3.09919
14444000 8.18111 -3.12497
14445000 8.11885 -2.92823
14446000 8.16578 -3.07917
14447000 8.18848 -3.06084
14448000 8.24666 -3.04922
14449000 8.24938 -3.17606
14450000 8.27917 -3.10164
14451000 8.29992 -3.0855
14452000 8.27244 -3.21887
14453000 8.1399 -3.02747
14454000 8.30779 -3.33142
14455000 8.28604 -3.39115
14456000 8.28625 -3.18239
14457000 8.1791 -2.95722
14458000 8.1695 -2.85049
14459000 8.26674 -3.13245
14460000 8.26949 -3.10715
14461000 8.20505 -2.89393
14462000 8.14767 -2.94829
14463000 8.25874 -2.97989
14464000 8.23981 -3.13835
14465000 8.38535 -3.26578
14466000 8.24336 -3.24141
14467000 8.31517 -3.57804
14468000 8.18738 -2.93403
14469000 8.27338 -3.28341
14470000 8.16332 -3.08236
14471000 8.20173 -3.08378
14472000 8.12791 -2.96219
14473000 8.15065 -2.91344
14474000 8.28612 -3.23407
14475000 8.21056 -3.06979
14476000 8.33338 -3.36525
14477000 8.19837 -3.0533
14478000 8.23119 -3.08401
14479000 8.32733 -2.90548
14480000 8.20419 -2.96247
14481000 8.2705 -3.02988
14482000 8.28752 -3.19779
14483000 8.23991 -2.90198
14484000 8.31584 -3.11088
14485000 8.28365 -2.94602
14486000 8.25995 -3.27775
14487000 8.26919 -3.40602
14488000 8.09472 -2.72494
14489000 8.04868 -2.92394
14490000 8.13087 -2.86862
14491000 8.18482 -3.11656
14492000 8.26956 -3.05272
14493000 8.2855 -3.02587
14494000 8.23866 -3.02809
14495000 8.2494 -3.02798
14496000 8.2909 -3.21415
14497000 8.15676 -3.13487
14498000 8.26836 -3.12873
14499000 8.20645 -2.99044
14500000 8.24645 -3.00883
