#! FIELDS time refcv.mean refcv.morethan
 0.000000 1.210083 323.991973
 1.000000 1.158317 323.986079
 2.000000 1.156947 323.985939
 3.000000 1.165017 323.986981
 4.000000 1.154546 323.985355
 5.000000 1.155239 323.985472
 6.000000 1.157630 323.986013
 7.000000 1.158957 323.986066
 8.000000 1.155465 323.985622
 9.000000 1.161371 323.986489
 10.000000 1.158933 323.986151
 11.000000 1.158574 323.985984
 12.000000 1.158086 323.985982
 13.000000 1.157386 323.985850
 14.000000 1.157821 323.985987
 15.000000 1.159542 323.986066
 16.000000 1.161417 323.986356
 17.000000 1.164424 323.986981
 18.000000 1.160014 323.986360
 19.000000 1.151724 323.985023
 20.000000 1.159408 323.986330
 21.000000 1.158155 323.986008
 22.000000 1.159149 323.986073
 23.000000 1.167435 323.987195
 24.000000 1.164325 323.987006
 25.000000 1.167096 323.987198
 26.000000 1.161875 323.986578
 27.000000 1.161660 323.986583
 28.000000 1.151013 323.984841
 29.000000 1.161658 323.986593
 30.000000 1.155846 323.985759
 31.000000 1.157691 323.985912
 32.000000 1.155538 323.985477
 33.000000 1.161604 323.986598
 34.000000 1.155773 323.985674
 35.000000 1.156171 323.985644
 36.000000 1.158785 323.986193
 37.000000 1.158497 323.986072
 38.000000 1.162355 323.986638
 39.000000 1.167490 323.987399
 40.000000 1.162504 323.986742
 41.000000 1.155242 323.985631
 42.000000 1.165671 323.987178
 43.000000 1.167217 323.987363
 44.000000 1.161140 323.986431
 45.000000 1.157709 323.985889
 46.000000 1.159541 323.986317
 47.000000 1.159808 323.986369
 48.000000 1.156922 323.985706
 49.000000 1.165656 323.987138
 50.000000 1.165278 323.987093
 51.000000 1.160581 323.986458
 52.000000 1.156438 323.985620
 53.000000 1.155805 323.985615
 54.000000 1.150559 323.984826
 55.000000 1.155508 323.985573
 56.000000 1.158562 323.986018
 57.000000 1.158638 323.986202
 58.000000 1.155200 323.985456
 59.000000 1.157731 323.985987
 60.000000 1.160485 323.986444
 61.000000 1.162068 323.986630
 62.000000 1.155451 323.985659
 63.000000 1.159013 323.986161
 64.000000 1.161934 323.986383
 65.000000 1.159108 323.986048
 66.000000 1.158225 323.985964
 67.000000 1.163651 323.986879
 68.000000 1.159534 323.986215
 69.000000 1.167228 323.987334
 70.000000 1.165179 323.987093
 71.000000 1.162038 323.986526
 72.000000 1.167729 323.987384
 73.000000 1.163466 323.986811
 74.000000 1.160084 323.986322
 75.000000 1.161046 323.986315
 76.000000 1.157242 323.985968
 77.000000 1.161557 323.986580
 78.000000 1.156956 323.985769
 79.000000 1.155199 323.985660
 80.000000 1.153278 323.985259
 81.000000 1.159384 323.986210
 82.000000 1.157740 323.986071
 83.000000 1.165853 323.987107
 84.000000 1.165208 323.986980
 85.000000 1.163468 323.986845
 86.000000 1.152731 323.985066
 87.000000 1.154026 323.985438
 88.000000 1.154521 323.985254
 89.000000 1.156344 323.985691
 90.000000 1.164368 323.986988
 91.000000 1.157533 323.985887
 92.000000 1.150023 323.984676
 93.000000 1.161976 323.986636
 94.000000 1.167315 323.987352
 95.000000 1.161232 323.986490
 96.000000 1.162998 323.986491
 97.000000 1.164244 323.986903
 98.000000 1.158917 323.985970
 99.000000 1.152691 323.985036
 100.000000 1.161383 323.986452
 101.000000 1.155490 323.985645
 102.000000 1.150776 323.984759
 103.000000 1.158404 323.986106
 104.000000 1.168985 323.987663
 105.000000 1.159668 323.986272
 106.000000 1.163421 323.986815
 107.000000 1.167340 323.987387
 108.000000 1.157720 323.985952
 109.000000 1.160063 323.986354
 110.000000 1.153150 323.985055
 111.000000 1.158295 323.986068
 112.000000 1.158119 323.985907
 113.000000 1.164605 323.987010
 114.000000 1.164732 323.986941
 115.000000 1.157384 323.985889
 116.000000 1.160617 323.986428
 117.000000 1.158924 323.986205
 118.000000 1.154024 323.985441
 119.000000 1.156193 323.985799
 120.000000 1.162884 323.986605
 121.000000 1.155484 323.985607
 122.000000 1.157287 323.985853
 123.000000 1.157824 323.985974
 124.000000 1.159287 323.986206
 125.000000 1.156947 323.985651
 126.000000 1.154065 323.985504
 127.000000 1.161949 323.986624
 128.000000 1.156860 323.985894
 129.000000 1.163776 323.986939
 130.000000 1.162026 323.986537
 131.000000 1.162939 323.986629
 132.000000 1.151454 323.984845
 133.000000 1.159693 323.986310
 134.000000 1.154585 323.985468
 135.000000 1.157196 323.985981
 136.000000 1.162580 323.986698
 137.000000 1.160290 323.986400
 138.000000 1.165999 323.987228
 139.000000 1.165258 323.987034
 140.000000 1.158577 323.986027
 141.000000 1.159012 323.986212
 142.000000 1.163773 323.986854
 143.000000 1.165057 323.987115
 144.000000 1.153285 323.985217
 145.000000 1.162691 323.986688
 146.000000 1.158474 323.986074
 147.000000 1.154047 323.985357
 148.000000 1.158978 323.986209
 149.000000 1.158365 323.986116
 150.000000 1.164311 323.986895
 151.000000 1.166897 323.987226
 152.000000 1.159304 323.986247
 153.000000 1.164007 323.986987
 154.000000 1.158146 323.986089
 155.000000 1.160705 323.986528
 156.000000 1.163346 323.986778
 157.000000 1.169534 323.987607
 158.000000 1.164043 323.986847
 159.000000 1.151051 323.984535
 160.000000 1.156544 323.985865
 161.000000 1.161118 323.986423
 162.000000 1.160872 323.986444
 163.000000 1.161209 323.986591
 164.000000 1.163214 323.986797
 165.000000 1.155681 323.985725
 166.000000 1.165336 323.987091
 167.000000 1.163179 323.986746
 168.000000 1.154589 323.985158
 169.000000 1.159477 323.986200
 170.000000 1.160985 323.986390
 171.000000 1.153290 323.985233
 172.000000 1.159184 323.986154
 173.000000 1.160920 323.986446
 174.000000 1.158331 323.986026
 175.000000 1.156472 323.985844
 176.000000 1.157293 323.985791
 177.000000 1.159303 323.986186
 178.000000 1.162822 323.986783
 179.000000 1.160807 323.986387
 180.000000 1.163932 323.986922
 181.000000 1.160461 323.986265
 182.000000 1.159804 323.986247
 183.000000 1.162014 323.986655
 184.000000 1.167322 323.987386
 185.000000 1.165040 323.987040
 186.000000 1.160292 323.986320
 187.000000 1.161736 323.986593
 188.000000 1.157421 323.985870
 189.000000 1.163599 323.986814
 190.000000 1.164026 323.986971
 191.000000 1.154212 323.985354
 192.000000 1.161191 323.986424
 193.000000 1.165891 323.987270
 194.000000 1.160308 323.986301
 195.000000 1.155782 323.985708
 196.000000 1.153717 323.985378
 197.000000 1.156447 323.985790
 198.000000 1.165097 323.986990
 199.000000 1.166990 323.987385
 200.000000 1.167251 323.987364
 201.000000 1.160119 323.986343
 202.000000 1.160575 323.986377
 203.000000 1.157691 323.986001
 204.000000 1.155615 323.985690
 205.000000 1.154651 323.985563
 206.000000 1.154203 323.985355
 207.000000 1.163709 323.986731
 208.000000 1.161416 323.986472
 209.000000 1.159707 323.986267
 210.000000 1.156668 323.985776
 211.000000 1.160916 323.986438
 212.000000 1.158616 323.986126
 213.000000 1.157772 323.985996
 214.000000 1.158620 323.986172
 215.000000 1.157634 323.985848
 216.000000 1.151853 323.984790
 217.000000 1.157268 323.985947
 218.000000 1.162335 323.986686
 219.000000 1.163010 323.986807
 220.000000 1.164118 323.986965
 221.000000 1.154684 323.985345
 222.000000 1.157053 323.985877
 223.000000 1.159671 323.986192
 224.000000 1.160648 323.986405
 225.000000 1.161322 323.986345
 226.000000 1.164392 323.986963
 227.000000 1.159009 323.986167
 228.000000 1.153610 323.985418
 229.000000 1.159979 323.986319
 230.000000 1.156699 323.985815
 231.000000 1.157750 323.985978
 232.000000 1.166132 323.987091
 233.000000 1.164925 323.987000
 234.000000 1.161646 323.986543
 235.000000 1.157367 323.985971
 236.000000 1.159491 323.986211
 237.000000 1.162074 323.986617
 238.000000 1.161971 323.986567
 239.000000 1.156608 323.985704
 240.000000 1.155940 323.985675
 241.000000 1.159597 323.986207
 242.000000 1.160712 323.986479
 243.000000 1.156286 323.985715
 244.000000 1.155029 323.985611
 245.000000 1.159248 323.986235
 246.000000 1.163427 323.986857
 247.000000 1.163064 323.986687
 248.000000 1.160101 323.986322
 249.000000 1.164697 323.987026
 250.000000 1.158061 323.985988
 251.000000 1.158751 323.986080
 252.000000 1.157697 323.985876
 253.000000 1.162535 323.986633
 254.000000 1.160131 323.986381
 255.000000 1.153394 323.985336
 256.000000 1.155136 323.985421
 257.000000 1.159895 323.986303
 258.000000 1.156003 323.985660
 259.000000 1.158714 323.985999
 260.000000 1.165713 323.987155
 261.000000 1.163873 323.986970
 262.000000 1.160184 323.986219
 263.000000 1.158342 323.986131
 264.000000 1.156781 323.985887
 265.000000 1.154477 323.985449
 266.000000 1.158509 323.986072
 267.000000 1.164836 323.987012
 268.000000 1.165618 323.987214
 269.000000 1.160199 323.986278
 270.000000 1.171527 323.987916
 271.000000 1.164803 323.987063
 272.000000 1.164611 323.986943
 273.000000 1.161266 323.986547
 274.000000 1.163256 323.986842
 275.000000 1.158847 323.986119
 276.000000 1.160310 323.986375
 277.000000 1.156362 323.985628
 278.000000 1.156282 323.985713
 279.000000 1.158048 323.986061
 280.000000 1.157129 323.985934
 281.000000 1.153005 323.985241
 282.000000 1.160564 323.986308
 283.000000 1.159664 323.986187
 284.000000 1.166683 323.987251
 285.000000 1.159083 323.986252
 286.000000 1.159585 323.986375
 287.000000 1.165698 323.987217
 288.000000 1.164212 323.986934
 289.000000 1.163018 323.986717
 290.000000 1.166101 323.987069
 291.000000 1.167708 323.987473
 292.000000 1.162465 323.986725
 293.000000 1.161299 323.986476
 294.000000 1.163498 323.986889
 295.000000 1.160174 323.986200
 296.000000 1.154144 323.985382
 297.000000 1.157091 323.985842
 298.000000 1.156575 323.985736
 299.000000 1.161933 323.986606
 300.000000 1.159854 323.986174
 301.000000 1.163138 323.986767
 302.000000 1.154357 323.985451
 303.000000 1.161087 323.986463
 304.000000 1.166812 323.987050
 305.000000 1.165736 323.987199
 306.000000 1.159804 323.986301
 307.000000 1.160823 323.986531
 308.000000 1.159725 323.986218
 309.000000 1.167935 323.987429
 310.000000 1.166369 323.987200
 311.000000 1.160537 323.986442
 312.000000 1.159111 323.986166
 313.000000 1.154098 323.985425
 314.000000 1.155822 323.985677
 315.000000 1.159671 323.986360
 316.000000 1.165872 323.987146
 317.000000 1.167329 323.987476
 318.000000 1.157560 323.985959
 319.000000 1.155230 323.985521
 320.000000 1.156587 323.985777
 321.000000 1.161841 323.986593
 322.000000 1.161934 323.986608
 323.000000 1.153194 323.985216
 324.000000 1.150111 323.984870
 325.000000 1.159999 323.986349
 326.000000 1.164555 323.986984
 327.000000 1.168464 323.987417
 328.000000 1.166421 323.987270
 329.000000 1.164073 323.986952
 330.000000 1.158826 323.986154
 331.000000 1.154704 323.985381
 332.000000 1.154609 323.985451
 333.000000 1.161035 323.986514
 334.000000 1.166521 323.987166
 335.000000 1.170128 323.987652
 336.000000 1.169024 323.987595
 337.000000 1.157326 323.985823
 338.000000 1.160363 323.986383
 339.000000 1.163013 323.986693
 340.000000 1.160899 323.986316
 341.000000 1.164058 323.986904
 342.000000 1.152162 323.985153
 343.000000 1.156703 323.985860
 344.000000 1.160090 323.986313
 345.000000 1.162419 323.986677
 346.000000 1.160847 323.986505
 347.000000 1.159017 323.986138
 348.000000 1.157961 323.985977
 349.000000 1.163752 323.986774
 350.000000 1.167221 323.987289
 351.000000 1.171151 323.987923
 352.000000 1.164859 323.986998
 353.000000 1.163226 323.986810
 354.000000 1.157358 323.986000
 355.000000 1.162545 323.986791
 356.000000 1.156374 323.985739
 357.000000 1.163544 323.986841
 358.000000 1.154941 323.985590
 359.000000 1.159168 323.986255
 360.000000 1.156596 323.985814
 361.000000 1.165262 323.987103
 362.000000 1.164671 323.986983
 363.000000 1.163891 323.986902
 364.000000 1.159165 323.986264
 365.000000 1.160496 323.986442
 366.000000 1.165636 323.987164
 367.000000 1.159605 323.986285
 368.000000 1.158478 323.986186
 369.000000 1.160251 323.986387
 370.000000 1.161055 323.986601
 371.000000 1.162347 323.986636
 372.000000 1.160866 323.986470
 373.000000 1.163348 323.986763
 374.000000 1.159340 323.986162
 375.000000 1.161245 323.986530
 376.000000 1.162062 323.986602
 377.000000 1.157916 323.986010
 378.000000 1.158153 323.986002
 379.000000 1.156527 323.985855
 380.000000 1.158600 323.986235
 381.000000 1.161771 323.986548
 382.000000 1.165757 323.987161
 383.000000 1.162398 323.986728
 384.000000 1.158417 323.986201
 385.000000 1.156658 323.985596
 386.000000 1.162066 323.986594
 387.000000 1.152543 323.985138
 388.000000 1.156476 323.985595
 389.000000 1.158087 323.985866
 390.000000 1.162886 323.986796
 391.000000 1.154975 323.985545
 392.000000 1.155520 323.985653
 393.000000 1.152801 323.985347
 394.000000 1.158031 323.985901
 395.000000 1.165619 323.987026
 396.000000 1.162250 323.986675
 397.000000 1.159653 323.986080
 398.000000 1.154335 323.985426
 399.000000 1.160555 323.986239
 400.000000 1.164126 323.986924
 401.000000 1.163143 323.986834
 402.000000 1.160534 323.986459
 403.000000 1.160256 323.986287
 404.000000 1.157841 323.985945
 405.000000 1.161775 323.986666
 406.000000 1.165859 323.987156
 407.000000 1.162525 323.986690
 408.000000 1.160074 323.986356
 409.000000 1.169262 323.987608
 410.000000 1.161368 323.986487
 411.000000 1.156367 323.985593
 412.000000 1.159920 323.986358
 413.000000 1.160139 323.986338
 414.000000 1.160387 323.986390
 415.000000 1.154387 323.985501
 416.000000 1.163232 323.986820
 417.000000 1.162325 323.986601
 418.000000 1.167186 323.987295
 419.000000 1.162980 323.986827
 420.000000 1.158334 323.986171
 421.000000 1.158109 323.985908
 422.000000 1.164946 323.987076
 423.000000 1.166332 323.987231
 424.000000 1.161058 323.986241
 425.000000 1.159373 323.986130
 426.000000 1.160487 323.986421
 427.000000 1.160747 323.986253
 428.000000 1.155975 323.985748
 429.000000 1.155204 323.985633
 430.000000 1.164521 323.986981
 431.000000 1.159514 323.986115
 432.000000 1.161494 323.986459
 433.000000 1.160816 323.986502
 434.000000 1.161043 323.986363
 435.000000 1.159725 323.986201
 436.000000 1.160427 323.986381
 437.000000 1.165416 323.987163
 438.000000 1.162852 323.986746
 439.000000 1.161737 323.986657
 440.000000 1.162297 323.986641
 441.000000 1.164093 323.986853
 442.000000 1.157887 323.985936
 443.000000 1.162209 323.986687
 444.000000 1.154141 323.985379
 445.000000 1.156281 323.985755
 446.000000 1.160160 323.986440
 447.000000 1.153215 323.985133
 448.000000 1.158768 323.986106
 449.000000 1.158794 323.985829
 450.000000 1.162117 323.986661
 451.000000 1.153271 323.985161
 452.000000 1.154919 323.985632
 453.000000 1.161041 323.986444
 454.000000 1.160930 323.986514
 455.000000 1.170859 323.987839
 456.000000 1.159038 323.986023
 457.000000 1.162875 323.986589
 458.000000 1.155766 323.985719
 459.000000 1.155280 323.985679
 460.000000 1.146008 323.983999
