#! FIELDS time refcv.mean refcv.morethan
 0.000000 1.551119 323.999592
 1.000000 1.497591 323.999368
 2.000000 1.495684 323.999359
 3.000000 1.514126 323.999446
 4.000000 1.499115 323.999376
 5.000000 1.495528 323.999354
 6.000000 1.497061 323.999367
 7.000000 1.497645 323.999364
 8.000000 1.499626 323.999377
 9.000000 1.507615 323.999417
 10.000000 1.503356 323.999397
 11.000000 1.503014 323.999392
 12.000000 1.499124 323.999375
 13.000000 1.501799 323.999387
 14.000000 1.501417 323.999386
 15.000000 1.507741 323.999414
 16.000000 1.507281 323.999412
 17.000000 1.508789 323.999423
 18.000000 1.505309 323.999406
 19.000000 1.495010 323.999353
 20.000000 1.500394 323.999383
 21.000000 1.499290 323.999375
 22.000000 1.503724 323.999397
 23.000000 1.520186 323.999468
 24.000000 1.511042 323.999434
 25.000000 1.516206 323.999452
 26.000000 1.508038 323.999418
 27.000000 1.506836 323.999413
 28.000000 1.493981 323.999347
 29.000000 1.504998 323.999404
 30.000000 1.498520 323.999372
 31.000000 1.501951 323.999382
 32.000000 1.498576 323.999371
 33.000000 1.502684 323.999393
 34.000000 1.500742 323.999383
 35.000000 1.500082 323.999379
 36.000000 1.498551 323.999374
 37.000000 1.504193 323.999401
 38.000000 1.509918 323.999427
 39.000000 1.513613 323.999444
 40.000000 1.506268 323.999412
 41.000000 1.495935 323.999358
 42.000000 1.506292 323.999411
 43.000000 1.513173 323.999443
 44.000000 1.505801 323.999407
 45.000000 1.497189 323.999365
 46.000000 1.501840 323.999389
 47.000000 1.499720 323.999379
 48.000000 1.501257 323.999386
 49.000000 1.511335 323.999436
 50.000000 1.512458 323.999441
 51.000000 1.507946 323.999417
 52.000000 1.503957 323.999396
 53.000000 1.500556 323.999380
 54.000000 1.491595 323.999334
 55.000000 1.500255 323.999380
 56.000000 1.501422 323.999384
 57.000000 1.500868 323.999387
 58.000000 1.498799 323.999371
 59.000000 1.502411 323.999392
 60.000000 1.502534 323.999394
 61.000000 1.508250 323.999418
 62.000000 1.495529 323.999359
 63.000000 1.502910 323.999394
 64.000000 1.509976 323.999424
 65.000000 1.505263 323.999400
 66.000000 1.504229 323.999399
 67.000000 1.504440 323.999403
 68.000000 1.504090 323.999398
 69.000000 1.513045 323.999444
 70.000000 1.508141 323.999420
 71.000000 1.507190 323.999411
 72.000000 1.515169 323.999451
 73.000000 1.511091 323.999432
 74.000000 1.505506 323.999408
 75.000000 1.505560 323.999405
 76.000000 1.496000 323.999360
 77.000000 1.504505 323.999403
 78.000000 1.499815 323.999376
 79.000000 1.497252 323.999367
 80.000000 1.494671 323.999350
 81.000000 1.504916 323.999405
 82.000000 1.502795 323.999393
 83.000000 1.514420 323.999449
 84.000000 1.513178 323.999439
 85.000000 1.511051 323.999434
 86.000000 1.494903 323.999354
 87.000000 1.492569 323.999339
 88.000000 1.496023 323.999356
 89.000000 1.497872 323.999367
 90.000000 1.509435 323.999426
 91.000000 1.500914 323.999382
 92.000000 1.489556 323.999325
 93.000000 1.505587 323.999409
 94.000000 1.514071 323.999447
 95.000000 1.507813 323.999417
 96.000000 1.508723 323.999421
 97.000000 1.509309 323.999424
 98.000000 1.504274 323.999395
 99.000000 1.494903 323.999349
 100.000000 1.504469 323.999401
 101.000000 1.496730 323.999366
 102.000000 1.490279 323.999321
 103.000000 1.501727 323.999391
 104.000000 1.513650 323.999445
 105.000000 1.507852 323.999418
 106.000000 1.509218 323.999426
 107.000000 1.516026 323.999457
 108.000000 1.501604 323.999386
 109.000000 1.500963 323.999384
 110.000000 1.495537 323.999354
 111.000000 1.501121 323.999385
 112.000000 1.500756 323.999379
 113.000000 1.513851 323.999444
 114.000000 1.508379 323.999420
 115.000000 1.504357 323.999402
 116.000000 1.502601 323.999392
 117.000000 1.500818 323.999385
 118.000000 1.492282 323.999341
 119.000000 1.497307 323.999367
 120.000000 1.510586 323.999427
 121.000000 1.498758 323.999375
 122.000000 1.501988 323.999387
 123.000000 1.499663 323.999379
 124.000000 1.502039 323.999388
 125.000000 1.501336 323.999380
 126.000000 1.495773 323.999360
 127.000000 1.504471 323.999404
 128.000000 1.495201 323.999355
 129.000000 1.504822 323.999407
 130.000000 1.510388 323.999428
 131.000000 1.509542 323.999422
 132.000000 1.495211 323.999354
 133.000000 1.496044 323.999361
 134.000000 1.491057 323.999331
 135.000000 1.499142 323.999377
 136.000000 1.502873 323.999392
 137.000000 1.504062 323.999399
 138.000000 1.511733 323.999437
 139.000000 1.511698 323.999435
 140.000000 1.500046 323.999377
 141.000000 1.500446 323.999382
 142.000000 1.508242 323.999420
 143.000000 1.511875 323.999438
 144.000000 1.498133 323.999368
 145.000000 1.506532 323.999411
 146.000000 1.499462 323.999379
 147.000000 1.495225 323.999355
 148.000000 1.497170 323.999364
 149.000000 1.498012 323.999371
 150.000000 1.508766 323.999421
 151.000000 1.514321 323.999445
 152.000000 1.501757 323.999390
 153.000000 1.505350 323.999410
 154.000000 1.499077 323.999377
 155.000000 1.505651 323.999410
 156.000000 1.509414 323.999425
 157.000000 1.519011 323.999468
 158.000000 1.507785 323.999415
 159.000000 1.490057 323.999317
 160.000000 1.499431 323.999378
 161.000000 1.504907 323.999404
 162.000000 1.504568 323.999401
 163.000000 1.502265 323.999392
 164.000000 1.506522 323.999411
 165.000000 1.496613 323.999363
 166.000000 1.510686 323.999430
 167.000000 1.509497 323.999425
 168.000000 1.498228 323.999364
 169.000000 1.502013 323.999386
 170.000000 1.505987 323.999406
 171.000000 1.496711 323.999359
 172.000000 1.502213 323.999389
 173.000000 1.504966 323.999406
 174.000000 1.501005 323.999382
 175.000000 1.493470 323.999347
 176.000000 1.498016 323.999368
 177.000000 1.500991 323.999382
 178.000000 1.505304 323.999407
 179.000000 1.504107 323.999399
 180.000000 1.506280 323.999411
 181.000000 1.508166 323.999418
 182.000000 1.503155 323.999393
 183.000000 1.503771 323.999401
 184.000000 1.509210 323.999425
 185.000000 1.509311 323.999425
 186.000000 1.503408 323.999394
 187.000000 1.505330 323.999404
 188.000000 1.500126 323.999379
 189.000000 1.509101 323.999423
 190.000000 1.506489 323.999413
 191.000000 1.498641 323.999373
 192.000000 1.505967 323.999406
 193.000000 1.513277 323.999446
 194.000000 1.503434 323.999396
 195.000000 1.495452 323.999358
 196.000000 1.494118 323.999350
 197.000000 1.498517 323.999371
 198.000000 1.510750 323.999432
 199.000000 1.515000 323.999451
 200.000000 1.514598 323.999450
 201.000000 1.504472 323.999400
 202.000000 1.502524 323.999391
 203.000000 1.496813 323.999362
 204.000000 1.496502 323.999362
 205.000000 1.498331 323.999373
 206.000000 1.499410 323.999376
 207.000000 1.511476 323.999433
 208.000000 1.508406 323.999418
 209.000000 1.503250 323.999396
 210.000000 1.497222 323.999364
 211.000000 1.504145 323.999402
 212.000000 1.500110 323.999379
 213.000000 1.500710 323.999382
 214.000000 1.503095 323.999396
 215.000000 1.503198 323.999393
 216.000000 1.492324 323.999334
 217.000000 1.495977 323.999361
 218.000000 1.504569 323.999403
 219.000000 1.508398 323.999422
 220.000000 1.508131 323.999419
 221.000000 1.496431 323.999362
 222.000000 1.498516 323.999372
 223.000000 1.507268 323.999415
 224.000000 1.508626 323.999422
 225.000000 1.512908 323.999440
 226.000000 1.512421 323.999440
 227.000000 1.504758 323.999404
 228.000000 1.492612 323.999343
 229.000000 1.502329 323.999391
 230.000000 1.494261 323.999348
 231.000000 1.501306 323.999386
 232.000000 1.512508 323.999437
 233.000000 1.512744 323.999441
 234.000000 1.505915 323.999408
 235.000000 1.497247 323.999365
 236.000000 1.505824 323.999408
 237.000000 1.508496 323.999423
 238.000000 1.506817 323.999412
 239.000000 1.496932 323.999363
 240.000000 1.499548 323.999375
 241.000000 1.501323 323.999385
 242.000000 1.501645 323.999388
 243.000000 1.497684 323.999366
 244.000000 1.498177 323.999372
 245.000000 1.500631 323.999385
 246.000000 1.507160 323.999415
 247.000000 1.513577 323.999443
 248.000000 1.505378 323.999402
 249.000000 1.510664 323.999432
 250.000000 1.499053 323.999371
 251.000000 1.500014 323.999377
 252.000000 1.499975 323.999376
 253.000000 1.504182 323.999398
 254.000000 1.505035 323.999406
 255.000000 1.497124 323.999366
 256.000000 1.497585 323.999362
 257.000000 1.499753 323.999378
 258.000000 1.495329 323.999355
 259.000000 1.504683 323.999398
 260.000000 1.512167 323.999437
 261.000000 1.507800 323.999418
 262.000000 1.505051 323.999403
 263.000000 1.499697 323.999379
 264.000000 1.496566 323.999362
 265.000000 1.500066 323.999376
 266.000000 1.504779 323.999403
 267.000000 1.510430 323.999429
 268.000000 1.507623 323.999420
 269.000000 1.504709 323.999400
 270.000000 1.519141 323.999468
 271.000000 1.508972 323.999425
 272.000000 1.511387 323.999435
 273.000000 1.508524 323.999423
 274.000000 1.509167 323.999423
 275.000000 1.500967 323.999383
 276.000000 1.504684 323.999402
 277.000000 1.498640 323.999368
 278.000000 1.503031 323.999394
 279.000000 1.499429 323.999376
 280.000000 1.496703 323.999364
 281.000000 1.494978 323.999355
 282.000000 1.506014 323.999407
 283.000000 1.507799 323.999416
 284.000000 1.510435 323.999428
 285.000000 1.500365 323.999381
 286.000000 1.498945 323.999377
 287.000000 1.505924 323.999410
 288.000000 1.508084 323.999418
 289.000000 1.510043 323.999429
 290.000000 1.510907 323.999425
 291.000000 1.514077 323.999449
 292.000000 1.505986 323.999411
 293.000000 1.503647 323.999395
 294.000000 1.505746 323.999410
 295.000000 1.503862 323.999399
 296.000000 1.497191 323.999364
 297.000000 1.497266 323.999365
 298.000000 1.498391 323.999371
 299.000000 1.508877 323.999424
 300.000000 1.507697 323.999415
 301.000000 1.508361 323.999419
 302.000000 1.497775 323.999369
 303.000000 1.506599 323.999411
 304.000000 1.513316 323.999441
 305.000000 1.511588 323.999436
 306.000000 1.502865 323.999394
 307.000000 1.503814 323.999399
 308.000000 1.503290 323.999394
 309.000000 1.513013 323.999443
 310.000000 1.514349 323.999446
 311.000000 1.505182 323.999407
 312.000000 1.501086 323.999380
 313.000000 1.493329 323.999345
 314.000000 1.499188 323.999377
 315.000000 1.504255 323.999402
 316.000000 1.514526 323.999449
 317.000000 1.512462 323.999441
 318.000000 1.500119 323.999379
 319.000000 1.495464 323.999355
 320.000000 1.500124 323.999379
 321.000000 1.502475 323.999392
 322.000000 1.501626 323.999390
 323.000000 1.491194 323.999329
 324.000000 1.484521 323.999296
 325.000000 1.502143 323.999392
 326.000000 1.512687 323.999440
 327.000000 1.519480 323.999467
 328.000000 1.512443 323.999440
 329.000000 1.504658 323.999404
 330.000000 1.501311 323.999388
 331.000000 1.495382 323.999351
 332.000000 1.495781 323.999355
 333.000000 1.507156 323.999415
 334.000000 1.514077 323.999441
 335.000000 1.519896 323.999468
 336.000000 1.523455 323.999486
 337.000000 1.500830 323.999380
 338.000000 1.502419 323.999391
 339.000000 1.506184 323.999407
 340.000000 1.504274 323.999397
 341.000000 1.505855 323.999409
 342.000000 1.494634 323.999354
 343.000000 1.498050 323.999373
 344.000000 1.498529 323.999370
 345.000000 1.506701 323.999413
 346.000000 1.504418 323.999400
 347.000000 1.500597 323.999383
 348.000000 1.500731 323.999383
 349.000000 1.509613 323.999425
 350.000000 1.515725 323.999453
 351.000000 1.517306 323.999463
 352.000000 1.515223 323.999452
 353.000000 1.508861 323.999423
 354.000000 1.500754 323.999383
 355.000000 1.504694 323.999405
 356.000000 1.502536 323.999392
 357.000000 1.507180 323.999413
 358.000000 1.495038 323.999357
 359.000000 1.498813 323.999374
 360.000000 1.495413 323.999356
 361.000000 1.508237 323.999420
 362.000000 1.509478 323.999422
 363.000000 1.509703 323.999428
 364.000000 1.500681 323.999386
 365.000000 1.502542 323.999393
 366.000000 1.504833 323.999402
 367.000000 1.499052 323.999375
 368.000000 1.496801 323.999365
 369.000000 1.504131 323.999399
 370.000000 1.502980 323.999397
 371.000000 1.505206 323.999405
 372.000000 1.503636 323.999398
 373.000000 1.509019 323.999421
 374.000000 1.507213 323.999414
 375.000000 1.506161 323.999410
 376.000000 1.506751 323.999414
 377.000000 1.496550 323.999362
 378.000000 1.499178 323.999374
 379.000000 1.494144 323.999351
 380.000000 1.498156 323.999375
 381.000000 1.507176 323.999414
 382.000000 1.512874 323.999443
 383.000000 1.505421 323.999408
 384.000000 1.503025 323.999398
 385.000000 1.503444 323.999393
 386.000000 1.507173 323.999415
 387.000000 1.497820 323.999369
 388.000000 1.502450 323.999388
 389.000000 1.502337 323.999391
 390.000000 1.505113 323.999407
 391.000000 1.498295 323.999371
 392.000000 1.495376 323.999357
 393.000000 1.489589 323.999328
 394.000000 1.504790 323.999401
 395.000000 1.512087 323.999434
 396.000000 1.504737 323.999403
 397.000000 1.504890 323.999403
 398.000000 1.497838 323.999365
 399.000000 1.505336 323.999404
 400.000000 1.508352 323.999421
 401.000000 1.507061 323.999416
 402.000000 1.501548 323.999388
 403.000000 1.504741 323.999403
 404.000000 1.502027 323.999389
 405.000000 1.503117 323.999396
 406.000000 1.511706 323.999433
 407.000000 1.507196 323.999415
 408.000000 1.508255 323.999420
 409.000000 1.517162 323.999459
 410.000000 1.507543 323.999413
 411.000000 1.500675 323.999380
 412.000000 1.501824 323.999390
 413.000000 1.500976 323.999387
 414.000000 1.501535 323.999386
 415.000000 1.491430 323.999334
 416.000000 1.506600 323.999412
 417.000000 1.509509 323.999425
 418.000000 1.514668 323.999450
 419.000000 1.509625 323.999428
 420.000000 1.499259 323.999378
 421.000000 1.499355 323.999377
 422.000000 1.510840 323.999434
 423.000000 1.516117 323.999455
 424.000000 1.509503 323.999423
 425.000000 1.507005 323.999411
 426.000000 1.506452 323.999411
 427.000000 1.501348 323.999380
 428.000000 1.494091 323.999350
 429.000000 1.495990 323.999359
 430.000000 1.508965 323.999421
 431.000000 1.508948 323.999421
 432.000000 1.508739 323.999421
 433.000000 1.501512 323.999389
 434.000000 1.504015 323.999398
 435.000000 1.503245 323.999395
 436.000000 1.505225 323.999406
 437.000000 1.510649 323.999432
 438.000000 1.511012 323.999429
 439.000000 1.504569 323.999404
 440.000000 1.505913 323.999408
 441.000000 1.509203 323.999423
 442.000000 1.502979 323.999391
 443.000000 1.504566 323.999404
 444.000000 1.494493 323.999349
 445.000000 1.496240 323.999358
 446.000000 1.500981 323.999388
 447.000000 1.496257 323.999359
 448.000000 1.505751 323.999405
 449.000000 1.507985 323.999415
 450.000000 1.507423 323.999418
 451.000000 1.496162 323.999358
 452.000000 1.496643 323.999366
 453.000000 1.505272 323.999406
 454.000000 1.506454 323.999412
 455.000000 1.519617 323.999470
 456.000000 1.504849 323.999399
 457.000000 1.512789 323.999437
 458.000000 1.496117 323.999361
 459.000000 1.495631 323.999360
 460.000000 1.482948 323.999286
