#! FIELDS time refcv.mean refcv.morethan
 0.000000 1.022583 323.939505
 1.000000 0.935336 323.792705
 2.000000 0.937699 323.801858
 3.000000 0.934347 323.789997
 4.000000 0.925425 323.703554
 5.000000 0.932691 323.768655
 6.000000 0.933916 323.779205
 7.000000 0.940102 323.802429
 8.000000 0.925371 323.761460
 9.000000 0.932057 323.777118
 10.000000 0.930859 323.771188
 11.000000 0.930738 323.765859
 12.000000 0.932900 323.779108
 13.000000 0.928015 323.765824
 14.000000 0.930861 323.775563
 15.000000 0.925471 323.734030
 16.000000 0.933179 323.761576
 17.000000 0.939801 323.805616
 18.000000 0.932869 323.790299
 19.000000 0.922114 323.742391
 20.000000 0.936073 323.804147
 21.000000 0.932538 323.780868
 22.000000 0.931427 323.764016
 23.000000 0.931712 323.767779
 24.000000 0.937346 323.804773
 25.000000 0.934948 323.784993
 26.000000 0.935383 323.791416
 27.000000 0.933328 323.789191
 28.000000 0.921575 323.725731
 29.000000 0.935233 323.797606
 30.000000 0.924919 323.762860
 31.000000 0.928246 323.776669
 32.000000 0.926963 323.744790
 33.000000 0.939275 323.806998
 34.000000 0.924224 323.756774
 35.000000 0.928293 323.751897
 36.000000 0.938509 323.793094
 37.000000 0.927357 323.766560
 38.000000 0.932830 323.786563
 39.000000 0.941554 323.815298
 40.000000 0.937539 323.805716
 41.000000 0.931178 323.779032
 42.000000 0.947861 323.831141
 43.000000 0.941741 323.815268
 44.000000 0.933418 323.774663
 45.000000 0.937607 323.785865
 46.000000 0.936144 323.798787
 47.000000 0.935923 323.802239
 48.000000 0.929925 323.725097
 49.000000 0.940047 323.807837
 50.000000 0.938281 323.804808
 51.000000 0.929014 323.785363
 52.000000 0.921322 323.718124
 53.000000 0.924653 323.752584
 54.000000 0.921499 323.740625
 55.000000 0.925257 323.753559
 56.000000 0.932288 323.779306
 57.000000 0.933708 323.788714
 58.000000 0.926173 323.741632
 59.000000 0.928791 323.767163
 60.000000 0.934987 323.796086
 61.000000 0.933658 323.795337
 62.000000 0.931765 323.774647
 63.000000 0.931244 323.782290
 64.000000 0.932940 323.747195
 65.000000 0.930312 323.761585
 66.000000 0.927095 323.742358
 67.000000 0.943367 323.814273
 68.000000 0.932829 323.782745
 69.000000 0.942818 323.810578
 70.000000 0.943660 323.815238
 71.000000 0.935915 323.781335
 72.000000 0.940727 323.809329
 73.000000 0.932764 323.781282
 74.000000 0.933715 323.779776
 75.000000 0.934344 323.766631
 76.000000 0.936561 323.802469
 77.000000 0.937349 323.806951
 78.000000 0.929100 323.764280
 79.000000 0.928395 323.770184
 80.000000 0.926281 323.757688
 81.000000 0.930473 323.772999
 82.000000 0.929339 323.776734
 83.000000 0.936230 323.789957
 84.000000 0.936009 323.787314
 85.000000 0.933153 323.791788
 86.000000 0.923063 323.718705
 87.000000 0.932465 323.790146
 88.000000 0.928710 323.703971
 89.000000 0.931082 323.774172
 90.000000 0.937612 323.802156
 91.000000 0.930190 323.759894
 92.000000 0.924760 323.722101
 93.000000 0.935134 323.789636
 94.000000 0.941934 323.812977
 95.000000 0.932368 323.782082
 96.000000 0.936516 323.630527
 97.000000 0.937757 323.798189
 98.000000 0.931683 323.762931
 99.000000 0.924549 323.727593
 100.000000 0.937531 323.792742
 101.000000 0.930671 323.771072
 102.000000 0.925497 323.762152
 103.000000 0.931729 323.768850
 104.000000 0.945785 323.829892
 105.000000 0.927281 323.762016
 106.000000 0.936842 323.795385
 107.000000 0.939021 323.802792
 108.000000 0.929580 323.768813
 109.000000 0.937456 323.794887
 110.000000 0.924203 323.700122
 111.000000 0.930725 323.779333
 112.000000 0.933408 323.774051
 113.000000 0.933174 323.791072
 114.000000 0.939930 323.786258
 115.000000 0.925106 323.755588
 116.000000 0.938219 323.804214
 117.000000 0.934214 323.790436
 118.000000 0.931508 323.779982
 119.000000 0.930907 323.774014
 120.000000 0.933156 323.778631
 121.000000 0.926422 323.752468
 122.000000 0.927680 323.751090
 123.000000 0.932291 323.743468
 124.000000 0.934526 323.795145
 125.000000 0.929321 323.758034
 126.000000 0.926617 323.765175
 127.000000 0.936599 323.783535
 128.000000 0.936841 323.800936
 129.000000 0.944338 323.817597
 130.000000 0.930241 323.770578
 131.000000 0.934359 323.785407
 132.000000 0.919298 323.724251
 133.000000 0.944900 323.816086
 134.000000 0.933815 323.788885
 135.000000 0.931291 323.787298
 136.000000 0.942547 323.810826
 137.000000 0.934221 323.790567
 138.000000 0.940849 323.817666
 139.000000 0.938880 323.803373
 140.000000 0.934653 323.785865
 141.000000 0.936167 323.795899
 142.000000 0.939260 323.799448
 143.000000 0.936404 323.802209
 144.000000 0.920311 323.736407
 145.000000 0.937240 323.799974
 146.000000 0.935060 323.763052
 147.000000 0.928265 323.759021
 148.000000 0.941382 323.814543
 149.000000 0.937599 323.790230
 150.000000 0.939704 323.800267
 151.000000 0.939910 323.800713
 152.000000 0.934405 323.789779
 153.000000 0.942685 323.819903
 154.000000 0.934252 323.787904
 155.000000 0.933703 323.794544
 156.000000 0.935062 323.778011
 157.000000 0.941345 323.807885
 158.000000 0.942218 323.811174
 159.000000 0.925300 323.713393
 160.000000 0.930302 323.782019
 161.000000 0.935498 323.764206
 162.000000 0.935834 323.795091
 163.000000 0.938482 323.807229
 164.000000 0.940954 323.814721
 165.000000 0.931983 323.785497
 166.000000 0.939791 323.810526
 167.000000 0.935061 323.794675
 168.000000 0.924608 323.542599
 169.000000 0.933753 323.792332
 170.000000 0.933309 323.783015
 171.000000 0.922963 323.743745
 172.000000 0.933064 323.773006
 173.000000 0.937048 323.795365
 174.000000 0.932916 323.784700
 175.000000 0.938838 323.808213
 176.000000 0.934087 323.762074
 177.000000 0.936123 323.798252
 178.000000 0.939094 323.805972
 179.000000 0.935705 323.783768
 180.000000 0.942153 323.813876
 181.000000 0.931036 323.747571
 182.000000 0.934979 323.788580
 183.000000 0.940859 323.806934
 184.000000 0.945910 323.830685
 185.000000 0.940964 323.803859
 186.000000 0.934319 323.791173
 187.000000 0.936793 323.801749
 188.000000 0.929928 323.770151
 189.000000 0.938222 323.801642
 190.000000 0.940458 323.814844
 191.000000 0.923359 323.742259
 192.000000 0.932618 323.773475
 193.000000 0.937926 323.812275
 194.000000 0.934492 323.773753
 195.000000 0.934387 323.791978
 196.000000 0.928513 323.775566
 197.000000 0.930838 323.775693
 198.000000 0.938922 323.794432
 199.000000 0.938664 323.813908
 200.000000 0.938955 323.805595
 201.000000 0.933325 323.794238
 202.000000 0.935444 323.789513
 203.000000 0.935016 323.796617
 204.000000 0.930634 323.784289
 205.000000 0.923094 323.758332
 206.000000 0.922893 323.745973
 207.000000 0.934523 323.770685
 208.000000 0.929765 323.775331
 209.000000 0.932738 323.771907
 210.000000 0.931828 323.778607
 211.000000 0.936093 323.788756
 212.000000 0.934617 323.797100
 213.000000 0.931928 323.777643
 214.000000 0.929212 323.780624
 215.000000 0.928152 323.753695
 216.000000 0.924968 323.716512
 217.000000 0.937779 323.797612
 218.000000 0.939239 323.808275
 219.000000 0.937215 323.799649
 220.000000 0.939190 323.810146
 221.000000 0.928442 323.733886
 222.000000 0.931728 323.778712
 223.000000 0.928983 323.764166
 224.000000 0.928692 323.768900
 225.000000 0.924249 323.715012
 226.000000 0.934814 323.793280
 227.000000 0.928575 323.767960
 228.000000 0.929862 323.770869
 229.000000 0.937235 323.795416
 230.000000 0.936309 323.797997
 231.000000 0.931805 323.781082
 232.000000 0.940126 323.795758
 233.000000 0.936514 323.798840
 234.000000 0.936130 323.795362
 235.000000 0.936517 323.802651
 236.000000 0.928621 323.768554
 237.000000 0.933633 323.784585
 238.000000 0.932831 323.783658
 239.000000 0.932879 323.763030
 240.000000 0.928202 323.760819
 241.000000 0.936101 323.791670
 242.000000 0.938055 323.808047
 243.000000 0.930233 323.773703
 244.000000 0.925924 323.765928
 245.000000 0.937606 323.773696
 246.000000 0.939313 323.798599
 247.000000 0.928501 323.749248
 248.000000 0.931648 323.781949
 249.000000 0.938215 323.804030
 250.000000 0.932617 323.784320
 251.000000 0.935233 323.782536
 252.000000 0.931417 323.770743
 253.000000 0.940118 323.800038
 254.000000 0.931262 323.782708
 255.000000 0.924280 323.755534
 256.000000 0.926698 323.745113
 257.000000 0.939099 323.802816
 258.000000 0.935271 323.781287
 259.000000 0.928408 323.751872
 260.000000 0.940011 323.807889
 261.000000 0.938676 323.812255
 262.000000 0.932984 323.761958
 263.000000 0.932965 323.786609
 264.000000 0.934641 323.793194
 265.000000 0.921307 323.740627
 266.000000 0.926809 323.765156
 267.000000 0.939227 323.808221
 268.000000 0.943945 323.822123
 269.000000 0.931727 323.786140
 270.000000 0.946762 323.828973
 271.000000 0.940331 323.814921
 272.000000 0.937634 323.783773
 273.000000 0.932128 323.786117
 274.000000 0.934064 323.799004
 275.000000 0.934063 323.790823
 276.000000 0.932980 323.789301
 277.000000 0.931149 323.773199
 278.000000 0.924151 323.754058
 279.000000 0.933258 323.787274
 280.000000 0.935439 323.794872
 281.000000 0.923865 323.752013
 282.000000 0.931779 323.765047
 283.000000 0.928229 323.765742
 284.000000 0.944967 323.818103
 285.000000 0.935164 323.800312
 286.000000 0.937603 323.807455
 287.000000 0.946806 323.828155
 288.000000 0.938884 323.806246
 289.000000 0.934310 323.784229
 290.000000 0.941217 323.804452
 291.000000 0.944819 323.824522
 292.000000 0.938268 323.798069
 293.000000 0.938013 323.798210
 294.000000 0.940712 323.812887
 295.000000 0.934143 323.676743
 296.000000 0.923738 323.743661
 297.000000 0.933638 323.778376
 298.000000 0.931811 323.766914
 299.000000 0.931660 323.785411
 300.000000 0.927049 323.754500
 301.000000 0.937459 323.801469
 302.000000 0.925123 323.759639
 303.000000 0.931801 323.785178
 304.000000 0.941654 323.729975
 305.000000 0.940542 323.815677
 306.000000 0.934576 323.792382
 307.000000 0.933717 323.797543
 308.000000 0.933626 323.784235
 309.000000 0.944502 323.813287
 310.000000 0.937352 323.799014
 311.000000 0.932295 323.785692
 312.000000 0.935035 323.797251
 313.000000 0.929479 323.775122
 314.000000 0.927866 323.760468
 315.000000 0.931525 323.791061
 316.000000 0.936000 323.794916
 317.000000 0.944003 323.829494
 318.000000 0.929808 323.774386
 319.000000 0.931540 323.765235
 320.000000 0.930551 323.776828
 321.000000 0.942182 323.816488
 322.000000 0.943737 323.812205
 323.000000 0.930313 323.775076
 324.000000 0.930497 323.781854
 325.000000 0.936947 323.794787
 326.000000 0.936126 323.799455
 327.000000 0.938727 323.801575
 328.000000 0.940246 323.807135
 329.000000 0.943441 323.817415
 330.000000 0.932543 323.779680
 331.000000 0.928386 323.766891
 332.000000 0.929011 323.769909
 333.000000 0.931832 323.789080
 334.000000 0.939795 323.805980
 335.000000 0.940412 323.795027
 336.000000 0.933290 323.792580
 337.000000 0.930037 323.767869
 338.000000 0.935282 323.797889
 339.000000 0.939608 323.796765
 340.000000 0.935180 323.781022
 341.000000 0.942801 323.816156
 342.000000 0.923088 323.745148
 343.000000 0.932693 323.772065
 344.000000 0.939934 323.805091
 345.000000 0.937705 323.795760
 346.000000 0.935538 323.802543
 347.000000 0.936245 323.787435
 348.000000 0.932629 323.782353
 349.000000 0.936884 323.783975
 350.000000 0.938840 323.787287
 351.000000 0.946855 323.823171
 352.000000 0.931862 323.788908
 353.000000 0.934206 323.792017
 354.000000 0.929550 323.780975
 355.000000 0.940471 323.819028
 356.000000 0.924601 323.755303
 357.000000 0.938434 323.804959
 358.000000 0.930971 323.774027
 359.000000 0.938199 323.799918
 360.000000 0.934734 323.786497
 361.000000 0.942679 323.819914
 362.000000 0.940059 323.811517
 363.000000 0.937901 323.800292
 364.000000 0.934648 323.789771
 365.000000 0.936820 323.797658
 366.000000 0.949225 323.837316
 367.000000 0.938917 323.806955
 368.000000 0.937738 323.803473
 369.000000 0.934496 323.795501
 370.000000 0.938166 323.812818
 371.000000 0.937321 323.797499
 372.000000 0.934456 323.788977
 373.000000 0.935638 323.792403
 374.000000 0.927315 323.762723
 375.000000 0.933437 323.791740
 376.000000 0.935034 323.788431
 377.000000 0.937398 323.795676
 378.000000 0.934295 323.781296
 379.000000 0.935028 323.797242
 380.000000 0.936741 323.806118
 381.000000 0.933420 323.782529
 382.000000 0.938639 323.800667
 383.000000 0.937605 323.805164
 384.000000 0.929965 323.788879
 385.000000 0.923087 323.702719
 386.000000 0.935290 323.783211
 387.000000 0.920587 323.734222
 388.000000 0.925568 323.745433
 389.000000 0.931107 323.706959
 390.000000 0.942457 323.819037
 391.000000 0.927020 323.758943
 392.000000 0.932877 323.777885
 393.000000 0.932483 323.787155
 394.000000 0.927442 323.752561
 395.000000 0.938897 323.795095
 396.000000 0.939311 323.807282
 397.000000 0.930955 323.713592
 398.000000 0.925024 323.753067
 399.000000 0.932629 323.735024
 400.000000 0.938904 323.801563
 401.000000 0.938986 323.812279
 402.000000 0.939239 323.810037
 403.000000 0.932910 323.777758
 404.000000 0.930869 323.770285
 405.000000 0.939946 323.809200
 406.000000 0.940482 323.813017
 407.000000 0.936565 323.800207
 408.000000 0.926738 323.766657
 409.000000 0.942549 323.817541
 410.000000 0.933221 323.784676
 411.000000 0.927940 323.744992
 412.000000 0.935732 323.799911
 413.000000 0.936450 323.784576
 414.000000 0.937265 323.796591
 415.000000 0.932831 323.786002
 416.000000 0.939327 323.811421
 417.000000 0.931513 323.771425
 418.000000 0.939308 323.780610
 419.000000 0.935016 323.799055
 420.000000 0.933913 323.797798
 421.000000 0.935172 323.769358
 422.000000 0.938559 323.803947
 423.000000 0.936890 323.800660
 424.000000 0.928944 323.726871
 425.000000 0.926902 323.755859
 426.000000 0.931098 323.787436
 427.000000 0.938729 323.787412
 428.000000 0.934843 323.795648
 429.000000 0.929244 323.775424
 430.000000 0.940192 323.814766
 431.000000 0.924693 323.735850
 432.000000 0.932554 323.777961
 433.000000 0.939195 323.807153
 434.000000 0.937400 323.782972
 435.000000 0.932079 323.763556
 436.000000 0.932883 323.781491
 437.000000 0.939178 323.811268
 438.000000 0.932805 323.793516
 439.000000 0.938829 323.809857
 440.000000 0.938494 323.802346
 441.000000 0.940013 323.800877
 442.000000 0.928939 323.771398
 443.000000 0.940252 323.809478
 444.000000 0.928952 323.762891
 445.000000 0.932540 323.786623
 446.000000 0.938310 323.803275
 447.000000 0.923927 323.732203
 448.000000 0.927128 323.763406
 449.000000 0.925221 323.671866
 450.000000 0.936258 323.794360
 451.000000 0.925131 323.741960
 452.000000 0.928586 323.776917
 453.000000 0.935425 323.787722
 454.000000 0.934667 323.795485
 455.000000 0.944131 323.824491
 456.000000 0.929232 323.758238
 457.000000 0.927972 323.756461
 458.000000 0.929955 323.774620
 459.000000 0.930723 323.775654
 460.000000 0.922220 323.719913
