# Time-averaged data for fix AVG
# TimeStep v_Vol v_H
4750000 8.67107 2.02513
4751000 8.75862 -3.59273
4752000 8.59691 -3.39306
4753000 8.57868 -3.5159
4754000 8.57076 -3.57292
4755000 8.5763 -3.34544
4756000 8.59823 -3.40566
4757000 8.48518 -3.29203
4758000 8.52016 -3.29168
4759000 8.52194 -3.29382
4760000 8.58641 -3.31881
4761000 8.44914 -3.2575
4762000 8.59873 -3.42507
4763000 8.49731 -3.26836
4764000 8.57095 -3.60175
4765000 8.58301 -3.46618
4766000 8.58606 -3.40085
4767000 8.53985 -3.2066
4768000 8.40635 -3.41699
4769000 8.48936 -3.28985
4770000 8.44205 -3.18926
4771000 8.48202 -3.38381
4772000 8.53232 -3.38382
4773000 8.46162 -3.1855
4774000 8.65083 -3.59021
4775000 8.57673 -3.62041
4776000 8.54594 -3.406
4777000 8.47866 -3.16581
4778000 8.5305 -3.30387
4779000 8.58587 -3.57297
4780000 8.69325 -3.42241
4781000 8.64204 -3.30546
4782000 8.68127 -3.52216
4783000 8.60388 -3.44315
4784000 8.57433 -3.38646
4785000 8.53637 -3.29389
4786000 8.70296 -3.52754
4787000 8.72242 -3.52555
4788000 8.56915 -3.37994
4789000 8.49534 -3.38927
4790000 8.4278 -3.3996
4791000 8.53849 -3.37828
4792000 8.55251 -3.52473
4793000 8.4553 -3.47327
4794000 8.57327 -3.36282
4795000 8.59027 -3.40895
4796000 8.57029 -3.36183
4797000 8.53723 -3.43964
4798000 8.60391 -3.38181
4799000 8.60608 -3.33339
4800000 8.55452 -3.46722
4801000 8.60712 -3.43246
4802000 8.56161 -3.6942
4803000 8.491 -3.51806
4804000 8.43332 -3.39764
4805000 8.48562 -3.30851
4806000 8.4444 -3.36741
4807000 8.48734 -3.48487
4808000 8.46909 -3.63425
4809000 8.40195 -3.33663
4810000 8.49882 -3.65347
4811000 8.51158 -3.55683
4812000 8.58637 -3.74005
4813000 8.58102 -3.50141
4814000 8.55863 -3.73214
4815000 8.49385 -3.64879
4816000 8.47631 -3.30644
4817000 8.4271 -3.42034
4818000 8.50869 -3.29994
4819000 8.36498 -3.38354
4820000 8.46622 -3.72069
4821000 8.31911 -3.41701
4822000 8.28659 -3.27706
4823000 8.36239 -3.51681
4824000 8.32547 -3.338
4825000 8.52664 -3.66556
4826000 8.54945 -3.66342
4827000 8.41934 -3.44802
4828000 8.53335 -3.45597
4829000 8.39745 -3.07009
4830000 8.57351 -3.36345
4831000 8.51936 -3.5076
4832000 8.47176 -3.5724
4833000 8.43883 -3.39873
4834000 8.51371 -3.62816
4835000 8.4431 -3.36836
4836000 8.37623 -3.51258
4837000 8.36714 -3.51697
4838000 8.45054 -3.26069
4839000 8.52305 -3.5313
4840000 8.58875 -3.47085
4841000 8.51683 -3.3931
4842000 8.6434 -3.49396
4843000 8.46353 -3.32547
4844000 8.59579 -3.652
4845000 8.49888 -3.34857
4846000 8.58457 -3.37418
4847000 8.4544 -3.26235
4848000 8.45999 -3.64065
4849000 8.57538 -3.65444
4850000 8.39577 -3.28725
4851000 8.42866 -3.57112
4852000 8.51105 -3.31254
4853000 8.46602 -3.47157
4854000 8.33381 -3.40023
4855000 8.46595 -3.39084
4856000 8.37845 -3.45102
4857000 8.45952 -3.4273
4858000 8.5682 -3.68279
4859000 8.41529 -3.22233
4860000 8.45049 -3.34392
4861000 8.53786 -3.29169
4862000 8.60534 -3.4918
4863000 8.45972 -3.35169
4864000 8.6088 -3.26819
4865000 8.61445 -3.14273
4866000 8.71268 -3.55257
4867000 8.63096 -3.47922
4868000 8.55407 -3.42505
4869000 8.55439 -3.31812
4870000 8.48638 -3.31939
4871000 8.53069 -3.415
4872000 8.47987 -3.28715
4873000 8.53021 -3.53344
4874000 8.53141 -3.60638
4875000 8.60337 -3.41022
4876000 8.49961 -3.34828
4877000 8.46398 -3.29179
4878000 8.49603 -3.25943
4879000 8.58606 -3.38806
4880000 8.53609 -3.58757
4881000 8.48843 -3.4961
4882000 8.72973 -3.57468
4883000 8.53893 -3.43832
4884000 8.48846 -3.40654
4885000 8.71866 -3.77284
4886000 8.66845 -3.42447
4887000 8.6699 -3.54207
4888000 8.56143 -3.31644
4889000 8.59449 -3.35905
4890000 8.6915 -3.48793
4891000 8.45063 -3.27271
4892000 8.53601 -3.26358
4893000 8.70861 -3.53066
4894000 8.49797 -3.42297
4895000 8.61152 -3.53983
4896000 8.4933 -3.50912
4897000 8.54682 -3.61803
4898000 8.51315 -3.5022
4899000 8.56816 -3.34873
4900000 8.47242 -3.34515
4901000 8.63411 -3.56561
4902000 8.53789 -3.36705
4903000 8.5865 -3.45645
4904000 8.39525 -3.193
4905000 8.46455 -3.47844
4906000 8.54519 -3.4196
4907000 8.50438 -3.42851
4908000 8.42564 -3.38898
4909000 8.43115 -3.4115
4910000 8.46274 -3.27787
4911000 8.57007 -3.51421
4912000 8.57028 -3.37997
4913000 8.46499 -3.22165
4914000 8.50286 -3.24549
4915000 8.58825 -3.42186
4916000 8.59689 -3.32051
4917000 8.57756 -3.5828
4918000 8.54134 -3.46908
4919000 8.61723 -3.53689
4920000 8.62655 -3.60907
4921000 8.58257 -3.47399
4922000 8.59008 -3.46969
4923000 8.50293 -3.43283
4924000 8.62085 -3.65135
4925000 8.61472 -3.30905
4926000 8.58936 -3.34513
4927000 8.64122 -3.25896
4928000 8.44361 -3.13028
4929000 8.64383 -3.38243
4930000 8.57497 -3.48863
4931000 8.6589 -3.43807
4932000 8.71338 -3.37897
4933000 8.58649 -3.19096
4934000 8.56194 -3.54301
4935000 8.74437 -3.34422
4936000 8.64974 -3.38779
4937000 8.56531 -3.32031
4938000 8.58465 -3.36763
4939000 8.50112 -3.55371
4940000 8.65094 -3.5002
4941000 8.49819 -3.5203
4942000 8.37285 -3.31177
4943000 8.51796 -3.39606
4944000 8.52287 -3.32554
4945000 8.55303 -3.4994
4946000 8.60371 -3.27444
4947000 8.49512 -3.29068
4948000 8.47526 -3.13302
4949000 8.54757 -3.29741
4950000 8.54155 -3.37531
4951000 8.58878 -3.4576
4952000 8.55342 -3.49841
4953000 8.523 -3.40727
4954000 8.57017 -3.58982
4955000 8.54695 -3.49933
4956000 8.58351 -3.57299
4957000 8.54799 -3.35028
4958000 8.46068 -3.27434
4959000 8.48488 -3.36964
4960000 8.53445 -3.30939
4961000 8.44222 -3.3658
4962000 8.50979 -3.45986
4963000 8.44086 -3.31682
4964000 8.49676 -3.46775
4965000 8.50844 -3.80254
4966000 8.55817 -3.33915
4967000 8.63198 -3.4893
4968000 8.62938 -3.37506
4969000 8.73534 -3.2987
4970000 8.6572 -3.56692
4971000 8.55699 -3.30521
4972000 8.61765 -3.52967
4973000 8.71179 -3.52074
4974000 8.59397 -3.29758
4975000 8.51565 -3.35653
4976000 8.55714 -3.5895
4977000 8.67536 -3.36812
4978000 8.48435 -3.42605
4979000 8.53359 -3.18045
4980000 8.57284 -3.3297
4981000 8.5632 -3.3438
4982000 8.47721 -3.23315
4983000 8.4689 -3.33203
4984000 8.54489 -3.61193
4985000 8.64767 -3.67611
4986000 8.63812 -3.53681
4987000 8.56626 -3.431
4988000 8.619 -3.3426
4989000 8.64755 -3.49879
4990000 8.58854 -3.50415
4991000 8.60079 -3.50353
4992000 8.56763 -3.21066
4993000 8.70378 -3.51424
4994000 8.58401 -3.39328
4995000 8.71409 -3.43159
4996000 8.59583 -3.59095
4997000 8.47403 -3.29304
4998000 8.61054 -3.36344
4999000 8.55417 -3.40148
5000000 8.4977 -3.35458
