# Time-averaged data for fix AVG
# TimeStep v_Vol v_H
44750000 8.39851 1.43222
44751000 8.42751 -5.04239
44752000 8.40229 -5.03185
44753000 8.38002 -4.98692
44754000 8.43386 -5.0299
44755000 8.36751 -4.94987
44756000 8.38038 -4.99789
44757000 8.40832 -5.03166
44758000 8.41261 -5.02089
44759000 8.41123 -5.04296
44760000 8.38942 -5.01085
44761000 8.41317 -5.01946
44762000 8.41372 -4.99189
44763000 8.4291 -5.01905
44764000 8.41284 -5.04037
44765000 8.39294 -5.00585
44766000 8.40881 -4.95732
44767000 8.40356 -5.02339
44768000 8.43204 -5.05069
44769000 8.38375 -4.99191
44770000 8.38766 -4.92836
44771000 8.43898 -5.03875
44772000 8.40022 -4.9665
44773000 8.38367 -4.98026
44774000 8.36447 -4.88746
44775000 8.40286 -4.95591
44776000 8.3897 -4.98702
44777000 8.40435 -5.00178
44778000 8.39172 -4.98877
44779000 8.3955 -5.02405
44780000 8.40554 -5.0181
44781000 8.41483 -5.05483
44782000 8.40389 -5.0288
44783000 8.39136 -5.00949
44784000 8.41804 -5.09793
44785000 8.39527 -5.00709
44786000 8.40575 -5.06171
44787000 8.41132 -5.06809
44788000 8.4087 -5.04723
44789000 8.41246 -5.06215
44790000 8.40672 -5.04569
44791000 8.38856 -4.99681
44792000 8.38533 -4.89545
44793000 8.39474 -4.98937
44794000 8.38591 -4.97397
44795000 8.39991 -4.98862
44796000 8.40597 -5.02635
44797000 8.41656 -5.0103
44798000 8.40628 -5.03138
44799000 8.37184 -4.99589
44800000 8.39261 -5.00887
44801000 8.39166 -4.95903
44802000 8.40499 -5.02017
44803000 8.40508 -5.04189
44804000 8.43275 -5.04623
44805000 8.43073 -5.05497
44806000 8.40278 -5.00713
44807000 8.38328 -4.97272
44808000 8.3926 -5.00231
44809000 8.37238 -4.99914
44810000 8.40589 -5.01877
44811000 8.4238 -5.0667
44812000 8.39006 -4.9755
44813000 8.40072 -5.01482
44814000 8.41688 -5.00927
44815000 8.39923 -4.99467
44816000 8.37272 -4.94369
44817000 8.40136 -5.03767
44818000 8.39547 -5.00125
44819000 8.40563 -4.97026
44820000 8.39467 -4.96332
44821000 8.40225 -4.99653
44822000 8.38924 -5.01478
44823000 8.39833 -5.05826
44824000 8.39744 -4.97918
44825000 8.42284 -5.02091
44826000 8.42051 -5.08351
44827000 8.37791 -5.00765
44828000 8.40319 -4.9214
44829000 8.39146 -4.99703
44830000 8.41755 -5.04449
44831000 8.39094 -4.94656
44832000 8.38755 -5.02441
44833000 8.38535 -5.02825
44834000 8.38959 -4.99782
44835000 8.40958 -5.0427
44836000 8.38542 -5.00252
44837000 8.38 -5.00702
44838000 8.40228 -5.0156
44839000 8.41415 -5.0366
44840000 8.41978 -5.06246
44841000 8.3647 -5.01406
44842000 8.37572 -4.95438
44843000 8.40526 -4.99562
44844000 8.39837 -5.00447
44845000 8.38932 -5.00668
44846000 8.41968 -5.0781
44847000 8.37708 -4.99916
44848000 8.38831 -4.9423
44849000 8.37724 -4.96387
44850000 8.37976 -5.00994
44851000 8.41907 -5.07747
44852000 8.39842 -5.02289
44853000 8.41402 -5.03565
44854000 8.43377 -5.10926
44855000 8.37355 -4.99109
44856000 8.38924 -5.02824
44857000 8.42664 -5.04652
44858000 8.38123 -4.97463
44859000 8.39428 -4.99048
44860000 8.4068 -5.07676
44861000 8.39579 -4.971
44862000 8.39573 -4.98299
44863000 8.39275 -5.00681
44864000 8.37983 -5.02325
44865000 8.4017 -5.0221
44866000 8.40891 -5.00741
44867000 8.38772 -5.0593
44868000 8.38146 -4.96251
44869000 8.4118 -5.03786
44870000 8.39437 -5.00234
44871000 8.43026 -5.05437
44872000 8.39479 -5.01409
44873000 8.40623 -5.01351
44874000 8.40252 -4.98881
44875000 8.39132 -5.03055
44876000 8.38334 -5.00261
44877000 8.41992 -5.06328
44878000 8.41348 -5.05298
44879000 8.40387 -5.00188
44880000 8.39282 -5.04104
44881000 8.43325 -5.08158
44882000 8.39115 -5.00636
44883000 8.37673 -5.01223
44884000 8.41284 -4.9852
44885000 8.39804 -5.01312
44886000 8.40219 -4.97406
44887000 8.37467 -4.9329
44888000 8.3817 -4.98589
44889000 8.39715 -5.04971
44890000 8.38885 -4.91598
44891000 8.38659 -4.97325
44892000 8.38829 -4.97777
44893000 8.39933 -5.01461
44894000 8.39578 -5.01355
44895000 8.39152 -5.02073
44896000 8.38392 -4.97027
44897000 8.3922 -5.05187
44898000 8.42012 -5.07034
44899000 8.43115 -5.05382
44900000 8.40182 -5.04887
44901000 8.39186 -5.00888
44902000 8.43007 -5.08687
44903000 8.4262 -5.01263
44904000 8.39286 -5.01218
44905000 8.38032 -4.96025
44906000 8.39423 -4.99131
44907000 8.45132 -5.15941
44908000 8.38289 -4.99091
44909000 8.3788 -5.00312
44910000 8.41313 -5.04216
44911000 8.41191 -5.01997
44912000 8.40512 -5.08945
44913000 8.40971 -5.00773
44914000 8.39798 -4.95103
44915000 8.39705 -4.92158
44916000 8.42703 -5.0334
44917000 8.3986 -5.01967
44918000 8.39203 -4.97414
44919000 8.41266 -5.00567
44920000 8.38881 -5.00175
44921000 8.39366 -5.02484
44922000 8.41176 -4.96776
44923000 8.41137 -5.05554
44924000 8.41679 -5.03834
44925000 8.41517 -4.99419
44926000 8.37196 -4.98295
44927000 8.36831 -4.96052
44928000 8.40551 -5.02353
44929000 8.41664 -5.008
44930000 8.40601 -5.03952
44931000 8.37966 -4.97334
44932000 8.39425 -5.0151
44933000 8.38331 -5.01725
44934000 8.38316 -4.99835
44935000 8.39555 -4.99475
44936000 8.40978 -5.02319
44937000 8.40856 -4.99949
44938000 8.39791 -5.01379
44939000 8.4189 -5.04398
44940000 8.43644 -5.05208
44941000 8.38227 -4.98542
44942000 8.41515 -5.00238
44943000 8.37184 -4.97542
44944000 8.36872 -4.93925
44945000 8.4208 -5.02577
44946000 8.38399 -5.00327
44947000 8.38147 -5.00129
44948000 8.42515 -5.06441
44949000 8.41993 -5.04785
44950000 8.38862 -5.06103
44951000 8.41703 -5.04063
44952000 8.38536 -4.97572
44953000 8.37576 -4.97565
44954000 8.39092 -5.0174
44955000 8.40497 -5.06175
44956000 8.39777 -5.06101
44957000 8.40398 -4.98616
44958000 8.42439 -5.01831
44959000 8.39777 -4.9996
44960000 8.3923 -5.00016
44961000 8.41634 -5.00247
44962000 8.39658 -4.98697
44963000 8.4006 -4.99141
44964000 8.39464 -5.00496
44965000 8.40862 -5.05976
44966000 8.42015 -5.07231
44967000 8.3649 -5.01196
44968000 8.39277 -5.01825
44969000 8.44019 -5.09827
44970000 8.41795 -5.06215
44971000 8.38468 -4.9619
44972000 8.40691 -5.00017
44973000 8.40401 -5.02094
44974000 8.41065 -5.02643
44975000 8.41029 -4.98965
44976000 8.38976 -5.01057
44977000 8.42145 -4.97864
44978000 8.42751 -5.00726
44979000 8.40434 -4.99744
44980000 8.38324 -4.95218
44981000 8.40603 -5.02364
44982000 8.4088 -5.05586
44983000 8.406 -5.01049
44984000 8.40552 -5.0315
44985000 8.38819 -4.96792
44986000 8.39786 -4.95815
44987000 8.39675 -4.95263
44988000 8.38084 -5.04442
44989000 8.37961 -5.0122
44990000 8.4013 -5.00814
44991000 8.42014 -5.07682
44992000 8.38497 -5.00071
44993000 8.4301 -5.11372
44994000 8.39345 -5.0355
44995000 8.38684 -4.95851
44996000 8.44703 -5.05898
44997000 8.41739 -5.06438
44998000 8.39878 -4.99133
44999000 8.40115 -4.99774
45000000 8.37574 -4.98312
