#! FIELDS time refcv.mean refcv.morethan
 0.000000 0.181017 0.036855
 1.000000 0.201958 0.123735
 2.000000 0.194738 0.049163
 3.000000 0.199796 0.039124
 4.000000 0.205384 0.078779
 5.000000 0.208566 0.084375
 6.000000 0.213240 0.118774
 7.000000 0.214279 0.159518
 8.000000 0.212102 0.148512
 9.000000 0.211732 0.327357
 10.000000 0.217936 0.201682
 11.000000 0.209762 0.096859
 12.000000 0.208657 0.156214
 13.000000 0.213512 0.171268
 14.000000 0.222767 0.662484
 15.000000 0.214766 0.253124
 16.000000 0.225833 0.286784
 17.000000 0.213903 0.234884
 18.000000 0.219368 0.304148
 19.000000 0.214461 0.249261
 20.000000 0.213869 0.425854
 21.000000 0.215222 0.110193
 22.000000 0.217129 0.247145
 23.000000 0.211992 0.156319
 24.000000 0.210449 0.088464
 25.000000 0.211166 0.124696
 26.000000 0.207568 0.087230
 27.000000 0.216966 0.191142
 28.000000 0.216962 0.205906
 29.000000 0.214898 0.554273
 30.000000 0.220895 0.334798
 31.000000 0.210152 0.078736
 32.000000 0.214190 0.383481
 33.000000 0.214173 0.137246
 34.000000 0.209165 0.166848
 35.000000 0.213892 0.127750
 36.000000 0.213045 0.326605
 37.000000 0.215253 0.397349
 38.000000 0.214364 0.183970
 39.000000 0.208670 0.108976
 40.000000 0.209792 0.139271
 41.000000 0.208291 0.090611
 42.000000 0.214374 0.188900
 43.000000 0.214416 0.335059
 44.000000 0.204552 0.109492
 45.000000 0.218313 0.178215
 46.000000 0.215027 0.191699
 47.000000 0.209287 0.057506
 48.000000 0.211336 0.102105
 49.000000 0.214269 0.072398
 50.000000 0.209703 0.117204
 51.000000 0.215187 0.187513
 52.000000 0.214766 0.566063
 53.000000 0.210408 0.169529
 54.000000 0.208931 0.077411
 55.000000 0.208602 0.091807
 56.000000 0.219806 0.166188
 57.000000 0.211081 0.216165
 58.000000 0.213589 0.276864
 59.000000 0.215673 0.360984
 60.000000 0.215255 0.179450
 61.000000 0.213627 0.136714
 62.000000 0.207408 0.060076
 63.000000 0.212809 0.228657
 64.000000 0.213350 0.208717
 65.000000 0.210773 0.263233
 66.000000 0.213986 0.438337
 67.000000 0.216300 0.459998
 68.000000 0.213206 0.272733
 69.000000 0.216090 0.233285
 70.000000 0.212236 0.140639
 71.000000 0.213603 0.278208
 72.000000 0.212550 0.311594
 73.000000 0.211280 0.125632
 74.000000 0.217466 0.729843
 75.000000 0.216751 0.094066
 76.000000 0.212996 0.156250
 77.000000 0.212006 0.145326
 78.000000 0.215152 0.240430
 79.000000 0.219669 0.259597
 80.000000 0.213192 0.139593
 81.000000 0.215304 0.608182
 82.000000 0.217421 0.401922
 83.000000 0.215338 0.111070
 84.000000 0.205956 0.049610
 85.000000 0.209248 0.072800
 86.000000 0.220473 0.349351
 87.000000 0.211605 0.213603
 88.000000 0.214337 0.148961
 89.000000 0.212378 0.100051
 90.000000 0.217570 0.277055
 91.000000 0.214666 0.197612
 92.000000 0.214958 0.388219
 93.000000 0.218235 0.161302
 94.000000 0.220011 0.421602
 95.000000 0.210788 0.127031
 96.000000 0.215294 0.095342
 97.000000 0.208698 0.155523
 98.000000 0.209526 0.127491
 99.000000 0.204953 0.256973
 100.000000 0.210129 0.502733
 101.000000 0.208724 0.260993
 102.000000 0.210400 0.351546
 103.000000 0.208661 0.327880
 104.000000 0.213316 0.249959
 105.000000 0.207675 0.087862
 106.000000 0.214939 0.196789
 107.000000 0.207224 0.086151
 108.000000 0.222863 0.257668
 109.000000 0.213054 0.230370
 110.000000 0.211799 0.328897
 111.000000 0.212042 0.237998
 112.000000 0.212779 0.148517
 113.000000 0.210645 0.121977
 114.000000 0.208076 0.224426
 115.000000 0.210082 0.102623
 116.000000 0.211911 0.139178
 117.000000 0.207680 0.061912
 118.000000 0.208528 0.111327
 119.000000 0.210167 0.201934
 120.000000 0.205428 0.083039
 121.000000 0.213454 0.126737
 122.000000 0.206368 0.080653
 123.000000 0.213837 0.229321
 124.000000 0.209507 0.121073
 125.000000 0.213700 0.186046
 126.000000 0.207522 0.148272
 127.000000 0.210849 0.116074
 128.000000 0.203560 0.079771
 129.000000 0.204341 0.128403
 130.000000 0.211337 0.140605
 131.000000 0.208774 0.084598
 132.000000 0.211688 0.154809
 133.000000 0.209204 0.178721
 134.000000 0.209757 0.123904
 135.000000 0.210632 0.156545
 136.000000 0.214014 0.137469
 137.000000 0.209468 0.202408
 138.000000 0.209256 0.195748
 139.000000 0.209202 0.122859
 140.000000 0.210243 0.126448
 141.000000 0.211259 0.443434
 142.000000 0.211990 0.206278
 143.000000 0.212277 0.172436
 144.000000 0.213852 0.126699
 145.000000 0.216303 0.166269
 146.000000 0.207802 0.113128
 147.000000 0.204460 0.070189
 148.000000 0.218845 0.343609
 149.000000 0.211138 0.107067
 150.000000 0.211827 0.116352
 151.000000 0.208378 0.229905
 152.000000 0.218797 0.304410
 153.000000 0.217395 0.255685
 154.000000 0.214098 0.126114
 155.000000 0.216961 0.268002
 156.000000 0.212218 0.100417
 157.000000 0.209582 0.058699
 158.000000 0.213816 0.170828
 159.000000 0.208378 0.099369
 160.000000 0.211613 0.121240
 161.000000 0.214419 0.127089
 162.000000 0.206364 0.087733
 163.000000 0.209742 0.085870
 164.000000 0.208826 0.077706
 165.000000 0.214437 0.205737
 166.000000 0.206598 0.077143
 167.000000 0.210820 0.105124
 168.000000 0.208818 0.058383
 169.000000 0.210661 0.243751
 170.000000 0.211049 0.109862
 171.000000 0.204120 0.056277
 172.000000 0.211106 0.115400
 173.000000 0.208807 0.077619
 174.000000 0.209535 0.079216
 175.000000 0.207914 0.101991
 176.000000 0.213917 0.101933
 177.000000 0.210536 0.147699
 178.000000 0.209182 0.114144
 179.000000 0.213975 0.119953
 180.000000 0.211172 0.133043
 181.000000 0.207579 0.096293
 182.000000 0.209654 0.140132
 183.000000 0.203981 0.105460
 184.000000 0.206092 0.144272
 185.000000 0.202887 0.037432
 186.000000 0.209576 0.137147
 187.000000 0.210281 0.204330
 188.000000 0.212520 0.165991
 189.000000 0.207048 0.060402
 190.000000 0.206401 0.113378
 191.000000 0.210185 0.098814
 192.000000 0.209626 0.157049
 193.000000 0.206472 0.118060
 194.000000 0.205483 0.140597
 195.000000 0.212588 0.170296
 196.000000 0.212497 0.125467
 197.000000 0.210330 0.259445
 198.000000 0.206694 0.164348
 199.000000 0.209765 0.135533
 200.000000 0.208544 0.177419
 201.000000 0.206580 0.083164
 202.000000 0.214016 0.296050
 203.000000 0.208854 0.246083
 204.000000 0.208185 0.070579
 205.000000 0.212143 0.135628
 206.000000 0.210753 0.173924
 207.000000 0.217359 0.366242
 208.000000 0.213292 0.106581
 209.000000 0.216311 0.269865
 210.000000 0.211731 0.930733
 211.000000 0.212455 0.110148
 212.000000 0.217323 0.118784
 213.000000 0.215008 0.110701
 214.000000 0.207212 0.055893
 215.000000 0.210796 0.118453
 216.000000 0.210156 0.183982
 217.000000 0.212055 0.121659
 218.000000 0.210725 0.064530
 219.000000 0.214941 0.124142
 220.000000 0.209661 0.069720
 221.000000 0.211560 0.097431
 222.000000 0.220105 0.250952
 223.000000 0.216146 0.164358
 224.000000 0.215818 0.235640
 225.000000 0.211358 0.127264
 226.000000 0.223089 0.261851
 227.000000 0.214912 0.380724
 228.000000 0.217049 0.124227
 229.000000 0.213966 0.112629
 230.000000 0.216558 0.369051
 231.000000 0.219312 0.308943
 232.000000 0.216783 0.088823
 233.000000 0.211511 0.314019
 234.000000 0.210025 0.089537
 235.000000 0.208327 0.077248
 236.000000 0.211802 0.139520
 237.000000 0.210939 0.150602
 238.000000 0.217706 0.164060
 239.000000 0.214412 0.107394
 240.000000 0.211328 0.231131
 241.000000 0.221507 0.210391
 242.000000 0.214126 0.111483
 243.000000 0.208428 0.148499
 244.000000 0.211351 0.062008
 245.000000 0.215852 0.159461
 246.000000 0.213596 0.145305
 247.000000 0.214284 0.275712
 248.000000 0.214757 0.149043
 249.000000 0.213724 0.106948
 250.000000 0.205696 0.059021
 251.000000 0.215004 0.100694
 252.000000 0.213044 0.103875
 253.000000 0.208385 0.046396
 254.000000 0.209477 0.073190
 255.000000 0.213802 0.134507
 256.000000 0.208348 0.107676
 257.000000 0.217795 0.190951
 258.000000 0.213197 0.172672
 259.000000 0.215513 0.130537
 260.000000 0.209632 0.098814
 261.000000 0.210590 0.083733
 262.000000 0.207724 0.074383
 263.000000 0.208277 0.051938
 264.000000 0.210458 0.222141
 265.000000 0.208425 0.182002
 266.000000 0.206791 0.112971
 267.000000 0.212665 0.103787
 268.000000 0.208948 0.184858
 269.000000 0.211514 0.070683
 270.000000 0.202419 0.033773
 271.000000 0.208514 0.115544
 272.000000 0.206628 0.080593
 273.000000 0.210897 0.086556
 274.000000 0.212331 0.123411
 275.000000 0.210993 0.072193
 276.000000 0.214037 0.130086
 277.000000 0.212769 0.102969
 278.000000 0.211224 0.116736
 279.000000 0.212608 0.150809
 280.000000 0.213211 0.094464
 281.000000 0.210184 0.212201
 282.000000 0.206077 0.070322
 283.000000 0.208268 0.215544
 284.000000 0.210994 0.094350
 285.000000 0.209361 0.156558
 286.000000 0.211472 0.220296
 287.000000 0.210496 0.256303
 288.000000 0.210005 0.338181
 289.000000 0.206870 0.191486
 290.000000 0.207526 0.068900
 291.000000 0.209081 0.106141
 292.000000 0.208858 0.126504
 293.000000 0.208727 0.107553
 294.000000 0.215283 0.346815
 295.000000 0.214837 0.267559
 296.000000 0.218192 0.155410
 297.000000 0.212905 0.327769
 298.000000 0.216219 0.446386
 299.000000 0.216500 0.261324
 300.000000 0.218216 0.397995
 301.000000 0.216355 0.146887
 302.000000 0.213498 0.306256
 303.000000 0.219459 0.693568
 304.000000 0.217242 0.887376
 305.000000 0.218490 0.153394
 306.000000 0.216462 0.167289
 307.000000 0.222814 0.666182
 308.000000 0.214262 0.196954
 309.000000 0.216188 0.153711
 310.000000 0.219142 0.238129
 311.000000 0.224804 0.367746
 312.000000 0.223246 0.187282
 313.000000 0.218705 0.238925
 314.000000 0.220297 0.372677
 315.000000 0.221796 0.286667
 316.000000 0.221378 0.591234
 317.000000 0.218814 0.716893
 318.000000 0.216782 0.177279
 319.000000 0.225098 0.606395
 320.000000 0.222045 0.308837
 321.000000 0.220643 0.278496
 322.000000 0.217486 0.198679
 323.000000 0.227180 0.372578
 324.000000 0.222064 0.269388
 325.000000 0.220656 0.220892
 326.000000 0.220603 0.145502
 327.000000 0.227201 0.176173
 328.000000 0.217238 0.115648
 329.000000 0.223136 0.349572
 330.000000 0.225828 0.240673
 331.000000 0.219624 0.379902
 332.000000 0.220686 0.451477
 333.000000 0.220020 0.455116
 334.000000 0.220686 0.309374
 335.000000 0.223094 0.191047
 336.000000 0.216267 0.196093
 337.000000 0.219955 0.154020
 338.000000 0.222642 0.166405
 339.000000 0.223864 0.329913
 340.000000 0.220855 0.126720
 341.000000 0.224807 0.404512
 342.000000 0.218517 0.323982
 343.000000 0.217983 0.243050
 344.000000 0.210388 0.238473
 345.000000 0.215539 0.130137
 346.000000 0.215059 0.274715
 347.000000 0.220051 0.201154
 348.000000 0.213785 0.132368
 349.000000 0.218356 0.295977
 350.000000 0.219531 0.435894
 351.000000 0.219509 0.320729
 352.000000 0.216164 0.712858
 353.000000 0.216003 0.451931
 354.000000 0.214890 0.706406
 355.000000 0.218410 0.364741
 356.000000 0.212507 0.506875
 357.000000 0.213890 0.427548
 358.000000 0.218034 0.419983
 359.000000 0.210760 0.135479
 360.000000 0.212652 0.119395
 361.000000 0.217205 0.239195
 362.000000 0.216298 0.194337
 363.000000 0.212782 0.116409
 364.000000 0.214340 0.141321
 365.000000 0.208026 0.055380
 366.000000 0.213058 0.129849
 367.000000 0.209045 0.410083
 368.000000 0.207709 0.076943
 369.000000 0.204755 0.049722
 370.000000 0.206791 0.070944
 371.000000 0.214802 0.148037
 372.000000 0.212766 0.218119
 373.000000 0.212745 0.104987
 374.000000 0.213209 0.264387
 375.000000 0.208910 0.063205
 376.000000 0.211343 0.138584
 377.000000 0.211205 0.094339
 378.000000 0.214065 0.111900
 379.000000 0.211215 0.406698
 380.000000 0.213488 0.158343
 381.000000 0.212002 0.127930
 382.000000 0.213099 0.101222
 383.000000 0.210282 0.139390
 384.000000 0.213474 0.263146
 385.000000 0.214538 0.183989
 386.000000 0.208079 0.108916
 387.000000 0.213033 0.264302
 388.000000 0.208949 0.087244
 389.000000 0.205442 0.085900
 390.000000 0.207272 0.273942
 391.000000 0.213555 0.201929
 392.000000 0.210430 0.099008
 393.000000 0.210154 0.283072
 394.000000 0.215815 0.276649
 395.000000 0.214127 0.308196
 396.000000 0.211781 0.248491
 397.000000 0.215318 0.256412
 398.000000 0.207838 0.310119
 399.000000 0.211448 0.367610
 400.000000 0.204916 0.158606
 401.000000 0.205110 0.105492
 402.000000 0.206291 0.082160
 403.000000 0.208243 0.330904
 404.000000 0.205056 0.337344
 405.000000 0.210488 0.547797
 406.000000 0.210155 0.227834
 407.000000 0.210937 0.179817
 408.000000 0.212487 0.894312
 409.000000 0.215605 0.163673
 410.000000 0.210083 0.118187
 411.000000 0.215451 0.209165
 412.000000 0.215342 0.413514
 413.000000 0.212878 0.084216
 414.000000 0.205323 0.106005
 415.000000 0.218073 0.245041
 416.000000 0.215262 0.143104
 417.000000 0.212178 0.164257
 418.000000 0.218666 0.281381
 419.000000 0.216957 0.468122
 420.000000 0.209245 0.299379
 421.000000 0.208971 0.132709
 422.000000 0.204816 0.063416
 423.000000 0.211704 0.158631
 424.000000 0.210186 0.128241
 425.000000 0.209033 0.174484
 426.000000 0.212965 0.190585
 427.000000 0.214877 0.226502
 428.000000 0.212411 0.167310
 429.000000 0.214441 0.128337
 430.000000 0.211790 0.089396
 431.000000 0.219373 0.268129
 432.000000 0.215735 0.203455
 433.000000 0.215699 0.169466
 434.000000 0.213094 0.184598
 435.000000 0.216417 0.348551
 436.000000 0.219041 0.944763
 437.000000 0.217466 0.361717
 438.000000 0.212874 0.131945
 439.000000 0.212973 0.237167
 440.000000 0.216823 0.186039
 441.000000 0.215243 0.187832
 442.000000 0.216559 0.275804
 443.000000 0.216196 0.238705
 444.000000 0.211852 0.158621
 445.000000 0.214232 0.140298
 446.000000 0.213857 0.188723
 447.000000 0.215132 0.196491
 448.000000 0.211294 0.103778
 449.000000 0.216090 0.243497
 450.000000 0.210408 0.172389
 451.000000 0.212189 0.145891
 452.000000 0.212308 0.123065
 453.000000 0.211362 0.135847
 454.000000 0.211944 0.416784
 455.000000 0.209466 0.131394
 456.000000 0.210957 0.121336
 457.000000 0.216559 0.390490
 458.000000 0.218996 0.167257
 459.000000 0.210317 0.116708
 460.000000 0.212782 0.157122
 461.000000 0.216328 0.131156
 462.000000 0.210525 0.106399
 463.000000 0.210806 0.158957
 464.000000 0.211051 0.126004
 465.000000 0.208630 0.162774
 466.000000 0.220256 0.390003
 467.000000 0.209868 0.088401
 468.000000 0.214117 0.222108
 469.000000 0.206183 0.100662
 470.000000 0.212371 0.148292
 471.000000 0.208026 0.344584
 472.000000 0.209168 0.195487
 473.000000 0.210536 0.107604
 474.000000 0.208356 0.139502
 475.000000 0.208166 0.102590
 476.000000 0.212284 0.129027
 477.000000 0.205325 0.143371
 478.000000 0.210705 0.078373
 479.000000 0.210342 0.122032
 480.000000 0.213348 0.124041
 481.000000 0.213787 0.232293
 482.000000 0.215755 0.211508
 483.000000 0.213478 0.121016
 484.000000 0.216938 0.234920
 485.000000 0.210940 0.218969
 486.000000 0.214425 0.353055
 487.000000 0.216286 0.262442
 488.000000 0.205808 0.059825
 489.000000 0.213462 0.210699
 490.000000 0.208453 0.083968
 491.000000 0.208553 0.294901
 492.000000 0.208081 0.066734
 493.000000 0.213048 0.146973
 494.000000 0.212058 0.169548
 495.000000 0.214137 0.162897
 496.000000 0.209507 0.069811
 497.000000 0.212908 0.118486
 498.000000 0.220044 0.266554
 499.000000 0.208870 0.044994
 500.000000 0.211191 0.337911
 501.000000 0.214035 0.205704
 502.000000 0.211414 0.166306
 503.000000 0.220665 0.265579
 504.000000 0.212800 0.101092
 505.000000 0.214963 0.213679
 506.000000 0.220861 0.168591
 507.000000 0.217013 0.185590
 508.000000 0.217073 0.430893
 509.000000 0.214511 0.146976
 510.000000 0.215852 0.405175
 511.000000 0.219068 0.126324
 512.000000 0.223049 0.704039
 513.000000 0.219801 0.172117
 514.000000 0.217768 0.141877
 515.000000 0.219834 0.215359
 516.000000 0.215999 0.150349
 517.000000 0.218683 0.261597
 518.000000 0.212758 0.115464
 519.000000 0.210157 0.073073
 520.000000 0.215925 0.085683
 521.000000 0.215177 0.150204
 522.000000 0.213361 0.109355
 523.000000 0.214166 0.131959
 524.000000 0.215499 0.095053
 525.000000 0.216657 0.266713
 526.000000 0.213769 0.328656
 527.000000 0.208016 0.090882
 528.000000 0.210483 0.124026
 529.000000 0.211695 0.081201
 530.000000 0.211759 0.102912
 531.000000 0.214005 0.106081
 532.000000 0.211543 0.112618
 533.000000 0.206227 0.061385
 534.000000 0.214973 0.141414
 535.000000 0.215052 0.086075
 536.000000 0.215298 0.189098
 537.000000 0.209975 0.160633
 538.000000 0.210403 0.151214
 539.000000 0.214874 0.151930
 540.000000 0.215168 0.247099
 541.000000 0.218019 0.260207
 542.000000 0.214247 0.143505
 543.000000 0.217461 0.303902
 544.000000 0.215048 0.215361
 545.000000 0.213662 0.167588
 546.000000 0.210887 0.220683
 547.000000 0.217602 0.914790
 548.000000 0.216758 0.247337
 549.000000 0.218906 0.301542
 550.000000 0.212619 0.135646
 551.000000 0.216578 0.434524
 552.000000 0.212322 0.123734
 553.000000 0.213350 0.291480
 554.000000 0.207308 0.113598
 555.000000 0.207797 0.109089
 556.000000 0.209771 0.071755
 557.000000 0.212589 0.232437
 558.000000 0.208030 0.099296
 559.000000 0.211465 0.505882
 560.000000 0.213653 0.128591
 561.000000 0.210835 0.159885
 562.000000 0.211934 0.204104
 563.000000 0.216735 0.154683
 564.000000 0.210447 0.115643
 565.000000 0.208569 0.277902
 566.000000 0.210641 0.059536
 567.000000 0.208433 0.193174
 568.000000 0.211684 0.184548
 569.000000 0.214441 0.084462
 570.000000 0.215162 0.128167
 571.000000 0.207360 0.082413
 572.000000 0.215572 0.226887
 573.000000 0.209457 0.122401
 574.000000 0.215767 0.116508
 575.000000 0.208728 0.130994
 576.000000 0.211302 0.085117
 577.000000 0.217076 0.205551
 578.000000 0.212061 0.067909
 579.000000 0.215176 0.237730
 580.000000 0.208701 0.131204
 581.000000 0.217319 0.158884
 582.000000 0.208251 0.126958
 583.000000 0.211535 0.108154
 584.000000 0.208485 0.178823
 585.000000 0.209611 0.092422
 586.000000 0.213883 0.334375
 587.000000 0.214673 0.338450
 588.000000 0.210579 0.105786
 589.000000 0.215512 0.228364
 590.000000 0.212808 0.102922
 591.000000 0.209253 0.066550
 592.000000 0.210431 0.102621
 593.000000 0.207239 0.114441
 594.000000 0.212711 0.102202
 595.000000 0.205553 0.143791
 596.000000 0.208123 0.085727
 597.000000 0.211209 0.277071
 598.000000 0.209254 0.157532
 599.000000 0.208289 0.273572
 600.000000 0.207014 0.158372
 601.000000 0.218171 0.197301
 602.000000 0.214084 0.266354
 603.000000 0.210851 0.150090
 604.000000 0.214922 0.181053
 605.000000 0.213799 0.192586
 606.000000 0.214772 1.342001
 607.000000 0.217408 0.415732
 608.000000 0.214635 0.199127
 609.000000 0.218833 0.254927
 610.000000 0.212347 0.136016
 611.000000 0.215903 0.153511
 612.000000 0.215050 0.238885
 613.000000 0.213762 0.127573
 614.000000 0.210350 0.483764
 615.000000 0.217211 0.206324
 616.000000 0.214850 0.139146
 617.000000 0.218659 0.207686
 618.000000 0.219083 0.193583
 619.000000 0.222734 0.454971
 620.000000 0.223671 0.773352
 621.000000 0.214399 0.122954
 622.000000 0.216351 0.108907
 623.000000 0.216574 0.451577
 624.000000 0.206512 0.128476
 625.000000 0.221399 0.399541
 626.000000 0.216602 0.128833
 627.000000 0.221535 0.242911
 628.000000 0.217589 0.221885
 629.000000 0.216388 0.277888
 630.000000 0.213935 0.204736
 631.000000 0.216865 0.371120
 632.000000 0.215846 0.232347
 633.000000 0.215248 0.191803
 634.000000 0.213511 0.172102
 635.000000 0.221393 0.362447
 636.000000 0.216309 0.181953
 637.000000 0.218628 0.513110
 638.000000 0.218133 0.632267
 639.000000 0.216710 0.192946
 640.000000 0.213338 0.130329
 641.000000 0.213717 0.076299
 642.000000 0.214235 0.248868
 643.000000 0.213558 0.121386
 644.000000 0.211741 0.133333
 645.000000 0.211900 0.272894
 646.000000 0.218852 0.189502
 647.000000 0.214205 0.243934
 648.000000 0.220444 0.377346
 649.000000 0.215409 0.124714
 650.000000 0.211863 0.413984
 651.000000 0.211113 0.092459
 652.000000 0.213054 0.400861
 653.000000 0.213022 0.306633
 654.000000 0.207974 0.068063
 655.000000 0.212633 0.132382
 656.000000 0.214882 0.143202
 657.000000 0.212250 0.109683
 658.000000 0.218573 0.165479
 659.000000 0.207333 0.095662
 660.000000 0.217258 0.199554
 661.000000 0.218290 0.193566
 662.000000 0.210330 0.105982
 663.000000 0.210210 0.084993
 664.000000 0.212396 0.227505
 665.000000 0.209665 0.074047
 666.000000 0.210913 0.090607
 667.000000 0.211611 0.216421
 668.000000 0.213467 0.137860
 669.000000 0.213969 0.140196
 670.000000 0.212962 0.280987
 671.000000 0.212471 0.345952
 672.000000 0.208876 0.112177
 673.000000 0.214056 0.189552
 674.000000 0.212552 0.135262
 675.000000 0.214002 0.080550
 676.000000 0.215316 0.171786
 677.000000 0.217131 0.283442
 678.000000 0.210515 0.188641
 679.000000 0.209647 0.198413
 680.000000 0.213264 0.266109
 681.000000 0.218551 0.386439
 682.000000 0.216033 0.477112
 683.000000 0.222802 0.403536
 684.000000 0.219367 0.935841
 685.000000 0.220071 1.263153
 686.000000 0.220651 0.461505
 687.000000 0.217711 0.236736
 688.000000 0.221610 0.633936
 689.000000 0.229303 1.834437
 690.000000 0.221692 0.397938
 691.000000 0.223902 0.758828
 692.000000 0.217616 0.368895
 693.000000 0.215478 0.214734
 694.000000 0.227991 1.199081
 695.000000 0.215022 0.279119
 696.000000 0.218665 0.290809
 697.000000 0.215418 0.147466
 698.000000 0.219622 0.718835
 699.000000 0.214702 0.253625
 700.000000 0.218735 0.225496
 701.000000 0.218350 0.236091
 702.000000 0.218221 0.238385
 703.000000 0.209148 0.163599
 704.000000 0.217778 0.261683
 705.000000 0.209169 0.098428
 706.000000 0.227389 0.727014
 707.000000 0.226796 0.393040
 708.000000 0.219760 0.436099
 709.000000 0.219536 0.571770
 710.000000 0.220881 0.664400
 711.000000 0.216529 0.307713
 712.000000 0.216876 0.690202
 713.000000 0.219516 0.322684
 714.000000 0.222118 0.411796
 715.000000 0.211448 0.080698
 716.000000 0.217072 0.553814
 717.000000 0.218556 0.530866
 718.000000 0.216078 0.233794
 719.000000 0.214699 0.218121
 720.000000 0.212467 0.133591
 721.000000 0.220298 0.193092
 722.000000 0.217488 0.212985
 723.000000 0.216158 0.264435
 724.000000 0.212764 0.290692
 725.000000 0.210946 0.127668
 726.000000 0.211940 0.122428
 727.000000 0.213763 0.188847
 728.000000 0.216062 0.124033
 729.000000 0.214458 0.160196
 730.000000 0.214504 0.285632
 731.000000 0.220637 0.753746
 732.000000 0.210757 0.273076
 733.000000 0.217420 0.199896
 734.000000 0.213515 0.104750
 735.000000 0.209741 0.154605
 736.000000 0.213551 0.172481
 737.000000 0.215353 0.142800
 738.000000 0.214015 0.457572
 739.000000 0.216539 0.227598
 740.000000 0.215641 0.336735
 741.000000 0.214748 0.292387
 742.000000 0.214413 0.153634
 743.000000 0.211557 0.185603
 744.000000 0.213002 0.426852
 745.000000 0.212374 0.432327
 746.000000 0.218293 0.514742
 747.000000 0.215393 0.609702
 748.000000 0.223177 1.114407
 749.000000 0.207737 0.117718
 750.000000 0.219886 0.519982
 751.000000 0.217274 0.190113
 752.000000 0.219347 0.659633
 753.000000 0.222815 0.423010
 754.000000 0.218208 0.094859
 755.000000 0.227350 0.565820
 756.000000 0.217367 0.178380
 757.000000 0.222387 0.146422
 758.000000 0.213346 0.115714
 759.000000 0.218615 0.159907
 760.000000 0.215302 0.122317
 761.000000 0.215976 0.220294
 762.000000 0.218397 0.160796
 763.000000 0.216095 0.342425
 764.000000 0.214981 0.325942
 765.000000 0.213900 0.173164
 766.000000 0.223969 0.440994
 767.000000 0.219839 0.407703
 768.000000 0.216186 0.293954
 769.000000 0.216384 0.236666
 770.000000 0.212398 0.118814
 771.000000 0.217932 0.203700
 772.000000 0.219394 0.985177
 773.000000 0.215034 0.317796
 774.000000 0.218977 0.228147
 775.000000 0.216743 0.304928
 776.000000 0.218523 0.238053
 777.000000 0.215149 0.173472
 778.000000 0.214889 0.162985
 779.000000 0.216941 0.271772
 780.000000 0.220483 0.450568
 781.000000 0.213511 0.159738
 782.000000 0.212873 0.077876
 783.000000 0.217718 0.340573
 784.000000 0.217647 0.293469
 785.000000 0.216200 0.183854
 786.000000 0.213640 0.409960
 787.000000 0.211544 0.146894
 788.000000 0.217379 0.161661
 789.000000 0.215904 0.365447
 790.000000 0.214732 0.298319
 791.000000 0.212872 0.210515
 792.000000 0.213986 0.307602
 793.000000 0.208559 0.129017
 794.000000 0.212771 0.263959
 795.000000 0.203994 0.220183
 796.000000 0.216564 0.649121
 797.000000 0.209193 0.177463
 798.000000 0.210588 0.129548
 799.000000 0.205640 0.086239
 800.000000 0.205364 0.058483
 801.000000 0.209088 0.123091
 802.000000 0.205327 0.051754
 803.000000 0.205543 0.087633
 804.000000 0.208004 0.134080
 805.000000 0.204027 0.076789
 806.000000 0.214556 0.164688
 807.000000 0.214487 0.281409
 808.000000 0.210293 0.108959
 809.000000 0.207157 0.300891
 810.000000 0.207859 0.120012
 811.000000 0.210002 0.110051
 812.000000 0.213193 0.138193
 813.000000 0.213198 0.493039
 814.000000 0.210037 0.103823
 815.000000 0.208356 0.044453
 816.000000 0.210610 0.080982
 817.000000 0.207695 0.088349
 818.000000 0.210602 0.189006
 819.000000 0.211653 0.101726
 820.000000 0.209510 0.078495
 821.000000 0.208518 0.063612
 822.000000 0.205925 0.082493
 823.000000 0.202619 0.035968
 824.000000 0.206141 0.103597
 825.000000 0.201030 0.060586
 826.000000 0.208514 0.241167
 827.000000 0.208793 0.102946
 828.000000 0.208802 0.122849
 829.000000 0.213312 0.766642
 830.000000 0.216136 0.734682
 831.000000 0.217227 0.252947
 832.000000 0.208686 0.097145
 833.000000 0.213078 0.294254
 834.000000 0.209086 0.186507
 835.000000 0.211121 0.193357
 836.000000 0.208299 0.335793
 837.000000 0.212827 0.618636
 838.000000 0.218041 0.196285
 839.000000 0.217174 0.454107
 840.000000 0.210937 0.138017
 841.000000 0.213235 0.469818
 842.000000 0.205098 0.222301
 843.000000 0.211309 0.139195
 844.000000 0.211516 0.423351
 845.000000 0.216766 0.303738
 846.000000 0.213371 0.423757
 847.000000 0.216300 0.167731
 848.000000 0.212318 0.269962
 849.000000 0.210466 0.099896
 850.000000 0.207722 0.115256
 851.000000 0.206240 0.277039
 852.000000 0.216151 0.195351
 853.000000 0.207744 0.142633
 854.000000 0.214367 0.749490
 855.000000 0.205188 0.094222
 856.000000 0.211548 0.237097
 857.000000 0.207215 0.133307
 858.000000 0.207218 0.100593
 859.000000 0.209940 0.161343
 860.000000 0.213680 0.154544
 861.000000 0.209343 0.175093
 862.000000 0.210849 0.104677
 863.000000 0.213699 0.209596
 864.000000 0.210172 0.146593
 865.000000 0.213068 0.120807
 866.000000 0.212699 0.116796
 867.000000 0.214053 0.164072
 868.000000 0.211449 0.179787
 869.000000 0.207329 0.137624
 870.000000 0.206656 0.072623
 871.000000 0.209565 0.081810
 872.000000 0.210569 0.106007
 873.000000 0.209762 0.089209
 874.000000 0.203646 0.104167
 875.000000 0.211519 0.286137
 876.000000 0.208857 0.078614
 877.000000 0.213269 0.299192
 878.000000 0.206615 0.100832
 879.000000 0.212750 0.147122
 880.000000 0.202288 0.045559
 881.000000 0.204107 0.192137
 882.000000 0.206646 0.082373
 883.000000 0.205360 0.074396
 884.000000 0.203961 0.077608
 885.000000 0.205726 0.051127
 886.000000 0.211915 0.122048
 887.000000 0.201410 0.063785
 888.000000 0.205428 0.132522
 889.000000 0.205066 0.104576
 890.000000 0.206028 0.100175
 891.000000 0.202844 0.088690
 892.000000 0.209700 0.100504
 893.000000 0.207547 0.061460
 894.000000 0.203469 0.066205
 895.000000 0.204749 0.064611
 896.000000 0.208888 0.126625
 897.000000 0.213146 0.398304
 898.000000 0.213999 0.111275
 899.000000 0.210987 0.104260
 900.000000 0.211942 0.091834
 901.000000 0.212933 0.096656
 902.000000 0.215525 0.225931
 903.000000 0.214421 0.114782
 904.000000 0.212537 0.188831
 905.000000 0.215873 0.181860
 906.000000 0.218658 0.306307
 907.000000 0.211978 0.116569
 908.000000 0.210731 0.158676
 909.000000 0.219487 0.338569
 910.000000 0.216079 0.217443
 911.000000 0.211990 0.108866
 912.000000 0.208832 0.330121
 913.000000 0.216199 0.129839
 914.000000 0.216995 0.652998
 915.000000 0.214931 0.713653
 916.000000 0.211552 0.165190
 917.000000 0.216149 0.174343
 918.000000 0.216998 0.709846
 919.000000 0.215784 0.275088
 920.000000 0.211936 0.293004
 921.000000 0.207119 0.177617
 922.000000 0.218094 0.203025
 923.000000 0.219817 0.238192
 924.000000 0.215831 0.240500
 925.000000 0.209055 0.106023
 926.000000 0.211451 0.151970
 927.000000 0.215282 0.296933
 928.000000 0.212560 0.231004
 929.000000 0.215772 0.246904
 930.000000 0.212080 0.091888
 931.000000 0.207521 0.156421
 932.000000 0.207699 0.090070
 933.000000 0.214984 0.204781
 934.000000 0.207973 0.093077
 935.000000 0.211590 0.091913
 936.000000 0.207422 0.060455
 937.000000 0.208682 0.121439
 938.000000 0.209419 0.175023
 939.000000 0.214060 0.373123
 940.000000 0.207363 0.067046
 941.000000 0.206850 0.061206
 942.000000 0.208131 0.112082
 943.000000 0.206293 0.120373
 944.000000 0.213201 0.087939
 945.000000 0.205810 0.112100
 946.000000 0.208966 0.090303
 947.000000 0.211769 0.115806
 948.000000 0.211546 0.122937
 949.000000 0.211352 0.146037
 950.000000 0.212953 0.132599
 951.000000 0.210525 0.145502
 952.000000 0.211104 0.161541
 953.000000 0.209138 0.086521
 954.000000 0.209746 0.117857
 955.000000 0.202219 0.069576
 956.000000 0.201029 0.062654
 957.000000 0.208376 0.105244
 958.000000 0.213727 0.223711
 959.000000 0.213062 0.315700
 960.000000 0.213970 0.552118
 961.000000 0.208452 0.079350
 962.000000 0.210006 0.101315
 963.000000 0.209684 0.080246
 964.000000 0.211854 0.127339
 965.000000 0.213703 0.194304
 966.000000 0.211411 0.439088
 967.000000 0.212194 0.234228
 968.000000 0.212328 0.181883
 969.000000 0.208329 0.074160
 970.000000 0.206320 0.062848
 971.000000 0.206333 0.048660
 972.000000 0.209666 0.089894
 973.000000 0.208148 0.108950
 974.000000 0.215967 0.148359
 975.000000 0.204499 0.083607
 976.000000 0.214251 0.326360
 977.000000 0.212371 0.159704
 978.000000 0.214049 0.238599
 979.000000 0.211673 0.186827
 980.000000 0.211930 0.099297
 981.000000 0.213113 0.128409
 982.000000 0.213952 0.322001
 983.000000 0.211734 0.131916
 984.000000 0.211536 0.126654
 985.000000 0.209743 0.125227
 986.000000 0.213981 0.217174
 987.000000 0.207317 0.092341
 988.000000 0.206286 0.085673
 989.000000 0.211944 0.217490
 990.000000 0.219488 0.414408
 991.000000 0.219155 0.206016
 992.000000 0.206775 0.081435
 993.000000 0.211603 0.172728
 994.000000 0.215535 0.166359
 995.000000 0.207972 0.193515
 996.000000 0.211189 0.172893
 997.000000 0.213795 0.249184
 998.000000 0.205929 0.110401
 999.000000 0.211167 0.235563
 1000.000000 0.212284 0.148366
