#! FIELDS time refcv.mean refcv.morethan
 0.000000 0.252842 0.615841
 1.000000 0.277519 1.614805
 2.000000 0.273584 1.099542
 3.000000 0.280920 0.999807
 4.000000 0.287277 1.721577
 5.000000 0.289536 1.561151
 6.000000 0.294389 2.279398
 7.000000 0.295830 2.632484
 8.000000 0.294118 2.219734
 9.000000 0.293317 3.263358
 10.000000 0.300146 3.180589
 11.000000 0.292249 1.987260
 12.000000 0.291903 2.228983
 13.000000 0.297170 2.951580
 14.000000 0.307180 4.560344
 15.000000 0.299391 2.574690
 16.000000 0.311746 4.520415
 17.000000 0.299340 3.665032
 18.000000 0.304229 4.303557
 19.000000 0.298937 3.506300
 20.000000 0.298401 3.328878
 21.000000 0.299046 2.307553
 22.000000 0.301888 3.465826
 23.000000 0.296383 2.552585
 24.000000 0.294292 1.690863
 25.000000 0.294987 2.340625
 26.000000 0.292865 1.956190
 27.000000 0.301875 3.145537
 28.000000 0.301400 3.150818
 29.000000 0.298979 4.209540
 30.000000 0.304248 3.964729
 31.000000 0.293005 1.853546
 32.000000 0.298427 3.550458
 33.000000 0.299346 2.698765
 34.000000 0.291912 2.781952
 35.000000 0.298655 2.770986
 36.000000 0.298013 3.985896
 37.000000 0.301383 4.669036
 38.000000 0.299531 3.276039
 39.000000 0.291692 1.912222
 40.000000 0.292575 2.450658
 41.000000 0.291762 1.810480
 42.000000 0.299038 2.940687
 43.000000 0.298544 3.595611
 44.000000 0.288695 1.816561
 45.000000 0.302229 2.783187
 46.000000 0.299332 2.543263
 47.000000 0.293512 1.552380
 48.000000 0.295929 2.250079
 49.000000 0.297553 1.859210
 50.000000 0.292244 1.840602
 51.000000 0.299756 2.756125
 52.000000 0.296937 4.420350
 53.000000 0.293256 2.673184
 54.000000 0.292075 1.802623
 55.000000 0.292017 1.913256
 56.000000 0.302670 2.827883
 57.000000 0.295268 2.873260
 58.000000 0.296875 3.181706
 59.000000 0.300977 3.910427
 60.000000 0.298113 2.576371
 61.000000 0.297989 2.446674
 62.000000 0.291352 1.581269
 63.000000 0.296464 2.902519
 64.000000 0.295781 2.738672
 65.000000 0.293950 3.220420
 66.000000 0.297410 3.656968
 67.000000 0.301230 4.634432
 68.000000 0.297483 3.273415
 69.000000 0.300372 3.095064
 70.000000 0.297130 2.396188
 71.000000 0.297776 3.359086
 72.000000 0.296792 3.577503
 73.000000 0.294191 2.253451
 74.000000 0.300860 5.187098
 75.000000 0.301156 2.138737
 76.000000 0.297431 2.739899
 77.000000 0.296801 2.712585
 78.000000 0.298720 3.461327
 79.000000 0.305317 3.514393
 80.000000 0.297177 2.379967
 81.000000 0.300357 3.934888
 82.000000 0.299724 3.540682
 83.000000 0.298462 2.276906
 84.000000 0.290192 1.277709
 85.000000 0.291823 1.666096
 86.000000 0.304623 4.169137
 87.000000 0.295379 2.794818
 88.000000 0.296877 2.359364
 89.000000 0.297373 2.318124
 90.000000 0.301967 3.899538
 91.000000 0.298826 3.113755
 92.000000 0.297863 3.373972
 93.000000 0.302049 3.037106
 94.000000 0.303895 4.630110
 95.000000 0.295326 2.306173
 96.000000 0.297941 2.008453
 97.000000 0.293101 2.240782
 98.000000 0.292593 2.328481
 99.000000 0.285860 2.335911
 100.000000 0.291897 2.737927
 101.000000 0.291919 2.473113
 102.000000 0.292676 2.751108
 103.000000 0.291956 2.627588
 104.000000 0.296719 2.738378
 105.000000 0.290113 1.894213
 106.000000 0.299003 3.053683
 107.000000 0.291614 2.009776
 108.000000 0.308171 4.107983
 109.000000 0.296691 3.306500
 110.000000 0.295417 3.434301
 111.000000 0.296097 2.989872
 112.000000 0.295594 2.646539
 113.000000 0.293513 2.305615
 114.000000 0.292239 2.845053
 115.000000 0.293579 2.189593
 116.000000 0.296004 2.180475
 117.000000 0.290810 1.497025
 118.000000 0.291627 1.863445
 119.000000 0.292876 2.372450
 120.000000 0.290081 1.654348
 121.000000 0.297989 2.366849
 122.000000 0.289640 1.902300
 123.000000 0.297007 3.419212
 124.000000 0.293055 2.140916
 125.000000 0.297960 2.683014
 126.000000 0.290395 2.353940
 127.000000 0.294082 2.052234
 128.000000 0.287025 1.662379
 129.000000 0.287163 1.847184
 130.000000 0.295834 2.470656
 131.000000 0.292683 1.865104
 132.000000 0.295066 2.462731
 133.000000 0.292937 2.616494
 134.000000 0.291222 2.093105
 135.000000 0.293497 2.462680
 136.000000 0.296961 2.658112
 137.000000 0.293435 2.555252
 138.000000 0.292139 2.883165
 139.000000 0.291396 2.240291
 140.000000 0.292608 1.783396
 141.000000 0.293251 2.990669
 142.000000 0.294961 2.880848
 143.000000 0.294373 2.550960
 144.000000 0.297471 2.332834
 145.000000 0.299194 2.675768
 146.000000 0.289657 1.972739
 147.000000 0.286700 1.514477
 148.000000 0.303365 3.787533
 149.000000 0.292949 1.950774
 150.000000 0.295249 2.277525
 151.000000 0.291905 2.549058
 152.000000 0.302443 3.602722
 153.000000 0.301668 3.338590
 154.000000 0.297836 2.242867
 155.000000 0.300682 3.109687
 156.000000 0.296363 1.945344
 157.000000 0.292712 1.535494
 158.000000 0.297557 2.512496
 159.000000 0.291028 1.964856
 160.000000 0.294350 2.154321
 161.000000 0.297577 2.272730
 162.000000 0.289803 2.041079
 163.000000 0.294074 1.944919
 164.000000 0.291701 1.576755
 165.000000 0.296811 2.898682
 166.000000 0.289633 1.505679
 167.000000 0.292734 1.991902
 168.000000 0.291536 1.427889
 169.000000 0.293785 2.395075
 170.000000 0.294483 2.137183
 171.000000 0.286958 1.170919
 172.000000 0.295018 2.272265
 173.000000 0.292526 1.713946
 174.000000 0.292382 1.613292
 175.000000 0.290264 1.605398
 176.000000 0.297212 2.131429
 177.000000 0.293240 2.298628
 178.000000 0.292427 2.089886
 179.000000 0.297358 2.636442
 180.000000 0.295225 2.244699
 181.000000 0.290971 1.841718
 182.000000 0.292668 1.892587
 183.000000 0.286569 1.656428
 184.000000 0.288163 1.987064
 185.000000 0.285212 1.062783
 186.000000 0.293441 2.339605
 187.000000 0.293322 2.246299
 188.000000 0.295146 2.720093
 189.000000 0.290231 1.535947
 190.000000 0.290994 2.167808
 191.000000 0.293569 1.966846
 192.000000 0.291174 2.698311
 193.000000 0.289308 1.979503
 194.000000 0.288473 2.253794
 195.000000 0.295427 2.588756
 196.000000 0.295140 2.074980
 197.000000 0.293319 2.804253
 198.000000 0.290777 2.232028
 199.000000 0.293115 2.220664
 200.000000 0.290957 2.487410
 201.000000 0.289417 1.815061
 202.000000 0.298983 3.418972
 203.000000 0.293001 3.119308
 204.000000 0.291710 1.614258
 205.000000 0.296744 2.390830
 206.000000 0.295296 2.432433
 207.000000 0.300895 3.981771
 208.000000 0.296619 2.113373
 209.000000 0.299286 3.248336
 210.000000 0.293867 4.438152
 211.000000 0.296643 2.222668
 212.000000 0.301220 2.416714
 213.000000 0.298790 2.196635
 214.000000 0.291031 1.498742
 215.000000 0.294329 2.126986
 216.000000 0.293623 2.585590
 217.000000 0.296909 2.294753
 218.000000 0.295789 1.772580
 219.000000 0.300044 2.444441
 220.000000 0.293400 1.759504
 221.000000 0.295448 2.066488
 222.000000 0.304786 3.604448
 223.000000 0.299881 3.169483
 224.000000 0.299068 3.123842
 225.000000 0.295283 2.123069
 226.000000 0.307272 3.917125
 227.000000 0.299228 3.014739
 228.000000 0.300947 2.474298
 229.000000 0.297608 2.254366
 230.000000 0.301493 3.919048
 231.000000 0.303432 3.981195
 232.000000 0.302696 2.130625
 233.000000 0.296146 3.106161
 234.000000 0.294457 2.016078
 235.000000 0.291446 1.676406
 236.000000 0.295675 2.311792
 237.000000 0.292665 2.647207
 238.000000 0.301488 2.767012
 239.000000 0.298189 2.413163
 240.000000 0.296431 2.291446
 241.000000 0.304655 2.730016
 242.000000 0.298404 2.320841
 243.000000 0.291566 2.284059
 244.000000 0.295425 1.557420
 245.000000 0.299338 2.780572
 246.000000 0.296927 2.388412
 247.000000 0.297810 3.273683
 248.000000 0.298482 2.584572
 249.000000 0.297091 2.059879
 250.000000 0.289655 1.375389
 251.000000 0.299011 2.135516
 252.000000 0.296401 2.155933
 253.000000 0.291977 1.393282
 254.000000 0.292801 1.672771
 255.000000 0.297842 2.366092
 256.000000 0.291495 2.130216
 257.000000 0.301432 3.124272
 258.000000 0.297511 2.623642
 259.000000 0.298547 2.385099
 260.000000 0.293945 2.026740
 261.000000 0.294336 1.815287
 262.000000 0.291244 1.656047
 263.000000 0.291665 1.465493
 264.000000 0.296011 2.346249
 265.000000 0.293813 2.830128
 266.000000 0.291208 2.159754
 267.000000 0.296022 2.227910
 268.000000 0.292646 2.735617
 269.000000 0.294943 1.722846
 270.000000 0.285223 1.011228
 271.000000 0.293032 2.011625
 272.000000 0.289988 1.589999
 273.000000 0.294632 1.774444
 274.000000 0.295994 2.193902
 275.000000 0.295060 1.746673
 276.000000 0.296742 2.317641
 277.000000 0.296568 1.870947
 278.000000 0.294742 2.025564
 279.000000 0.296858 2.673804
 280.000000 0.298028 2.153823
 281.000000 0.292953 2.718662
 282.000000 0.290285 1.672616
 283.000000 0.291711 2.766234
 284.000000 0.294386 1.925538
 285.000000 0.292968 2.349576
 286.000000 0.295249 2.850927
 287.000000 0.293967 3.256103
 288.000000 0.293663 2.917044
 289.000000 0.291291 2.087299
 290.000000 0.291416 1.727201
 291.000000 0.292623 2.020235
 292.000000 0.292172 1.918026
 293.000000 0.292514 1.910524
 294.000000 0.300972 3.820786
 295.000000 0.298795 3.208257
 296.000000 0.304042 3.106075
 297.000000 0.297477 3.433779
 298.000000 0.300954 3.972463
 299.000000 0.300577 3.524009
 300.000000 0.303794 4.115787
 301.000000 0.301757 2.901960
 302.000000 0.297825 3.085646
 303.000000 0.303671 4.041833
 304.000000 0.302154 3.885858
 305.000000 0.303052 2.883010
 306.000000 0.300588 2.735194
 307.000000 0.306602 5.077572
 308.000000 0.299108 2.600519
 309.000000 0.301083 2.477668
 310.000000 0.304408 3.231481
 311.000000 0.310596 4.627495
 312.000000 0.308262 3.389598
 313.000000 0.303313 3.221771
 314.000000 0.304173 4.406823
 315.000000 0.305984 3.900809
 316.000000 0.305534 3.686106
 317.000000 0.303467 4.669957
 318.000000 0.302517 3.265715
 319.000000 0.310823 4.993628
 320.000000 0.306891 3.570129
 321.000000 0.304606 3.525352
 322.000000 0.301802 3.178464
 323.000000 0.311558 4.806708
 324.000000 0.306443 4.060797
 325.000000 0.306592 3.677363
 326.000000 0.305811 2.918882
 327.000000 0.310589 3.359407
 328.000000 0.301162 2.448435
 329.000000 0.307465 4.020067
 330.000000 0.310947 3.929743
 331.000000 0.304700 3.802824
 332.000000 0.305657 4.463388
 333.000000 0.304957 4.439867
 334.000000 0.306955 3.505448
 335.000000 0.307715 3.141714
 336.000000 0.300875 2.862304
 337.000000 0.303656 2.683423
 338.000000 0.307445 3.196551
 339.000000 0.308478 4.324040
 340.000000 0.305815 2.807933
 341.000000 0.310140 4.606936
 342.000000 0.303044 3.945034
 343.000000 0.301799 3.381183
 344.000000 0.294238 2.864970
 345.000000 0.298415 2.386069
 346.000000 0.300974 3.173702
 347.000000 0.303869 3.034875
 348.000000 0.297772 2.445350
 349.000000 0.301898 3.506070
 350.000000 0.303936 4.160991
 351.000000 0.304000 3.953153
 352.000000 0.299848 4.499742
 353.000000 0.300169 3.669700
 354.000000 0.300346 3.759124
 355.000000 0.302367 4.405683
 356.000000 0.296552 3.674614
 357.000000 0.296770 3.655795
 358.000000 0.301472 4.075364
 359.000000 0.293686 2.178656
 360.000000 0.296172 2.182284
 361.000000 0.300554 3.360949
 362.000000 0.299749 2.865423
 363.000000 0.295845 2.150932
 364.000000 0.298448 2.512796
 365.000000 0.292274 1.546546
 366.000000 0.296171 2.023787
 367.000000 0.292040 3.088651
 368.000000 0.292258 1.717452
 369.000000 0.287991 1.293032
 370.000000 0.290000 1.611311
 371.000000 0.299161 2.595762
 372.000000 0.295766 3.026184
 373.000000 0.297318 2.389874
 374.000000 0.296884 3.135920
 375.000000 0.292907 1.583032
 376.000000 0.295775 2.239802
 377.000000 0.293379 1.905477
 378.000000 0.297042 2.170461
 379.000000 0.293156 2.574095
 380.000000 0.296106 2.508051
 381.000000 0.295290 2.362007
 382.000000 0.296413 2.146243
 383.000000 0.292864 2.353375
 384.000000 0.295571 3.084763
 385.000000 0.296893 2.917321
 386.000000 0.291136 2.004821
 387.000000 0.295475 2.818813
 388.000000 0.291729 1.927318
 389.000000 0.288195 1.762247
 390.000000 0.290230 2.501634
 391.000000 0.296644 2.803656
 392.000000 0.293935 2.178601
 393.000000 0.294197 2.937432
 394.000000 0.301654 3.830272
 395.000000 0.297758 3.330381
 396.000000 0.296018 3.236064
 397.000000 0.300574 3.953008
 398.000000 0.291337 2.625715
 399.000000 0.294897 2.799260
 400.000000 0.287449 2.348099
 401.000000 0.288413 1.925574
 402.000000 0.289438 1.688846
 403.000000 0.290410 2.877166
 404.000000 0.288603 2.930804
 405.000000 0.294244 4.280986
 406.000000 0.293610 2.858855
 407.000000 0.294382 2.744351
 408.000000 0.295562 4.322308
 409.000000 0.299477 3.051529
 410.000000 0.293375 2.170430
 411.000000 0.300368 3.079328
 412.000000 0.298859 3.999337
 413.000000 0.297348 1.876705
 414.000000 0.289108 1.889476
 415.000000 0.302406 3.181323
 416.000000 0.298382 2.582882
 417.000000 0.296134 2.559835
 418.000000 0.303795 3.608991
 419.000000 0.299302 3.594559
 420.000000 0.291510 2.392831
 421.000000 0.291901 2.019471
 422.000000 0.288279 1.342256
 423.000000 0.294454 2.100277
 424.000000 0.293450 2.151471
 425.000000 0.293657 2.537101
 426.000000 0.295931 2.858289
 427.000000 0.297780 2.903082
 428.000000 0.297867 2.592523
 429.000000 0.298471 2.429186
 430.000000 0.295506 2.185469
 431.000000 0.303615 3.398630
 432.000000 0.299943 3.332091
 433.000000 0.298795 2.829612
 434.000000 0.296197 2.633585
 435.000000 0.299919 3.711706
 436.000000 0.303867 4.501907
 437.000000 0.302096 4.229261
 438.000000 0.295669 2.233524
 439.000000 0.295214 2.425981
 440.000000 0.301284 2.905851
 441.000000 0.299686 3.134521
 442.000000 0.300895 3.685431
 443.000000 0.299154 3.399562
 444.000000 0.296187 2.620093
 445.000000 0.297021 2.533337
 446.000000 0.297859 3.207774
 447.000000 0.299271 2.798608
 448.000000 0.294698 2.001158
 449.000000 0.299364 3.394694
 450.000000 0.294165 2.386842
 451.000000 0.295489 2.364779
 452.000000 0.295952 2.321556
 453.000000 0.296175 2.553272
 454.000000 0.295585 3.284186
 455.000000 0.292518 2.394227
 456.000000 0.294293 2.098578
 457.000000 0.300070 3.826976
 458.000000 0.303647 2.889450
 459.000000 0.292997 2.271294
 460.000000 0.296922 2.357719
 461.000000 0.300299 2.660859
 462.000000 0.294088 2.012830
 463.000000 0.294847 2.345545
 464.000000 0.294633 2.062347
 465.000000 0.292546 2.382212
 466.000000 0.303565 4.554373
 467.000000 0.293845 1.865306
 468.000000 0.297233 2.641159
 469.000000 0.289599 1.831113
 470.000000 0.296255 2.594270
 471.000000 0.291262 3.046025
 472.000000 0.291898 2.229119
 473.000000 0.295335 2.216789
 474.000000 0.291539 2.418721
 475.000000 0.291750 2.036458
 476.000000 0.296234 2.313590
 477.000000 0.288057 2.095176
 478.000000 0.294575 1.795614
 479.000000 0.294018 2.462064
 480.000000 0.296695 2.178471
 481.000000 0.296973 3.361105
 482.000000 0.297819 3.297206
 483.000000 0.294753 2.268929
 484.000000 0.297187 3.288963
 485.000000 0.293340 2.901026
 486.000000 0.297148 3.553766
 487.000000 0.300394 3.919008
 488.000000 0.288970 1.470387
 489.000000 0.295520 2.774998
 490.000000 0.291121 1.655785
 491.000000 0.290610 2.823444
 492.000000 0.291448 1.541123
 493.000000 0.296727 2.463496
 494.000000 0.293095 2.509581
 495.000000 0.298067 2.520893
 496.000000 0.291561 1.500632
 497.000000 0.295491 2.325116
 498.000000 0.302695 3.435378
 499.000000 0.291946 1.251262
 500.000000 0.293259 3.381487
 501.000000 0.297270 2.531481
 502.000000 0.293841 2.537830
 503.000000 0.302259 3.349588
 504.000000 0.295471 1.984817
 505.000000 0.298806 3.074388
 506.000000 0.305799 3.072930
 507.000000 0.302056 2.668138
 508.000000 0.301223 4.337763
 509.000000 0.298784 2.836166
 510.000000 0.300397 4.112331
 511.000000 0.302667 2.671556
 512.000000 0.306740 5.264376
 513.000000 0.302966 2.848161
 514.000000 0.302308 2.654163
 515.000000 0.304422 3.188025
 516.000000 0.299073 2.536102
 517.000000 0.301468 3.271503
 518.000000 0.295684 2.186584
 519.000000 0.293280 1.609109
 520.000000 0.300235 2.012440
 521.000000 0.297436 2.279948
 522.000000 0.295496 2.089042
 523.000000 0.298233 2.135435
 524.000000 0.299720 2.251083
 525.000000 0.298834 3.051483
 526.000000 0.297296 3.731840
 527.000000 0.291428 1.628185
 528.000000 0.293007 2.089833
 529.000000 0.296550 1.849367
 530.000000 0.294567 1.983075
 531.000000 0.295788 1.984255
 532.000000 0.295694 2.296223
 533.000000 0.289522 1.426402
 534.000000 0.299874 2.772981
 535.000000 0.299584 2.003550
 536.000000 0.298712 2.926653
 537.000000 0.294903 2.614136
 538.000000 0.293828 1.984514
 539.000000 0.299286 2.621528
 540.000000 0.298943 3.389305
 541.000000 0.300356 3.197730
 542.000000 0.297531 2.739068
 543.000000 0.300428 3.434441
 544.000000 0.299006 3.006905
 545.000000 0.296988 2.941112
 546.000000 0.295200 2.983090
 547.000000 0.301145 5.870299
 548.000000 0.299488 3.186058
 549.000000 0.301708 3.834571
 550.000000 0.295490 2.407794
 551.000000 0.300917 3.988370
 552.000000 0.295596 2.399191
 553.000000 0.295995 2.604753
 554.000000 0.291129 1.806703
 555.000000 0.291234 1.986063
 556.000000 0.292436 1.603998
 557.000000 0.296992 2.448373
 558.000000 0.291085 1.619659
 559.000000 0.294119 3.424753
 560.000000 0.298854 2.589488
 561.000000 0.295427 2.432916
 562.000000 0.297377 2.991473
 563.000000 0.300838 2.872342
 564.000000 0.293127 1.976212
 565.000000 0.292449 2.168679
 566.000000 0.294989 1.641703
 567.000000 0.292353 2.376055
 568.000000 0.296223 2.721772
 569.000000 0.299436 1.960719
 570.000000 0.300273 2.511782
 571.000000 0.291457 1.690596
 572.000000 0.301360 3.572085
 573.000000 0.292738 2.233648
 574.000000 0.302568 2.429782
 575.000000 0.291632 2.123859
 576.000000 0.296119 1.772145
 577.000000 0.301900 3.115656
 578.000000 0.297140 1.721736
 579.000000 0.298674 2.811284
 580.000000 0.293123 2.320426
 581.000000 0.301931 2.905099
 582.000000 0.292174 2.483356
 583.000000 0.295342 2.067558
 584.000000 0.293505 2.785125
 585.000000 0.293657 1.845832
 586.000000 0.296984 3.025944
 587.000000 0.298423 3.505123
 588.000000 0.294942 1.994459
 589.000000 0.300150 3.140152
 590.000000 0.297917 2.178269
 591.000000 0.293875 1.610017
 592.000000 0.294637 1.936172
 593.000000 0.292380 2.237473
 594.000000 0.296522 2.209017
 595.000000 0.289401 2.402560
 596.000000 0.292474 1.830139
 597.000000 0.296401 3.468194
 598.000000 0.292370 2.521149
 599.000000 0.293503 2.786929
 600.000000 0.291282 2.143620
 601.000000 0.303157 3.130862
 602.000000 0.299145 3.422669
 603.000000 0.295071 2.920296
 604.000000 0.298829 2.784682
 605.000000 0.300214 3.285028
 606.000000 0.298831 5.043298
 607.000000 0.302279 4.685790
 608.000000 0.298115 2.560558
 609.000000 0.304098 3.808681
 610.000000 0.296983 2.587359
 611.000000 0.301610 3.286884
 612.000000 0.299990 3.253622
 613.000000 0.297300 2.417532
 614.000000 0.294556 4.100182
 615.000000 0.302500 3.483977
 616.000000 0.298505 2.534805
 617.000000 0.303847 3.324761
 618.000000 0.305196 3.641687
 619.000000 0.307691 5.293876
 620.000000 0.308415 5.185342
 621.000000 0.299433 2.426010
 622.000000 0.302312 2.512973
 623.000000 0.300627 3.282338
 624.000000 0.290986 2.304421
 625.000000 0.306588 4.490206
 626.000000 0.301561 2.498402
 627.000000 0.303879 3.123613
 628.000000 0.301153 2.904388
 629.000000 0.300688 3.387906
 630.000000 0.299002 2.660634
 631.000000 0.299980 3.201487
 632.000000 0.299149 2.905431
 633.000000 0.299584 2.933512
 634.000000 0.298641 2.627943
 635.000000 0.305246 4.576888
 636.000000 0.300075 2.852024
 637.000000 0.303435 3.682673
 638.000000 0.302909 5.481566
 639.000000 0.300192 3.165576
 640.000000 0.296550 2.342831
 641.000000 0.298280 1.706815
 642.000000 0.297219 2.919993
 643.000000 0.297979 2.308712
 644.000000 0.295158 2.239964
 645.000000 0.296217 2.915475
 646.000000 0.302432 2.985722
 647.000000 0.299111 3.360915
 648.000000 0.304821 4.095977
 649.000000 0.299467 2.434535
 650.000000 0.296652 3.886212
 651.000000 0.295270 2.017901
 652.000000 0.297212 3.580747
 653.000000 0.295767 3.052762
 654.000000 0.292619 1.720148
 655.000000 0.297580 2.355327
 656.000000 0.297972 2.706964
 657.000000 0.296507 2.115672
 658.000000 0.302792 2.915910
 659.000000 0.291000 1.855239
 660.000000 0.300670 2.871609
 661.000000 0.302854 3.189005
 662.000000 0.295331 2.188191
 663.000000 0.294142 1.761517
 664.000000 0.296608 3.062804
 665.000000 0.294411 1.849929
 666.000000 0.294283 1.854930
 667.000000 0.295444 2.302981
 668.000000 0.296509 2.537980
 669.000000 0.297607 2.472263
 670.000000 0.297892 3.079471
 671.000000 0.296472 2.605129
 672.000000 0.291810 2.164947
 673.000000 0.296644 2.850262
 674.000000 0.296586 2.416688
 675.000000 0.297247 1.992958
 676.000000 0.298288 2.844960
 677.000000 0.301409 4.027958
 678.000000 0.295003 2.831035
 679.000000 0.293201 2.600302
 680.000000 0.296441 2.925954
 681.000000 0.301081 3.662685
 682.000000 0.298407 4.298166
 683.000000 0.307015 4.538910
 684.000000 0.303926 5.632035
 685.000000 0.302960 5.381591
 686.000000 0.305646 4.922366
 687.000000 0.300604 3.673028
 688.000000 0.304297 4.561960
 689.000000 0.314366 9.316456
 690.000000 0.306134 5.170364
 691.000000 0.307782 4.926802
 692.000000 0.301524 4.200981
 693.000000 0.299528 3.210016
 694.000000 0.313069 7.088979
 695.000000 0.298891 3.775418
 696.000000 0.303295 4.182045
 697.000000 0.299680 2.961462
 698.000000 0.304712 6.024927
 699.000000 0.299687 3.674857
 700.000000 0.302758 3.784872
 701.000000 0.302670 3.323099
 702.000000 0.301142 4.123024
 703.000000 0.293873 2.783158
 704.000000 0.301534 3.838250
 705.000000 0.292831 2.149983
 706.000000 0.310742 5.895126
 707.000000 0.311367 4.839423
 708.000000 0.303048 3.901174
 709.000000 0.302481 5.360001
 710.000000 0.305143 5.157402
 711.000000 0.300860 4.081292
 712.000000 0.300373 4.406837
 713.000000 0.302304 4.351194
 714.000000 0.304609 4.994774
 715.000000 0.295980 2.074716
 716.000000 0.301737 4.731457
 717.000000 0.303048 4.188113
 718.000000 0.301554 3.051506
 719.000000 0.299222 2.982154
 720.000000 0.297237 2.399655
 721.000000 0.304000 3.124508
 722.000000 0.302122 3.478023
 723.000000 0.300932 3.883261
 724.000000 0.296465 3.335283
 725.000000 0.293636 2.225978
 726.000000 0.296086 2.539183
 727.000000 0.298125 2.879613
 728.000000 0.302137 2.568084
 729.000000 0.298757 2.590081
 730.000000 0.298431 3.357975
 731.000000 0.305415 5.206765
 732.000000 0.295450 3.206313
 733.000000 0.302242 3.591558
 734.000000 0.297628 2.116540
 735.000000 0.293173 2.083533
 736.000000 0.297758 2.565040
 737.000000 0.300755 2.782790
 738.000000 0.296639 3.889933
 739.000000 0.299386 3.536678
 740.000000 0.298274 3.332202
 741.000000 0.297132 3.485539
 742.000000 0.298387 2.585490
 743.000000 0.296645 2.999614
 744.000000 0.296543 3.604007
 745.000000 0.296907 3.709657
 746.000000 0.303204 4.898481
 747.000000 0.298306 4.376314
 748.000000 0.306357 6.441214
 749.000000 0.291556 2.146480
 750.000000 0.305069 5.019401
 751.000000 0.302218 3.260627
 752.000000 0.304256 4.689319
 753.000000 0.306529 4.611712
 754.000000 0.302972 2.168990
 755.000000 0.310636 5.874256
 756.000000 0.302093 3.036366
 757.000000 0.307244 3.097890
 758.000000 0.298333 2.459369
 759.000000 0.302150 2.719906
 760.000000 0.299722 2.415087
 761.000000 0.299607 2.871466
 762.000000 0.304192 2.924412
 763.000000 0.300467 3.664358
 764.000000 0.300445 3.797546
 765.000000 0.297846 2.579286
 766.000000 0.307831 4.704290
 767.000000 0.304319 4.569717
 768.000000 0.300899 4.050763
 769.000000 0.299934 3.185300
 770.000000 0.296034 2.437396
 771.000000 0.301460 3.175286
 772.000000 0.302649 4.683651
 773.000000 0.297276 3.080134
 774.000000 0.304258 3.614729
 775.000000 0.300848 3.600182
 776.000000 0.303327 3.644729
 777.000000 0.298740 2.865076
 778.000000 0.298842 3.032649
 779.000000 0.301209 3.580517
 780.000000 0.305087 4.284824
 781.000000 0.298058 3.019971
 782.000000 0.298178 1.986440
 783.000000 0.303637 3.914336
 784.000000 0.303069 3.846283
 785.000000 0.300681 3.089813
 786.000000 0.297390 3.412628
 787.000000 0.294592 2.526301
 788.000000 0.301151 2.686951
 789.000000 0.299770 4.168931
 790.000000 0.297034 3.823313
 791.000000 0.297285 3.117236
 792.000000 0.295392 3.095701
 793.000000 0.290700 2.357834
 794.000000 0.293960 3.062002
 795.000000 0.285455 2.152931
 796.000000 0.299045 3.975504
 797.000000 0.289628 2.428398
 798.000000 0.291437 1.935316
 799.000000 0.287942 1.695931
 800.000000 0.288466 1.485767
 801.000000 0.292420 2.251590
 802.000000 0.289769 1.432939
 803.000000 0.289078 1.746814
 804.000000 0.291423 2.201412
 805.000000 0.286277 1.588506
 806.000000 0.297113 2.607207
 807.000000 0.296879 3.126151
 808.000000 0.293654 2.124993
 809.000000 0.291835 3.027670
 810.000000 0.290608 2.070893
 811.000000 0.295217 2.365174
 812.000000 0.298346 2.333116
 813.000000 0.295915 2.982809
 814.000000 0.294661 2.098168
 815.000000 0.290818 1.229214
 816.000000 0.294363 1.829991
 817.000000 0.291020 1.713651
 818.000000 0.294216 2.296523
 819.000000 0.295351 1.929126
 820.000000 0.291425 1.622036
 821.000000 0.291700 1.504705
 822.000000 0.288102 1.607524
 823.000000 0.284722 1.023348
 824.000000 0.287964 1.607043
 825.000000 0.283257 1.080734
 826.000000 0.290727 2.821670
 827.000000 0.290778 2.028719
 828.000000 0.292124 2.469962
 829.000000 0.296378 3.742013
 830.000000 0.299497 5.197112
 831.000000 0.301260 4.162256
 832.000000 0.291210 2.002401
 833.000000 0.296362 3.952403
 834.000000 0.292873 2.945895
 835.000000 0.295044 3.178079
 836.000000 0.292607 2.954129
 837.000000 0.296610 5.758504
 838.000000 0.300010 3.202417
 839.000000 0.298981 3.692291
 840.000000 0.294356 2.381213
 841.000000 0.296291 4.153125
 842.000000 0.287722 2.674960
 843.000000 0.294701 2.505714
 844.000000 0.295429 3.496762
 845.000000 0.299107 3.339020
 846.000000 0.295867 3.041705
 847.000000 0.299464 3.021963
 848.000000 0.295739 2.878478
 849.000000 0.293941 1.995425
 850.000000 0.290406 1.975938
 851.000000 0.289039 3.108558
 852.000000 0.301319 3.260960
 853.000000 0.291661 2.590653
 854.000000 0.296954 5.003580
 855.000000 0.288184 1.803984
 856.000000 0.294692 2.882567
 857.000000 0.290147 2.081680
 858.000000 0.291341 2.066945
 859.000000 0.293470 2.503886
 860.000000 0.297127 2.822110
 861.000000 0.292862 2.320170
 862.000000 0.294855 2.328378
 863.000000 0.297508 2.909684
 864.000000 0.293544 2.438849
 865.000000 0.296472 2.449144
 866.000000 0.295970 2.270301
 867.000000 0.299258 2.600877
 868.000000 0.294170 2.728578
 869.000000 0.290192 2.124209
 870.000000 0.290421 1.730722
 871.000000 0.294483 1.913266
 872.000000 0.295170 2.328445
 873.000000 0.293870 2.053450
 874.000000 0.285477 1.527048
 875.000000 0.294198 3.320094
 876.000000 0.292355 1.852454
 877.000000 0.296291 3.513953
 878.000000 0.289948 1.904069
 879.000000 0.296507 2.515690
 880.000000 0.286742 1.251388
 881.000000 0.288433 2.590654
 882.000000 0.290365 1.937743
 883.000000 0.289026 1.546614
 884.000000 0.286515 1.546128
 885.000000 0.289425 1.304545
 886.000000 0.294953 2.284551
 887.000000 0.284122 1.560305
 888.000000 0.288364 2.255692
 889.000000 0.288948 2.117473
 890.000000 0.289981 1.900183
 891.000000 0.286929 1.875994
 892.000000 0.293933 1.925254
 893.000000 0.290683 1.511499
 894.000000 0.285743 1.405702
 895.000000 0.288662 1.529074
 896.000000 0.292156 2.220815
 897.000000 0.297310 3.880566
 898.000000 0.298190 1.994916
 899.000000 0.295082 2.068080
 900.000000 0.295761 2.013778
 901.000000 0.296800 1.984805
 902.000000 0.298840 3.252664
 903.000000 0.299752 2.377064
 904.000000 0.296429 2.809491
 905.000000 0.300228 3.034723
 906.000000 0.302025 3.510434
 907.000000 0.295341 2.275566
 908.000000 0.294211 2.465260
 909.000000 0.303548 4.534987
 910.000000 0.299974 3.469181
 911.000000 0.295688 2.402079
 912.000000 0.293034 2.932199
 913.000000 0.300007 2.723147
 914.000000 0.301313 4.488159
 915.000000 0.297790 3.843678
 916.000000 0.293844 2.577434
 917.000000 0.299128 2.893489
 918.000000 0.301267 4.338083
 919.000000 0.299697 3.339245
 920.000000 0.295115 3.287514
 921.000000 0.290923 2.597751
 922.000000 0.303680 3.735803
 923.000000 0.304945 3.637492
 924.000000 0.300010 3.202290
 925.000000 0.293645 1.796646
 926.000000 0.295433 2.769876
 927.000000 0.299863 3.374351
 928.000000 0.295737 3.209813
 929.000000 0.299607 2.851955
 930.000000 0.295270 1.793473
 931.000000 0.290472 2.202186
 932.000000 0.291042 1.596886
 933.000000 0.299718 3.039311
 934.000000 0.291270 1.799506
 935.000000 0.296661 2.025456
 936.000000 0.291337 1.432079
 937.000000 0.293001 2.008442
 938.000000 0.293610 2.293002
 939.000000 0.298601 3.459806
 940.000000 0.291452 1.548104
 941.000000 0.292481 1.714226
 942.000000 0.292914 1.910702
 943.000000 0.289433 1.832275
 944.000000 0.297009 1.943249
 945.000000 0.289665 1.883258
 946.000000 0.293254 2.096661
 947.000000 0.294832 2.048919
 948.000000 0.294575 2.178123
 949.000000 0.295192 2.554704
 950.000000 0.297900 2.404073
 951.000000 0.294292 2.250590
 952.000000 0.294614 2.647220
 953.000000 0.293962 1.844450
 954.000000 0.294058 2.104356
 955.000000 0.285637 1.436523
 956.000000 0.284970 1.428905
 957.000000 0.292615 1.925050
 958.000000 0.297989 3.350561
 959.000000 0.298090 3.319607
 960.000000 0.298252 3.935648
 961.000000 0.291712 1.768603
 962.000000 0.293930 2.053907
 963.000000 0.294843 1.805204
 964.000000 0.297428 2.631572
 965.000000 0.297830 2.881427
 966.000000 0.296697 3.201417
 967.000000 0.297076 3.033267
 968.000000 0.297282 2.521161
 969.000000 0.293731 1.843144
 970.000000 0.290348 1.551834
 971.000000 0.290058 1.307194
 972.000000 0.292696 1.891876
 973.000000 0.292239 1.850297
 974.000000 0.300650 2.732392
 975.000000 0.288468 1.713058
 976.000000 0.298053 3.858898
 977.000000 0.296157 2.879264
 978.000000 0.299103 3.459705
 979.000000 0.296337 3.002926
 980.000000 0.297182 2.305246
 981.000000 0.296502 2.389545
 982.000000 0.298185 3.063823
 983.000000 0.296784 2.174015
 984.000000 0.295753 2.542385
 985.000000 0.293700 2.419726
 986.000000 0.298514 3.211255
 987.000000 0.292777 1.902503
 988.000000 0.291506 1.988789
 989.000000 0.296742 2.835382
 990.000000 0.304026 3.479441
 991.000000 0.304170 3.470882
 992.000000 0.290914 1.839987
 993.000000 0.296760 2.558888
 994.000000 0.301634 3.065215
 995.000000 0.292356 2.643592
 996.000000 0.294610 3.033876
 997.000000 0.297256 3.349477
 998.000000 0.289275 2.120846
 999.000000 0.295015 3.245357
 1000.000000 0.295625 2.653163
