#! FIELDS time refcv.mean refcv.morethan
 0.000000 0.870955 287.510953
 1.000000 0.939165 287.812412
 2.000000 0.962931 287.871208
 3.000000 0.977182 287.892150
 4.000000 0.977808 287.891891
 5.000000 0.979090 287.898160
 6.000000 0.991167 287.907999
 7.000000 0.998650 287.918414
 8.000000 0.996578 287.920554
 9.000000 1.004138 287.925808
 10.000000 1.000991 287.924490
 11.000000 1.009576 287.930655
 12.000000 1.011275 287.931306
 13.000000 1.008244 287.928532
 14.000000 1.025053 287.941142
 15.000000 1.011506 287.930699
 16.000000 1.026859 287.941771
 17.000000 1.012201 287.932558
 18.000000 1.015951 287.934696
 19.000000 1.013601 287.932062
 20.000000 1.015677 287.933409
 21.000000 1.014995 287.935200
 22.000000 1.020661 287.939557
 23.000000 1.007985 287.928760
 24.000000 1.009005 287.930738
 25.000000 1.001309 287.925226
 26.000000 1.004434 287.925018
 27.000000 1.011739 287.931527
 28.000000 1.016992 287.934186
 29.000000 1.019618 287.936386
 30.000000 1.012136 287.933325
 31.000000 1.009135 287.931835
 32.000000 1.027424 287.944500
 33.000000 1.020780 287.939931
 34.000000 1.008004 287.928291
 35.000000 1.020080 287.939704
 36.000000 1.018112 287.937653
 37.000000 1.029682 287.945940
 38.000000 1.018784 287.938434
 39.000000 1.012440 287.933962
 40.000000 1.011170 287.932656
 41.000000 1.011981 287.932786
 42.000000 1.019532 287.938082
 43.000000 1.016768 287.936232
 44.000000 1.014242 287.933457
 45.000000 1.020775 287.939840
 46.000000 1.023406 287.941643
 47.000000 1.020355 287.939371
 48.000000 1.011883 287.932143
 49.000000 1.019283 287.939351
 50.000000 0.994441 287.918034
 51.000000 1.021517 287.941083
 52.000000 1.012261 287.934175
 53.000000 1.008571 287.930886
 54.000000 1.005523 287.926157
 55.000000 1.006318 287.929633
 56.000000 1.017663 287.936270
 57.000000 1.014346 287.934055
 58.000000 1.006818 287.927996
 59.000000 1.027739 287.944533
 60.000000 1.016157 287.937247
 61.000000 1.023842 287.942707
 62.000000 1.015101 287.934789
 63.000000 1.018360 287.939833
 64.000000 1.007741 287.926490
 65.000000 1.012055 287.932201
 66.000000 1.021264 287.940215
 67.000000 1.018968 287.937651
 68.000000 1.029286 287.946095
 69.000000 1.011647 287.933645
 70.000000 1.019017 287.938435
 71.000000 1.018735 287.938612
 72.000000 1.010555 287.931549
 73.000000 1.005592 287.925927
 74.000000 1.013201 287.930217
 75.000000 1.015628 287.933759
 76.000000 1.003334 287.917682
 77.000000 1.011945 287.928567
 78.000000 1.002120 287.921486
 79.000000 1.018187 287.937340
 80.000000 1.010257 287.927570
 81.000000 1.020584 287.938004
 82.000000 1.006084 287.926813
 83.000000 1.012789 287.929566
 84.000000 1.018850 287.936526
 85.000000 1.011596 287.930079
 86.000000 1.032258 287.947044
 87.000000 1.019815 287.937308
 88.000000 1.011604 287.930308
 89.000000 1.023747 287.941532
 90.000000 1.021268 287.939575
 91.000000 1.024445 287.942529
 92.000000 1.014826 287.933928
 93.000000 1.021116 287.938859
 94.000000 1.021827 287.940046
 95.000000 1.025402 287.943892
 96.000000 1.008835 287.931176
 97.000000 1.021928 287.940420
 98.000000 1.014260 287.935365
 99.000000 1.002830 287.924880
 100.000000 1.014810 287.934999
 101.000000 1.015857 287.935931
 102.000000 1.009755 287.929357
 103.000000 1.009195 287.926454
 104.000000 1.020049 287.939175
 105.000000 1.010223 287.929608
 106.000000 1.016905 287.935130
 107.000000 1.016586 287.935473
 108.000000 1.031549 287.946711
 109.000000 1.018305 287.936936
 110.000000 1.017559 287.936187
 111.000000 1.021066 287.935348
 112.000000 1.014638 287.930432
 113.000000 1.016711 287.936244
 114.000000 1.020129 287.937546
 115.000000 1.016712 287.935060
 116.000000 1.011619 287.932624
 117.000000 1.011336 287.933717
 118.000000 1.015363 287.934991
 119.000000 1.019967 287.938315
 120.000000 1.016476 287.935497
 121.000000 1.031659 287.945728
 122.000000 1.009462 287.929683
 123.000000 1.024623 287.938234
 124.000000 1.016611 287.936264
 125.000000 1.032185 287.945953
 126.000000 1.018306 287.937695
 127.000000 1.017081 287.935058
 128.000000 1.018222 287.936663
 129.000000 1.008479 287.930064
 130.000000 1.013990 287.934547
 131.000000 1.019243 287.938087
 132.000000 1.017575 287.936433
 133.000000 1.024084 287.941962
 134.000000 1.000592 287.923331
 135.000000 1.019085 287.938543
 136.000000 1.020524 287.939765
 137.000000 1.011909 287.932126
 138.000000 1.012695 287.933511
 139.000000 1.014637 287.934644
 140.000000 1.014281 287.935309
 141.000000 1.008391 287.927371
 142.000000 1.013605 287.932934
 143.000000 1.004150 287.926334
 144.000000 1.015658 287.933930
 145.000000 1.004227 287.925389
 146.000000 1.010759 287.931266
 147.000000 1.005020 287.927486
 148.000000 1.020521 287.940741
 149.000000 1.008893 287.931281
 150.000000 1.013142 287.934603
 151.000000 1.013129 287.934636
 152.000000 1.023659 287.941799
 153.000000 1.028357 287.945176
 154.000000 1.025654 287.942099
 155.000000 1.019861 287.937248
 156.000000 1.024489 287.941214
 157.000000 1.015812 287.934553
 158.000000 1.020266 287.939045
 159.000000 1.010991 287.929369
 160.000000 1.007405 287.927394
 161.000000 1.013218 287.931544
 162.000000 1.007688 287.929076
 163.000000 1.009350 287.931054
 164.000000 1.020579 287.939983
 165.000000 1.008476 287.928382
 166.000000 1.009229 287.931398
 167.000000 1.004265 287.926725
 168.000000 0.998322 287.920314
 169.000000 1.011601 287.932627
 170.000000 1.011160 287.932207
 171.000000 1.002837 287.926106
 172.000000 1.021207 287.939805
 173.000000 1.020088 287.939613
 174.000000 1.025632 287.944044
 175.000000 1.012832 287.935083
 176.000000 1.020667 287.940140
 177.000000 1.008975 287.929733
 178.000000 1.015341 287.935476
 179.000000 1.015255 287.935530
 180.000000 1.020830 287.940582
 181.000000 1.023729 287.942061
 182.000000 1.020509 287.940729
 183.000000 1.009082 287.930033
 184.000000 1.005056 287.928162
 185.000000 1.009027 287.932571
 186.000000 1.009690 287.931826
 187.000000 1.005931 287.927065
 188.000000 1.004025 287.921660
 189.000000 1.003588 287.925626
 190.000000 1.010639 287.932461
 191.000000 1.010437 287.931628
 192.000000 0.997167 287.918666
 193.000000 1.007272 287.926855
 194.000000 1.004958 287.925730
 195.000000 1.005487 287.926719
 196.000000 1.008954 287.930346
 197.000000 0.999930 287.922538
 198.000000 1.003087 287.926013
 199.000000 1.009794 287.932021
 200.000000 0.997946 287.919277
 201.000000 1.011020 287.931854
 202.000000 1.022382 287.939757
 203.000000 1.014132 287.932234
 204.000000 1.007137 287.927452
 205.000000 1.019886 287.940018
 206.000000 1.018381 287.939022
 207.000000 1.008569 287.929653
 208.000000 1.011692 287.932916
 209.000000 1.005930 287.927576
 210.000000 1.006198 287.928373
 211.000000 1.014267 287.935866
 212.000000 1.016825 287.937955
 213.000000 1.021265 287.940389
 214.000000 1.008597 287.929077
 215.000000 1.010341 287.932561
 216.000000 1.002755 287.926012
 217.000000 1.018275 287.938501
 218.000000 1.024810 287.943623
 219.000000 1.020782 287.939424
 220.000000 1.007458 287.928825
 221.000000 1.011903 287.933657
 222.000000 1.023062 287.941352
 223.000000 1.013611 287.934696
 224.000000 1.017653 287.938682
 225.000000 1.013102 287.934644
 226.000000 1.021747 287.939400
 227.000000 1.013073 287.934251
 228.000000 1.015117 287.935754
 229.000000 1.011864 287.933474
 230.000000 1.025949 287.944061
 231.000000 1.021450 287.940412
 232.000000 1.033997 287.949623
 233.000000 1.023181 287.942041
 234.000000 1.021323 287.940633
 235.000000 1.009907 287.929903
 236.000000 1.017215 287.937802
 237.000000 1.007530 287.928288
 238.000000 1.023697 287.942877
 239.000000 1.016884 287.936766
 240.000000 1.017870 287.937438
 241.000000 1.020935 287.941355
 242.000000 1.016409 287.937136
 243.000000 1.008418 287.930684
 244.000000 1.023422 287.943220
 245.000000 1.006482 287.929218
 246.000000 1.012883 287.934617
 247.000000 1.014550 287.934005
 248.000000 1.014026 287.934517
 249.000000 1.009647 287.931589
 250.000000 1.011116 287.931268
 251.000000 1.018619 287.936805
 252.000000 1.014437 287.933396
 253.000000 1.014372 287.934753
 254.000000 1.017078 287.935331
 255.000000 1.019587 287.937238
 256.000000 1.014262 287.930420
 257.000000 1.021669 287.940343
 258.000000 1.031100 287.946922
 259.000000 1.023445 287.941651
 260.000000 1.021767 287.940673
 261.000000 1.014086 287.933948
 262.000000 1.018692 287.937033
 263.000000 1.016666 287.936405
 264.000000 1.025342 287.941846
 265.000000 1.020754 287.938837
 266.000000 1.022871 287.940671
 267.000000 1.026444 287.941884
 268.000000 1.023658 287.939850
 269.000000 1.021666 287.938629
 270.000000 1.013866 287.933444
 271.000000 1.028190 287.943646
 272.000000 1.016639 287.935009
 273.000000 1.021663 287.939218
 274.000000 1.020646 287.938943
 275.000000 1.026964 287.944447
 276.000000 1.020979 287.938911
 277.000000 1.023781 287.940848
 278.000000 1.018171 287.939134
 279.000000 1.023077 287.941479
 280.000000 1.025988 287.943539
 281.000000 1.006579 287.926797
 282.000000 1.023121 287.940679
 283.000000 1.017549 287.936746
 284.000000 1.020110 287.937614
 285.000000 1.017900 287.937834
 286.000000 1.017883 287.937914
 287.000000 1.017201 287.936982
 288.000000 1.023822 287.941920
 289.000000 1.018994 287.939300
 290.000000 1.018152 287.937945
 291.000000 1.016804 287.937542
 292.000000 1.022895 287.942550
 293.000000 1.027117 287.944321
 294.000000 1.045822 287.955327
 295.000000 1.020646 287.939787
 296.000000 1.039582 287.952157
 297.000000 1.029563 287.945413
 298.000000 1.032505 287.948437
 299.000000 1.028822 287.945125
 300.000000 1.036930 287.951904
 301.000000 1.037634 287.951931
 302.000000 1.024697 287.941091
 303.000000 1.026570 287.943884
 304.000000 1.016705 287.937390
 305.000000 1.033082 287.947951
 306.000000 1.020516 287.939595
 307.000000 1.024543 287.942602
 308.000000 1.026451 287.943220
 309.000000 1.033122 287.948737
 310.000000 1.025741 287.942969
 311.000000 1.037489 287.950732
 312.000000 1.029895 287.946515
 313.000000 1.023508 287.941699
 314.000000 1.021977 287.939947
 315.000000 1.032115 287.945989
 316.000000 1.025052 287.942204
 317.000000 1.029433 287.944426
 318.000000 1.023762 287.940284
 319.000000 1.033995 287.946802
 320.000000 1.024914 287.942420
 321.000000 1.025687 287.940463
 322.000000 1.034145 287.948000
 323.000000 1.029868 287.945477
 324.000000 1.030947 287.945166
 325.000000 1.033327 287.947905
 326.000000 1.030983 287.945887
 327.000000 1.033264 287.948166
 328.000000 1.024126 287.942237
 329.000000 1.029514 287.945721
 330.000000 1.032982 287.947607
 331.000000 1.024341 287.943354
 332.000000 1.021369 287.940092
 333.000000 1.030049 287.945549
 334.000000 1.035681 287.949870
 335.000000 1.022376 287.940078
 336.000000 1.022484 287.940298
 337.000000 1.024443 287.942240
 338.000000 1.031338 287.947244
 339.000000 1.033302 287.948264
 340.000000 1.034296 287.948808
 341.000000 1.032374 287.948133
 342.000000 1.015379 287.936458
 343.000000 1.021183 287.940642
 344.000000 1.011466 287.932998
 345.000000 1.012214 287.934132
 346.000000 1.034711 287.949610
 347.000000 1.025534 287.942764
 348.000000 1.013393 287.934218
 349.000000 1.016548 287.938401
 350.000000 1.033672 287.948543
 351.000000 1.030883 287.946627
 352.000000 1.021140 287.940925
 353.000000 1.021267 287.939652
 354.000000 1.014018 287.933486
 355.000000 1.017431 287.937585
 356.000000 1.012264 287.932346
 357.000000 1.009956 287.927423
 358.000000 1.014655 287.934994
 359.000000 1.014368 287.933678
 360.000000 1.015988 287.937833
 361.000000 1.023716 287.940797
 362.000000 1.020824 287.939296
 363.000000 1.015025 287.934208
 364.000000 1.026324 287.944313
 365.000000 1.019206 287.937907
 366.000000 1.014653 287.934405
 367.000000 1.010420 287.931685
 368.000000 1.025000 287.942731
 369.000000 1.018357 287.938801
 370.000000 1.016324 287.937435
 371.000000 1.028250 287.945814
 372.000000 1.018789 287.938023
 373.000000 1.022131 287.940332
 374.000000 1.017258 287.937276
 375.000000 1.021792 287.939130
 376.000000 1.025962 287.942517
 377.000000 1.011218 287.930694
 378.000000 1.014602 287.935134
 379.000000 1.009548 287.931065
 380.000000 1.021578 287.940477
 381.000000 1.020437 287.939417
 382.000000 1.015185 287.935406
 383.000000 1.007388 287.928507
 384.000000 1.010963 287.931720
 385.000000 1.011773 287.933292
 386.000000 1.005956 287.926640
 387.000000 1.016413 287.934599
 388.000000 1.007528 287.928529
 389.000000 1.007392 287.930202
 390.000000 1.014310 287.935304
 391.000000 1.019510 287.938978
 392.000000 1.011766 287.931835
 393.000000 1.020676 287.939526
 394.000000 1.028452 287.945239
 395.000000 1.016899 287.936499
 396.000000 1.015892 287.937089
 397.000000 1.028785 287.944277
 398.000000 1.012006 287.929173
 399.000000 1.014700 287.933679
 400.000000 1.009243 287.929764
 401.000000 1.015504 287.937130
 402.000000 1.013159 287.933427
 403.000000 1.013438 287.934118
 404.000000 1.001703 287.921350
 405.000000 1.015425 287.932311
 406.000000 1.015905 287.936136
 407.000000 1.021270 287.941119
 408.000000 1.015201 287.934514
 409.000000 1.019901 287.938556
 410.000000 1.016843 287.936172
 411.000000 1.028708 287.946613
 412.000000 1.027462 287.943990
 413.000000 1.024649 287.943412
 414.000000 1.020630 287.941452
 415.000000 1.027245 287.943122
 416.000000 1.013054 287.935460
 417.000000 1.019975 287.938363
 418.000000 1.030461 287.946250
 419.000000 1.011969 287.931275
 420.000000 1.012591 287.933339
 421.000000 1.010341 287.932356
 422.000000 1.014263 287.935707
 423.000000 1.010336 287.932522
 424.000000 1.012236 287.932875
 425.000000 1.020394 287.939490
 426.000000 1.011087 287.931913
 427.000000 1.018776 287.938103
 428.000000 1.021953 287.940079
 429.000000 1.022064 287.939318
 430.000000 1.012031 287.931122
 431.000000 1.026592 287.942021
 432.000000 1.029732 287.943012
 433.000000 1.019853 287.938328
 434.000000 1.020895 287.939095
 435.000000 1.019708 287.937798
 436.000000 1.026896 287.943907
 437.000000 1.024664 287.939648
 438.000000 1.018454 287.938114
 439.000000 1.014273 287.933968
 440.000000 1.029082 287.944247
 441.000000 1.023251 287.939999
 442.000000 1.030120 287.945016
 443.000000 1.021985 287.939042
 444.000000 1.026215 287.941765
 445.000000 1.018647 287.938060
 446.000000 1.027078 287.942381
 447.000000 1.018403 287.938774
 448.000000 1.013720 287.932622
 449.000000 1.019534 287.936503
 450.000000 1.018953 287.937340
 451.000000 1.017593 287.936316
 452.000000 1.014167 287.930992
 453.000000 1.036969 287.949299
 454.000000 1.021505 287.937388
 455.000000 1.013821 287.933113
 456.000000 1.026201 287.941467
 457.000000 1.021106 287.938884
 458.000000 1.023949 287.942717
 459.000000 1.016162 287.936442
 460.000000 1.025575 287.942962
 461.000000 1.025487 287.943413
 462.000000 1.024587 287.942475
 463.000000 1.029131 287.944968
 464.000000 1.020722 287.940434
 465.000000 1.027399 287.942632
 466.000000 1.032390 287.943918
 467.000000 1.018424 287.936931
 468.000000 1.026968 287.944777
 469.000000 1.014492 287.934953
 470.000000 1.021607 287.938960
 471.000000 1.022703 287.941690
 472.000000 1.014821 287.936627
 473.000000 1.029459 287.945597
 474.000000 1.010388 287.931909
 475.000000 1.021517 287.940819
 476.000000 1.024162 287.940884
 477.000000 1.001619 287.925170
 478.000000 1.024582 287.942699
 479.000000 1.014925 287.935697
 480.000000 1.012562 287.932280
 481.000000 1.011182 287.931347
 482.000000 1.006308 287.927664
 483.000000 1.002143 287.921268
 484.000000 0.994288 287.915460
 485.000000 1.015602 287.936181
 486.000000 1.010642 287.932161
 487.000000 1.009562 287.928352
 488.000000 1.007440 287.927840
 489.000000 1.005305 287.926052
 490.000000 1.014668 287.935547
 491.000000 1.001961 287.922432
 492.000000 1.015839 287.935251
 493.000000 1.019501 287.937513
 494.000000 0.996324 287.917463
 495.000000 1.018847 287.937886
 496.000000 1.006022 287.926838
 497.000000 1.018268 287.936941
 498.000000 1.013498 287.932438
 499.000000 1.015461 287.935920
 500.000000 0.998693 287.918730
 501.000000 1.013419 287.932242
 502.000000 1.012931 287.931495
 503.000000 1.009455 287.930703
 504.000000 1.012795 287.933558
 505.000000 1.017956 287.935946
 506.000000 1.024281 287.941719
 507.000000 1.026698 287.943695
 508.000000 1.018897 287.937705
 509.000000 1.020476 287.937834
 510.000000 1.019705 287.937096
 511.000000 1.018418 287.936401
 512.000000 1.019392 287.938644
 513.000000 1.020814 287.939306
 514.000000 1.024224 287.940901
 515.000000 1.023974 287.942146
 516.000000 1.022486 287.939466
 517.000000 1.016245 287.935789
 518.000000 1.009883 287.929114
 519.000000 1.020205 287.940313
 520.000000 1.018941 287.937196
 521.000000 1.010163 287.931870
 522.000000 1.015235 287.934131
 523.000000 1.022093 287.941165
 524.000000 1.025764 287.942766
 525.000000 1.007005 287.929737
 526.000000 1.021343 287.940610
 527.000000 1.018422 287.938687
 528.000000 1.019064 287.938521
 529.000000 1.029531 287.945572
 530.000000 1.016464 287.936809
 531.000000 1.003321 287.926788
 532.000000 1.024510 287.941919
 533.000000 1.007858 287.927777
 534.000000 1.027120 287.944440
 535.000000 1.026087 287.944857
 536.000000 1.021747 287.940163
 537.000000 1.024524 287.942086
 538.000000 1.024797 287.943295
 539.000000 1.025144 287.943102
 540.000000 1.015656 287.934455
 541.000000 1.017025 287.936924
 542.000000 1.023237 287.941147
 543.000000 1.016294 287.937401
 544.000000 1.020198 287.937871
 545.000000 1.012635 287.932152
 546.000000 1.016147 287.936023
 547.000000 1.010640 287.926800
 548.000000 1.012600 287.932622
 549.000000 1.022765 287.940643
 550.000000 1.018668 287.938806
 551.000000 1.032771 287.946728
 552.000000 1.022212 287.939082
 553.000000 1.017000 287.936105
 554.000000 1.017919 287.938712
 555.000000 1.009260 287.929678
 556.000000 1.007784 287.930406
 557.000000 1.018308 287.937329
 558.000000 1.014703 287.934671
 559.000000 1.017761 287.938187
 560.000000 1.024499 287.941087
 561.000000 1.032815 287.948175
 562.000000 1.027194 287.945344
 563.000000 1.030292 287.946248
 564.000000 1.016310 287.937135
 565.000000 1.021935 287.941492
 566.000000 1.030480 287.947046
 567.000000 1.024062 287.941948
 568.000000 1.021441 287.939163
 569.000000 1.023670 287.940311
 570.000000 1.030740 287.945805
 571.000000 1.022459 287.940359
 572.000000 1.036990 287.950478
 573.000000 1.024731 287.943658
 574.000000 1.038948 287.951641
 575.000000 1.021697 287.941320
 576.000000 1.035405 287.950533
 577.000000 1.021876 287.941008
 578.000000 1.024489 287.941681
 579.000000 1.023622 287.941820
 580.000000 1.019722 287.937199
 581.000000 1.024856 287.940227
 582.000000 1.019164 287.936912
 583.000000 1.014432 287.935523
 584.000000 1.020674 287.937794
 585.000000 1.029891 287.946632
 586.000000 1.024854 287.942095
 587.000000 1.024399 287.942225
 588.000000 1.026299 287.942781
 589.000000 1.024571 287.940825
 590.000000 1.030447 287.946214
 591.000000 1.018730 287.937118
 592.000000 1.022716 287.940397
 593.000000 1.030212 287.945415
 594.000000 1.025499 287.940799
 595.000000 1.017585 287.935143
 596.000000 1.026151 287.942571
 597.000000 1.035813 287.950081
 598.000000 1.014957 287.934781
 599.000000 1.031744 287.945318
 600.000000 1.027226 287.942370
 601.000000 1.032149 287.948506
 602.000000 1.033452 287.948689
 603.000000 1.022772 287.939566
 604.000000 1.017094 287.938307
 605.000000 1.028838 287.944871
 606.000000 1.027094 287.944256
 607.000000 1.027453 287.942566
 608.000000 1.021126 287.939804
 609.000000 1.014410 287.932456
 610.000000 1.030919 287.946601
 611.000000 1.018703 287.938762
 612.000000 1.024217 287.942257
 613.000000 1.017496 287.938440
 614.000000 1.018440 287.939111
 615.000000 1.030682 287.947208
 616.000000 1.022634 287.941406
 617.000000 1.039958 287.953098
 618.000000 1.024315 287.943082
 619.000000 1.028950 287.945823
 620.000000 1.025920 287.943099
 621.000000 1.025226 287.943042
 622.000000 1.036711 287.950299
 623.000000 1.033962 287.949390
 624.000000 1.019612 287.939110
 625.000000 1.036475 287.950927
 626.000000 1.038067 287.951592
 627.000000 1.024317 287.943740
 628.000000 1.027125 287.943897
 629.000000 1.031370 287.947369
 630.000000 1.027957 287.945937
 631.000000 1.023840 287.941432
 632.000000 1.025419 287.943300
 633.000000 1.029437 287.946349
 634.000000 1.030216 287.946088
 635.000000 1.029200 287.945517
 636.000000 1.034374 287.948776
 637.000000 1.034827 287.950098
 638.000000 1.039706 287.951941
 639.000000 1.025019 287.942158
 640.000000 1.018034 287.938201
 641.000000 1.025738 287.943619
 642.000000 1.024212 287.942781
 643.000000 1.036305 287.950000
 644.000000 1.022457 287.941407
 645.000000 1.021132 287.940141
 646.000000 1.020129 287.937791
 647.000000 1.026526 287.944525
 648.000000 1.036784 287.948587
 649.000000 1.016522 287.936311
 650.000000 1.023008 287.941993
 651.000000 1.020687 287.940397
 652.000000 1.020713 287.940041
 653.000000 1.020671 287.940370
 654.000000 1.024467 287.942666
 655.000000 1.027942 287.945287
 656.000000 1.019309 287.939050
 657.000000 1.030378 287.946372
 658.000000 1.029290 287.946581
 659.000000 1.011110 287.934370
 660.000000 1.018698 287.939344
 661.000000 1.020307 287.940588
 662.000000 1.019993 287.939740
 663.000000 1.013596 287.934566
 664.000000 1.022321 287.940205
 665.000000 1.013869 287.934240
 666.000000 1.010877 287.933720
 667.000000 1.029921 287.945253
 668.000000 1.012083 287.932945
 669.000000 1.023778 287.938844
 670.000000 1.026393 287.943142
 671.000000 1.024071 287.942434
 672.000000 1.013212 287.932589
 673.000000 1.007318 287.929974
 674.000000 1.022151 287.940633
 675.000000 1.010001 287.928546
 676.000000 1.015932 287.935551
 677.000000 1.023999 287.941642
 678.000000 1.016263 287.934752
 679.000000 1.014802 287.934577
 680.000000 1.006052 287.925956
 681.000000 1.005513 287.926664
 682.000000 1.002856 287.921605
 683.000000 1.020711 287.938598
 684.000000 1.024431 287.941426
 685.000000 1.011404 287.930956
 686.000000 1.029576 287.945591
 687.000000 1.008769 287.928318
 688.000000 1.009569 287.929749
 689.000000 1.018050 287.934454
 690.000000 1.022323 287.939096
 691.000000 1.020890 287.937887
 692.000000 1.018099 287.936733
 693.000000 1.017667 287.935060
 694.000000 1.022141 287.938649
 695.000000 1.008194 287.929299
 696.000000 1.021995 287.938619
 697.000000 1.018529 287.937255
 698.000000 1.017533 287.934455
 699.000000 1.023221 287.940597
 700.000000 1.009884 287.931184
 701.000000 1.019982 287.937894
 702.000000 1.004852 287.922241
 703.000000 1.003385 287.922892
 704.000000 1.012569 287.931268
 705.000000 1.001052 287.922530
 706.000000 1.013235 287.931444
 707.000000 1.022167 287.938783
 708.000000 1.014375 287.932754
 709.000000 1.001878 287.923649
 710.000000 1.018716 287.937044
 711.000000 1.011050 287.929718
 712.000000 1.009028 287.929377
 713.000000 1.018260 287.936956
 714.000000 1.009037 287.929820
 715.000000 1.004276 287.926423
 716.000000 1.012503 287.931737
 717.000000 1.019947 287.937514
 718.000000 1.025608 287.942286
 719.000000 1.021015 287.940923
 720.000000 1.012599 287.933182
 721.000000 1.025956 287.944304
 722.000000 1.018932 287.937821
 723.000000 1.023355 287.941393
 724.000000 1.013091 287.933727
 725.000000 1.010826 287.933156
 726.000000 1.017831 287.938166
 727.000000 1.019624 287.939602
 728.000000 1.036526 287.951120
 729.000000 1.030024 287.947638
 730.000000 1.021111 287.940890
 731.000000 1.026715 287.943772
 732.000000 1.025776 287.943334
 733.000000 1.027906 287.944268
 734.000000 1.017162 287.936024
 735.000000 1.009031 287.931387
 736.000000 1.016153 287.936071
 737.000000 1.018559 287.938762
 738.000000 1.017756 287.936977
 739.000000 1.017676 287.937190
 740.000000 1.007924 287.929627
 741.000000 1.009477 287.930268
 742.000000 1.026834 287.944488
 743.000000 1.018821 287.937175
 744.000000 1.004859 287.925853
 745.000000 1.025260 287.942480
 746.000000 1.025296 287.942319
 747.000000 1.011387 287.929326
 748.000000 1.018099 287.935704
 749.000000 1.014799 287.934280
 750.000000 1.028780 287.945013
 751.000000 1.020069 287.939906
 752.000000 1.027047 287.942638
 753.000000 1.018257 287.937415
 754.000000 1.035484 287.949478
 755.000000 1.025754 287.942591
 756.000000 1.030125 287.947016
 757.000000 1.029392 287.945287
 758.000000 1.018744 287.939509
 759.000000 1.020362 287.939139
 760.000000 1.026615 287.943742
 761.000000 1.016641 287.936944
 762.000000 1.037441 287.950174
 763.000000 1.019697 287.938324
 764.000000 1.023703 287.940267
 765.000000 1.020584 287.939036
 766.000000 1.024332 287.940402
 767.000000 1.017823 287.936014
 768.000000 1.024808 287.941397
 769.000000 1.018580 287.936572
 770.000000 1.020120 287.937601
 771.000000 1.033849 287.946790
 772.000000 1.026312 287.942074
 773.000000 1.013350 287.933686
 774.000000 1.033669 287.946936
 775.000000 1.019504 287.937407
 776.000000 1.024691 287.940694
 777.000000 1.019985 287.938610
 778.000000 1.013751 287.931019
 779.000000 1.025698 287.942182
 780.000000 1.030650 287.945218
 781.000000 1.025542 287.939134
 782.000000 1.026236 287.941477
 783.000000 1.024201 287.940540
 784.000000 1.028888 287.943639
 785.000000 1.017276 287.935104
 786.000000 1.015555 287.930902
 787.000000 1.015394 287.934223
 788.000000 1.018180 287.936465
 789.000000 1.025300 287.939946
 790.000000 1.009053 287.929054
 791.000000 1.025165 287.943242
 792.000000 1.011488 287.929526
 793.000000 1.006365 287.927987
 794.000000 1.007930 287.929146
 795.000000 1.009655 287.931151
 796.000000 1.012977 287.931173
 797.000000 0.996027 287.916789
 798.000000 1.008518 287.929182
 799.000000 1.009884 287.930481
 800.000000 1.016459 287.936982
 801.000000 1.014712 287.935145
 802.000000 1.023198 287.940814
 803.000000 1.015360 287.935575
 804.000000 1.017950 287.935759
 805.000000 1.009935 287.927079
 806.000000 1.019308 287.937819
 807.000000 1.020167 287.937063
 808.000000 1.021041 287.937508
 809.000000 1.020669 287.938097
 810.000000 1.013778 287.932976
 811.000000 1.023678 287.940476
 812.000000 1.033207 287.946810
 813.000000 1.013113 287.933222
 814.000000 1.028009 287.945632
 815.000000 1.016505 287.936800
 816.000000 1.028314 287.944764
 817.000000 1.014439 287.934597
 818.000000 1.017512 287.937193
 819.000000 1.019759 287.940015
 820.000000 1.013946 287.934617
 821.000000 1.023435 287.942559
 822.000000 1.010602 287.932414
 823.000000 1.011818 287.934082
 824.000000 1.004153 287.927068
 825.000000 1.001963 287.925329
 826.000000 1.007405 287.928446
 827.000000 1.010666 287.931732
 828.000000 1.002099 287.923906
 829.000000 1.012980 287.933982
 830.000000 1.012762 287.930490
 831.000000 1.017797 287.937585
 832.000000 1.006975 287.927095
 833.000000 1.008982 287.928193
 834.000000 1.006052 287.926598
 835.000000 1.009516 287.930184
 836.000000 1.015620 287.935326
 837.000000 1.014522 287.933786
 838.000000 1.007577 287.928267
 839.000000 1.008434 287.929946
 840.000000 1.007840 287.927851
 841.000000 1.003213 287.924476
 842.000000 0.997033 287.918523
 843.000000 1.003270 287.920362
 844.000000 1.009610 287.929510
 845.000000 1.004955 287.925379
 846.000000 1.007838 287.928578
 847.000000 1.013703 287.934089
 848.000000 1.008557 287.931601
 849.000000 1.008175 287.929679
 850.000000 0.996594 287.916663
 851.000000 1.003220 287.921668
 852.000000 1.024277 287.941331
 853.000000 1.007611 287.928650
 854.000000 1.010373 287.929450
 855.000000 1.007500 287.928059
 856.000000 1.015812 287.936082
 857.000000 1.011969 287.932685
 858.000000 1.018118 287.936842
 859.000000 1.010729 287.932139
 860.000000 1.010066 287.931026
 861.000000 1.004511 287.925938
 862.000000 1.011740 287.932009
 863.000000 1.012151 287.931904
 864.000000 1.007990 287.927908
 865.000000 1.011043 287.930230
 866.000000 1.021484 287.937916
 867.000000 1.026471 287.943378
 868.000000 1.020654 287.940829
 869.000000 1.011171 287.933398
 870.000000 1.014726 287.935367
 871.000000 1.027812 287.945068
 872.000000 1.016974 287.937196
 873.000000 1.014859 287.934817
 874.000000 1.002014 287.923624
 875.000000 1.007175 287.929685
 876.000000 1.019090 287.936652
 877.000000 1.007066 287.928276
 878.000000 1.011153 287.932563
 879.000000 1.017539 287.936243
 880.000000 1.016247 287.937790
 881.000000 1.014884 287.934077
 882.000000 1.006201 287.926171
 883.000000 1.016047 287.936567
 884.000000 1.004838 287.925377
 885.000000 1.015209 287.937035
 886.000000 1.014725 287.935224
 887.000000 1.006125 287.928793
 888.000000 1.009769 287.931976
 889.000000 1.019996 287.938290
 890.000000 1.019677 287.939423
 891.000000 1.017903 287.937588
 892.000000 1.014180 287.935691
 893.000000 1.005954 287.928106
 894.000000 0.996629 287.918535
 895.000000 1.017031 287.936716
 896.000000 1.011046 287.930729
 897.000000 1.018114 287.936402
 898.000000 1.024804 287.940806
 899.000000 1.018072 287.936417
 900.000000 1.014616 287.935476
 901.000000 1.021105 287.939720
 902.000000 1.014605 287.932520
 903.000000 1.024555 287.942364
 904.000000 1.007487 287.927622
 905.000000 1.018904 287.937555
 906.000000 1.017565 287.936456
 907.000000 1.003815 287.922703
 908.000000 1.009448 287.928531
 909.000000 1.017673 287.934353
 910.000000 1.015771 287.933381
 911.000000 1.012220 287.932201
 912.000000 1.003683 287.923254
 913.000000 1.004267 287.926206
 914.000000 1.010737 287.931544
 915.000000 1.008373 287.929063
 916.000000 1.002477 287.923539
 917.000000 1.010906 287.932317
 918.000000 1.019884 287.937667
 919.000000 1.019064 287.938127
 920.000000 1.007247 287.926904
 921.000000 1.005856 287.926769
 922.000000 1.020042 287.937218
 923.000000 1.015933 287.936085
 924.000000 1.016961 287.937455
 925.000000 1.019489 287.939683
 926.000000 1.006284 287.926846
 927.000000 1.019924 287.938849
 928.000000 1.015518 287.934934
 929.000000 1.023542 287.940698
 930.000000 1.018297 287.938853
 931.000000 1.005272 287.926790
 932.000000 1.017950 287.938420
 933.000000 1.029623 287.946751
 934.000000 1.006319 287.929520
 935.000000 1.028931 287.946224
 936.000000 1.017829 287.937173
 937.000000 1.016542 287.938152
 938.000000 1.014045 287.935626
 939.000000 1.020630 287.940150
 940.000000 1.017365 287.938587
 941.000000 1.025836 287.944172
 942.000000 1.029781 287.946610
 943.000000 1.016334 287.936789
 944.000000 1.019438 287.940106
 945.000000 1.019444 287.937983
 946.000000 1.019655 287.937123
 947.000000 1.023326 287.941184
 948.000000 1.022488 287.940301
 949.000000 1.020873 287.939300
 950.000000 1.024857 287.943110
 951.000000 1.027231 287.945639
 952.000000 1.014344 287.934007
 953.000000 1.025407 287.941315
 954.000000 1.021122 287.940689
 955.000000 1.008440 287.930455
 956.000000 1.016478 287.938042
 957.000000 1.017440 287.938155
 958.000000 1.026667 287.943882
 959.000000 1.029988 287.945922
 960.000000 1.019732 287.938520
 961.000000 1.016674 287.937163
 962.000000 1.021675 287.940149
 963.000000 1.025935 287.943216
 964.000000 1.028349 287.943112
 965.000000 1.022898 287.940651
 966.000000 1.035640 287.949381
 967.000000 1.029828 287.945819
 968.000000 1.028465 287.945456
 969.000000 1.023763 287.942493
 970.000000 1.026620 287.944789
 971.000000 1.015941 287.936609
 972.000000 1.017673 287.937340
 973.000000 1.021460 287.941090
 974.000000 1.022726 287.940918
 975.000000 1.012002 287.931722
 976.000000 1.017050 287.935792
 977.000000 1.017537 287.936148
 978.000000 1.021612 287.939345
 979.000000 1.020948 287.938980
 980.000000 1.030072 287.945124
 981.000000 1.012766 287.933035
 982.000000 1.019855 287.939305
 983.000000 1.028258 287.944511
 984.000000 1.022007 287.939871
 985.000000 1.017253 287.936814
 986.000000 1.031972 287.946768
 987.000000 1.028794 287.943369
 988.000000 1.021708 287.938589
 989.000000 1.032241 287.947761
 990.000000 1.034287 287.948503
 991.000000 1.027434 287.944515
 992.000000 1.021846 287.940645
 993.000000 1.030412 287.946392
 994.000000 1.029853 287.945790
 995.000000 1.018779 287.935926
 996.000000 1.010078 287.926283
 997.000000 1.015862 287.931845
 998.000000 1.015039 287.935157
 999.000000 1.023057 287.939099
 1000.000000 1.026073 287.940548
