#! FIELDS time refcv.mean refcv.morethan
 0.000000 0.227212 0.245769
 1.000000 0.250509 0.677115
 2.000000 0.245433 0.407850
 3.000000 0.251917 0.350575
 4.000000 0.258236 0.649608
 5.000000 0.260783 0.597243
 6.000000 0.265547 0.901990
 7.000000 0.266810 1.080846
 8.000000 0.265000 0.920893
 9.000000 0.264179 1.581575
 10.000000 0.270954 1.344690
 11.000000 0.262911 0.759539
 12.000000 0.262154 0.939962
 13.000000 0.267493 1.243617
 14.000000 0.277288 2.319725
 15.000000 0.269271 1.173989
 16.000000 0.281425 1.897065
 17.000000 0.269057 1.575611
 18.000000 0.274240 1.849451
 19.000000 0.268904 1.530605
 20.000000 0.268338 1.725663
 21.000000 0.269222 0.878639
 22.000000 0.271761 1.499842
 23.000000 0.266442 1.029469
 24.000000 0.264520 0.646199
 25.000000 0.265256 0.917500
 26.000000 0.262595 0.726943
 27.000000 0.271841 1.286576
 28.000000 0.271453 1.302380
 29.000000 0.269112 2.271678
 30.000000 0.274657 1.832677
 31.000000 0.263582 0.685766
 32.000000 0.268479 1.705662
 33.000000 0.269060 1.050259
 34.000000 0.262417 1.173063
 35.000000 0.268580 1.068824
 36.000000 0.267823 1.871964
 37.000000 0.270870 2.146288
 38.000000 0.269362 1.334496
 39.000000 0.262032 0.746546
 40.000000 0.263034 0.976749
 41.000000 0.261951 0.676198
 42.000000 0.268929 1.216419
 43.000000 0.268675 1.686310
 44.000000 0.258647 0.721737
 45.000000 0.272446 1.152193
 46.000000 0.269296 1.086082
 47.000000 0.263543 0.539415
 48.000000 0.265932 0.840193
 49.000000 0.267897 0.668457
 50.000000 0.262930 0.771470
 51.000000 0.269758 1.162518
 52.000000 0.267732 2.386066
 53.000000 0.263788 1.099947
 54.000000 0.262340 0.657803
 55.000000 0.262308 0.733318
 56.000000 0.273289 1.133659
 57.000000 0.265313 1.257245
 58.000000 0.267296 1.475807
 59.000000 0.270664 1.827449
 60.000000 0.268621 1.125026
 61.000000 0.268048 0.970727
 62.000000 0.261419 0.553373
 63.000000 0.266828 1.330839
 64.000000 0.266490 1.179609
 65.000000 0.264290 1.452217
 66.000000 0.267655 1.846420
 67.000000 0.271167 2.191645
 68.000000 0.267412 1.456306
 69.000000 0.270522 1.350260
 70.000000 0.266954 0.954932
 71.000000 0.267799 1.545281
 72.000000 0.266874 1.714259
 73.000000 0.264650 0.892757
 74.000000 0.271259 2.853956
 75.000000 0.271230 0.784031
 76.000000 0.267565 1.102394
 77.000000 0.266739 1.097749
 78.000000 0.269115 1.493542
 79.000000 0.275126 1.484314
 80.000000 0.267450 0.954833
 81.000000 0.270222 2.052352
 82.000000 0.270518 1.743749
 83.000000 0.268921 0.856691
 84.000000 0.260164 0.443015
 85.000000 0.262393 0.608955
 86.000000 0.274716 1.916692
 87.000000 0.265595 1.209632
 88.000000 0.267551 0.961223
 89.000000 0.267154 0.862775
 90.000000 0.272036 1.724752
 91.000000 0.268803 1.323920
 92.000000 0.268358 1.679603
 93.000000 0.272357 1.202481
 94.000000 0.274198 2.180633
 95.000000 0.265279 0.915108
 96.000000 0.268696 0.748789
 97.000000 0.263105 0.931158
 98.000000 0.262960 0.915031
 99.000000 0.256868 1.087181
 100.000000 0.262682 1.392592
 101.000000 0.262291 1.174049
 102.000000 0.263363 1.356647
 103.000000 0.262312 1.263358
 104.000000 0.266988 1.221494
 105.000000 0.260760 0.709723
 106.000000 0.269181 1.289939
 107.000000 0.261661 0.756155
 108.000000 0.278029 1.750059
 109.000000 0.266937 1.429955
 110.000000 0.265649 1.650124
 111.000000 0.266176 1.330869
 112.000000 0.266135 1.084947
 113.000000 0.264053 0.904471
 114.000000 0.262281 1.288312
 115.000000 0.263879 0.823608
 116.000000 0.266148 0.882231
 117.000000 0.261044 0.540847
 118.000000 0.261979 0.746019
 119.000000 0.263285 1.063923
 120.000000 0.259846 0.619236
 121.000000 0.267962 0.943675
 122.000000 0.259965 0.714033
 123.000000 0.267448 1.481744
 124.000000 0.263282 0.851833
 125.000000 0.267951 1.120168
 126.000000 0.260876 0.975667
 127.000000 0.264426 0.810722
 128.000000 0.257254 0.630291
 129.000000 0.257684 0.775304
 130.000000 0.265834 0.992258
 131.000000 0.262639 0.690408
 132.000000 0.265431 1.013094
 133.000000 0.262997 1.093396
 134.000000 0.262196 0.840705
 135.000000 0.264036 1.028134
 136.000000 0.267364 1.036144
 137.000000 0.263579 1.115927
 138.000000 0.262672 1.262383
 139.000000 0.262040 0.879764
 140.000000 0.263174 0.723181
 141.000000 0.264027 1.516704
 142.000000 0.265429 1.232921
 143.000000 0.265180 1.087810
 144.000000 0.267774 0.914996
 145.000000 0.269836 1.093286
 146.000000 0.260400 0.792722
 147.000000 0.257406 0.562292
 148.000000 0.273332 1.749982
 149.000000 0.263804 0.769082
 150.000000 0.265643 0.896282
 151.000000 0.262164 1.170216
 152.000000 0.272753 1.630289
 153.000000 0.271796 1.531747
 154.000000 0.267972 0.865371
 155.000000 0.270979 1.385794
 156.000000 0.266367 0.740001
 157.000000 0.263031 0.538728
 158.000000 0.267781 1.027560
 159.000000 0.261580 0.753056
 160.000000 0.264894 0.867917
 161.000000 0.268040 0.903512
 162.000000 0.260074 0.770215
 163.000000 0.264098 0.719200
 164.000000 0.262103 0.590532
 165.000000 0.267509 1.238272
 166.000000 0.260044 0.568606
 167.000000 0.263518 0.765597
 168.000000 0.262114 0.509554
 169.000000 0.264170 1.102861
 170.000000 0.264837 0.823612
 171.000000 0.257470 0.426010
 172.000000 0.265146 0.880424
 173.000000 0.262658 0.626413
 174.000000 0.262766 0.595068
 175.000000 0.260867 0.625696
 176.000000 0.267577 0.808783
 177.000000 0.263809 0.976565
 178.000000 0.262772 0.828466
 179.000000 0.267773 1.009796
 180.000000 0.265393 0.874463
 181.000000 0.261125 0.704285
 182.000000 0.263023 0.797345
 183.000000 0.257050 0.669136
 184.000000 0.258853 0.857253
 185.000000 0.255750 0.358570
 186.000000 0.263576 0.946057
 187.000000 0.263804 0.979160
 188.000000 0.265799 1.104736
 189.000000 0.260607 0.545500
 190.000000 0.260897 0.854369
 191.000000 0.263996 0.750784
 192.000000 0.262203 1.100504
 193.000000 0.259762 0.789703
 194.000000 0.258911 0.956486
 195.000000 0.266043 1.079081
 196.000000 0.265688 0.822080
 197.000000 0.263866 1.279100
 198.000000 0.260893 0.950680
 199.000000 0.263471 0.910359
 200.000000 0.261695 1.076199
 201.000000 0.259823 0.675385
 202.000000 0.268891 1.581582
 203.000000 0.263133 1.438877
 204.000000 0.261970 0.587438
 205.000000 0.266612 0.958946
 206.000000 0.265185 1.019109
 207.000000 0.271306 1.914763
 208.000000 0.267011 0.803835
 209.000000 0.269872 1.460072
 210.000000 0.264605 2.602634
 211.000000 0.266737 0.852476
 212.000000 0.271439 0.927817
 213.000000 0.268981 0.842019
 214.000000 0.261203 0.527914
 215.000000 0.264625 0.839411
 216.000000 0.263910 1.134583
 217.000000 0.266788 0.891030
 218.000000 0.265502 0.622694
 219.000000 0.269846 0.946742
 220.000000 0.263698 0.632470
 221.000000 0.265649 0.776859
 222.000000 0.274787 1.593815
 223.000000 0.270206 1.273796
 224.000000 0.269475 1.357169
 225.000000 0.265498 0.860864
 226.000000 0.277509 1.694370
 227.000000 0.269345 1.538663
 228.000000 0.271179 0.951357
 229.000000 0.267814 0.866681
 230.000000 0.271326 1.848612
 231.000000 0.273599 1.818372
 232.000000 0.272236 0.768979
 233.000000 0.266130 1.453822
 234.000000 0.264411 0.750267
 235.000000 0.261882 0.618970
 236.000000 0.265880 0.920995
 237.000000 0.263552 1.090188
 238.000000 0.271711 1.113602
 239.000000 0.268452 0.919018
 240.000000 0.266241 1.036509
 241.000000 0.275224 1.169456
 242.000000 0.268514 0.894757
 243.000000 0.261991 0.936779
 244.000000 0.265491 0.561339
 245.000000 0.269835 1.132717
 246.000000 0.267292 0.972076
 247.000000 0.268197 1.502165
 248.000000 0.268678 1.034408
 249.000000 0.267531 0.792792
 250.000000 0.259744 0.489191
 251.000000 0.269146 0.802518
 252.000000 0.266776 0.818526
 253.000000 0.262199 0.473832
 254.000000 0.263013 0.601338
 255.000000 0.267898 0.937808
 256.000000 0.261883 0.822675
 257.000000 0.271797 1.328586
 258.000000 0.267401 1.118658
 259.000000 0.268918 0.940765
 260.000000 0.263935 0.781330
 261.000000 0.264492 0.673235
 262.000000 0.261378 0.603420
 263.000000 0.261914 0.507759
 264.000000 0.265563 1.041500
 265.000000 0.263378 1.199796
 266.000000 0.261118 0.849710
 267.000000 0.266335 0.846858
 268.000000 0.262734 1.153411
 269.000000 0.265200 0.615291
 270.000000 0.255592 0.340150
 271.000000 0.262948 0.794718
 272.000000 0.260211 0.603394
 273.000000 0.264888 0.671850
 274.000000 0.266220 0.880722
 275.000000 0.265149 0.634680
 276.000000 0.267297 0.945885
 277.000000 0.266750 0.713945
 278.000000 0.264970 0.793359
 279.000000 0.266846 1.080501
 280.000000 0.267923 0.789279
 281.000000 0.263460 1.195894
 282.000000 0.260243 0.610282
 283.000000 0.261941 1.238586
 284.000000 0.264614 0.723573
 285.000000 0.263126 0.996212
 286.000000 0.265316 1.223606
 287.000000 0.264157 1.457093
 288.000000 0.263778 1.430358
 289.000000 0.261201 0.921203
 290.000000 0.261598 0.621270
 291.000000 0.262860 0.783224
 292.000000 0.262361 0.778899
 293.000000 0.262623 0.741170
 294.000000 0.270479 1.820046
 295.000000 0.268967 1.462952
 296.000000 0.273617 1.213667
 297.000000 0.267371 1.621820
 298.000000 0.270765 1.924634
 299.000000 0.270620 1.544852
 300.000000 0.273454 1.935344
 301.000000 0.271431 1.126896
 302.000000 0.267776 1.443956
 303.000000 0.273708 2.084317
 304.000000 0.272110 2.166887
 305.000000 0.272976 1.132542
 306.000000 0.270705 1.123156
 307.000000 0.276893 2.645196
 308.000000 0.268959 1.136370
 309.000000 0.270857 0.998753
 310.000000 0.274234 1.374751
 311.000000 0.280194 2.101432
 312.000000 0.278175 1.363117
 313.000000 0.273334 1.377798
 314.000000 0.274450 2.090565
 315.000000 0.276145 1.712200
 316.000000 0.275661 1.910439
 317.000000 0.273409 2.574638
 318.000000 0.272187 1.348850
 319.000000 0.280555 2.504021
 320.000000 0.276867 1.585780
 321.000000 0.274835 1.570795
 322.000000 0.271794 1.314264
 323.000000 0.281711 2.219528
 324.000000 0.276557 1.756340
 325.000000 0.276073 1.518477
 326.000000 0.275617 1.119096
 327.000000 0.280937 1.309553
 328.000000 0.271292 0.925492
 329.000000 0.277570 1.826899
 330.000000 0.280840 1.622936
 331.000000 0.274560 1.795425
 332.000000 0.275610 2.161441
 333.000000 0.274821 2.151627
 334.000000 0.276329 1.587218
 335.000000 0.277718 1.293362
 336.000000 0.270833 1.210179
 337.000000 0.273897 1.072090
 338.000000 0.277353 1.268945
 339.000000 0.278516 1.937228
 340.000000 0.275684 1.043062
 341.000000 0.279982 2.179708
 342.000000 0.273114 1.836235
 343.000000 0.271988 1.528983
 344.000000 0.264405 1.285079
 345.000000 0.268986 0.938334
 346.000000 0.270405 1.411174
 347.000000 0.274182 1.256713
 348.000000 0.267944 0.967507
 349.000000 0.272304 1.628712
 350.000000 0.273913 2.051530
 351.000000 0.274047 1.771326
 352.000000 0.270000 2.448736
 353.000000 0.270282 1.852162
 354.000000 0.270152 2.035807
 355.000000 0.272589 2.108404
 356.000000 0.266602 1.950441
 357.000000 0.267351 1.887263
 358.000000 0.271864 2.018947
 359.000000 0.264207 0.932878
 360.000000 0.266516 0.863803
 361.000000 0.270911 1.484978
 362.000000 0.270055 1.199900
 363.000000 0.266312 0.839319
 364.000000 0.268506 0.995073
 365.000000 0.262291 0.535726
 366.000000 0.266662 0.820091
 367.000000 0.262502 1.604531
 368.000000 0.262162 0.631762
 369.000000 0.258199 0.450413
 370.000000 0.260295 0.596600
 371.000000 0.269195 1.034408
 372.000000 0.266229 1.341257
 373.000000 0.267305 0.902745
 374.000000 0.267152 1.420339
 375.000000 0.263030 0.564566
 376.000000 0.265662 0.964762
 377.000000 0.264081 0.734223
 378.000000 0.267498 0.838120
 379.000000 0.263915 1.305831
 380.000000 0.266656 1.043177
 381.000000 0.265555 0.929156
 382.000000 0.266803 0.825065
 383.000000 0.263483 0.965374
 384.000000 0.266390 1.421080
 385.000000 0.267537 1.242201
 386.000000 0.261576 0.797337
 387.000000 0.266118 1.310391
 388.000000 0.262216 0.723328
 389.000000 0.258708 0.664997
 390.000000 0.260685 1.170414
 391.000000 0.267053 1.206350
 392.000000 0.264336 0.816382
 393.000000 0.264258 1.385952
 394.000000 0.271160 1.744855
 395.000000 0.268032 1.508395
 396.000000 0.266115 1.475674
 397.000000 0.270370 1.721729
 398.000000 0.261626 1.317505
 399.000000 0.265294 1.395701
 400.000000 0.257933 1.035057
 401.000000 0.258711 0.781497
 402.000000 0.259777 0.636716
 403.000000 0.261050 1.455540
 404.000000 0.258839 1.427657
 405.000000 0.264437 2.151573
 406.000000 0.263882 1.284278
 407.000000 0.264661 1.171709
 408.000000 0.266040 2.532676
 409.000000 0.269741 1.208148
 410.000000 0.263752 0.849517
 411.000000 0.270200 1.319707
 412.000000 0.269144 1.907262
 413.000000 0.267347 0.693191
 414.000000 0.259113 0.742725
 415.000000 0.272440 1.377415
 416.000000 0.268888 1.026192
 417.000000 0.266267 1.054661
 418.000000 0.273556 1.612649
 419.000000 0.270060 1.827793
 420.000000 0.262185 1.206719
 421.000000 0.262371 0.825513
 422.000000 0.258477 0.490500
 423.000000 0.265047 0.897450
 424.000000 0.263843 0.868861
 425.000000 0.263574 1.058085
 426.000000 0.266445 1.236571
 427.000000 0.268275 1.310841
 428.000000 0.267592 1.055710
 429.000000 0.268553 0.952626
 430.000000 0.265745 0.803229
 431.000000 0.273717 1.487477
 432.000000 0.269981 1.398473
 433.000000 0.269282 1.160564
 434.000000 0.266638 1.118516
 435.000000 0.270297 1.772752
 436.000000 0.273831 2.505464
 437.000000 0.272015 1.977017
 438.000000 0.266161 0.888233
 439.000000 0.265893 1.093132
 440.000000 0.271217 1.194583
 441.000000 0.269743 1.282515
 442.000000 0.270946 1.641433
 443.000000 0.269753 1.482919
 444.000000 0.266231 1.092544
 445.000000 0.267595 1.002943
 446.000000 0.268048 1.330680
 447.000000 0.269525 1.198979
 448.000000 0.265050 0.765203
 449.000000 0.269771 1.487440
 450.000000 0.264395 1.020304
 451.000000 0.265920 0.948687
 452.000000 0.266226 0.897872
 453.000000 0.265907 0.999936
 454.000000 0.265870 1.673778
 455.000000 0.263035 0.981315
 456.000000 0.264608 0.827474
 457.000000 0.270386 1.837388
 458.000000 0.273674 1.175204
 459.000000 0.263493 0.890863
 460.000000 0.266961 0.968549
 461.000000 0.270529 1.028778
 462.000000 0.264288 0.776224
 463.000000 0.264828 0.965686
 464.000000 0.264845 0.825722
 465.000000 0.262539 1.011322
 466.000000 0.273939 2.132531
 467.000000 0.264030 0.710456
 468.000000 0.267671 1.222713
 469.000000 0.259821 0.705994
 470.000000 0.266397 1.053249
 471.000000 0.261553 1.508345
 472.000000 0.262335 0.994914
 473.000000 0.265121 0.840945
 474.000000 0.261938 0.967448
 475.000000 0.261950 0.790757
 476.000000 0.266365 0.897877
 477.000000 0.258582 0.898507
 478.000000 0.264777 0.656891
 479.000000 0.264348 0.984390
 480.000000 0.267197 0.872157
 481.000000 0.267490 1.482349
 482.000000 0.268681 1.389436
 483.000000 0.265811 0.897514
 484.000000 0.268722 1.431209
 485.000000 0.264021 1.292461
 486.000000 0.267717 1.711659
 487.000000 0.270575 1.720794
 488.000000 0.259240 0.529235
 489.000000 0.266343 1.201254
 490.000000 0.261637 0.629003
 491.000000 0.261389 1.369575
 492.000000 0.261743 0.556425
 493.000000 0.266933 0.984734
 494.000000 0.264265 1.062227
 495.000000 0.268202 1.037665
 496.000000 0.262237 0.550292
 497.000000 0.266143 0.906481
 498.000000 0.273379 1.563213
 499.000000 0.262251 0.427153
 500.000000 0.264129 1.691573
 501.000000 0.267676 1.137511
 502.000000 0.264429 1.055154
 503.000000 0.273312 1.513873
 504.000000 0.266090 0.757733
 505.000000 0.268971 1.286288
 506.000000 0.275774 1.227615
 507.000000 0.271852 1.099012
 508.000000 0.271456 2.170904
 509.000000 0.268813 1.122909
 510.000000 0.270382 1.966885
 511.000000 0.273021 1.014571
 512.000000 0.277090 2.822313
 513.000000 0.273468 1.153240
 514.000000 0.272205 1.019156
 515.000000 0.274424 1.339079
 516.000000 0.269525 1.014799
 517.000000 0.272123 1.441426
 518.000000 0.266211 0.853194
 519.000000 0.263658 0.596447
 520.000000 0.270318 0.731356
 521.000000 0.268231 0.937772
 522.000000 0.266234 0.809079
 523.000000 0.268304 0.842681
 524.000000 0.269699 0.825248
 525.000000 0.269581 1.398810
 526.000000 0.267619 1.734124
 527.000000 0.261710 0.619222
 528.000000 0.263581 0.842476
 529.000000 0.266352 0.680013
 530.000000 0.265045 0.761377
 531.000000 0.266678 0.772006
 532.000000 0.265681 0.888905
 533.000000 0.259944 0.520651
 534.000000 0.269644 1.078788
 535.000000 0.269527 0.720962
 536.000000 0.269006 1.234503
 537.000000 0.264678 1.086128
 538.000000 0.264109 0.826061
 539.000000 0.269234 1.038850
 540.000000 0.269236 1.489510
 541.000000 0.271177 1.448303
 542.000000 0.267910 1.096684
 543.000000 0.270986 1.559069
 544.000000 0.269277 1.298618
 545.000000 0.267495 1.190303
 546.000000 0.265272 1.289919
 547.000000 0.271512 3.333248
 548.000000 0.270100 1.431916
 549.000000 0.272207 1.691877
 550.000000 0.266023 0.982285
 551.000000 0.270866 1.962283
 552.000000 0.265906 0.930321
 553.000000 0.266585 1.215763
 554.000000 0.261167 0.722012
 555.000000 0.261534 0.788029
 556.000000 0.263076 0.589303
 557.000000 0.267089 1.093091
 558.000000 0.261523 0.631793
 559.000000 0.264820 1.827181
 560.000000 0.268542 1.002176
 561.000000 0.265289 0.996114
 562.000000 0.266975 1.302613
 563.000000 0.270949 1.161547
 564.000000 0.263668 0.796817
 565.000000 0.262538 1.012611
 566.000000 0.264879 0.571230
 567.000000 0.262412 1.032482
 568.000000 0.266185 1.150840
 569.000000 0.269265 0.712000
 570.000000 0.269930 0.969343
 571.000000 0.261335 0.637480
 572.000000 0.270840 1.514794
 573.000000 0.263005 0.886937
 574.000000 0.271791 0.913342
 575.000000 0.262016 0.907588
 576.000000 0.265986 0.657156
 577.000000 0.271796 1.327148
 578.000000 0.267010 0.615729
 579.000000 0.268975 1.226505
 580.000000 0.263063 0.932488
 581.000000 0.271874 1.151971
 582.000000 0.262279 0.995909
 583.000000 0.265511 0.788330
 584.000000 0.263253 1.166063
 585.000000 0.263678 0.700788
 586.000000 0.267368 1.436928
 587.000000 0.268641 1.650896
 588.000000 0.264812 0.764639
 589.000000 0.270048 1.331124
 590.000000 0.267596 0.823317
 591.000000 0.263764 0.579310
 592.000000 0.264705 0.742931
 593.000000 0.262021 0.862704
 594.000000 0.266664 0.835129
 595.000000 0.259552 0.991927
 596.000000 0.262456 0.681011
 597.000000 0.266013 1.610523
 598.000000 0.262730 1.056886
 599.000000 0.263147 1.286351
 600.000000 0.261130 0.911071
 601.000000 0.272964 1.308540
 602.000000 0.268873 1.538263
 603.000000 0.265040 1.159271
 604.000000 0.269066 1.149711
 605.000000 0.269529 1.330994
 606.000000 0.268957 3.039422
 607.000000 0.272134 2.223668
 608.000000 0.268395 1.113685
 609.000000 0.273993 1.636241
 610.000000 0.266751 1.022283
 611.000000 0.271232 1.266006
 612.000000 0.269892 1.408757
 613.000000 0.267566 0.944320
 614.000000 0.264613 2.028833
 615.000000 0.272104 1.435403
 616.000000 0.268752 0.996273
 617.000000 0.273560 1.407252
 618.000000 0.274721 1.468501
 619.000000 0.277640 2.522664
 620.000000 0.278415 2.714714
 621.000000 0.269262 0.925711
 622.000000 0.271822 0.915582
 623.000000 0.270753 1.671577
 624.000000 0.260901 0.953465
 625.000000 0.276355 2.071099
 626.000000 0.271393 0.968828
 627.000000 0.274595 1.335720
 628.000000 0.271314 1.281926
 629.000000 0.270704 1.519717
 630.000000 0.268729 1.126221
 631.000000 0.270436 1.564502
 632.000000 0.269458 1.283243
 633.000000 0.269606 1.213215
 634.000000 0.268401 1.092621
 635.000000 0.275469 2.085461
 636.000000 0.270167 1.186383
 637.000000 0.273392 1.809614
 638.000000 0.272837 2.838646
 639.000000 0.270432 1.295095
 640.000000 0.266957 0.943847
 641.000000 0.268301 0.627218
 642.000000 0.267649 1.321692
 643.000000 0.267875 0.907887
 644.000000 0.265451 0.905849
 645.000000 0.266259 1.360235
 646.000000 0.272738 1.236825
 647.000000 0.268965 1.503516
 648.000000 0.274888 1.914671
 649.000000 0.269620 0.946694
 650.000000 0.266465 1.921594
 651.000000 0.265234 0.749155
 652.000000 0.267267 1.854168
 653.000000 0.266283 1.497911
 654.000000 0.262413 0.611644
 655.000000 0.267321 0.928656
 656.000000 0.268473 1.081310
 657.000000 0.266498 0.806141
 658.000000 0.272869 1.169439
 659.000000 0.261229 0.724061
 660.000000 0.271079 1.220139
 661.000000 0.272949 1.330187
 662.000000 0.265165 0.835999
 663.000000 0.264335 0.663687
 664.000000 0.266642 1.337870
 665.000000 0.264335 0.670449
 666.000000 0.264651 0.701341
 667.000000 0.265556 1.013426
 668.000000 0.266990 1.013253
 669.000000 0.267827 0.981888
 670.000000 0.267644 1.373474
 671.000000 0.266563 1.257463
 672.000000 0.262377 0.863470
 673.000000 0.267196 1.184582
 674.000000 0.266756 0.987134
 675.000000 0.267667 0.720812
 676.000000 0.268810 1.164225
 677.000000 0.271497 1.746145
 678.000000 0.264995 1.175209
 679.000000 0.263320 1.151981
 680.000000 0.266939 1.330778
 681.000000 0.271813 1.782590
 682.000000 0.269252 2.155653
 683.000000 0.277283 2.135248
 684.000000 0.273891 3.040763
 685.000000 0.273554 3.043550
 686.000000 0.275505 2.452694
 687.000000 0.271204 1.570464
 688.000000 0.275028 2.412280
 689.000000 0.284425 5.417666
 690.000000 0.276225 2.405273
 691.000000 0.277989 2.564102
 692.000000 0.271704 1.977171
 693.000000 0.269703 1.392334
 694.000000 0.283070 3.881905
 695.000000 0.269192 1.730009
 696.000000 0.273298 1.814322
 697.000000 0.269692 1.156272
 698.000000 0.274552 3.145671
 699.000000 0.269563 1.586173
 700.000000 0.273019 1.577992
 701.000000 0.272715 1.455811
 702.000000 0.271728 1.732970
 703.000000 0.263829 1.161902
 704.000000 0.271870 1.670623
 705.000000 0.263042 0.802826
 706.000000 0.281278 2.956406
 707.000000 0.281535 2.156286
 708.000000 0.273577 1.873964
 709.000000 0.273094 2.694433
 710.000000 0.275139 2.659968
 711.000000 0.270956 1.853735
 712.000000 0.270757 2.390334
 713.000000 0.272936 1.943412
 714.000000 0.275286 2.317269
 715.000000 0.266060 0.750741
 716.000000 0.271828 2.414249
 717.000000 0.273099 2.144237
 718.000000 0.271224 1.335442
 719.000000 0.269159 1.313602
 720.000000 0.267056 0.934831
 721.000000 0.274239 1.300852
 722.000000 0.272087 1.445442
 723.000000 0.270804 1.709401
 724.000000 0.266819 1.539406
 725.000000 0.264052 0.885331
 726.000000 0.266199 0.982664
 727.000000 0.268245 1.221298
 728.000000 0.271518 0.972824
 729.000000 0.268679 1.052460
 730.000000 0.268565 1.539161
 731.000000 0.275313 2.777242
 732.000000 0.265298 1.459965
 733.000000 0.272116 1.459842
 734.000000 0.267662 0.790882
 735.000000 0.263492 0.869927
 736.000000 0.267836 1.058476
 737.000000 0.270527 1.090800
 738.000000 0.267172 1.951104
 739.000000 0.269926 1.498669
 740.000000 0.268938 1.594629
 741.000000 0.267865 1.583574
 742.000000 0.268488 1.037950
 743.000000 0.266467 1.251812
 744.000000 0.267007 1.811181
 745.000000 0.266773 1.836460
 746.000000 0.273111 2.439678
 747.000000 0.268823 2.353476
 748.000000 0.276765 3.679306
 749.000000 0.261697 0.853736
 750.000000 0.274884 2.523469
 751.000000 0.272044 1.355088
 752.000000 0.274144 2.365556
 753.000000 0.276923 2.202668
 754.000000 0.272876 0.789349
 755.000000 0.281163 2.819713
 756.000000 0.272046 1.249853
 757.000000 0.277205 1.170350
 758.000000 0.268220 0.927646
 759.000000 0.272511 1.094626
 760.000000 0.269654 0.924247
 761.000000 0.269949 1.266034
 762.000000 0.273788 1.154749
 763.000000 0.270569 1.713310
 764.000000 0.270110 1.756976
 765.000000 0.268030 1.088985
 766.000000 0.278127 2.229901
 767.000000 0.274440 2.129227
 768.000000 0.270763 1.831549
 769.000000 0.270187 1.409878
 770.000000 0.266232 0.967310
 771.000000 0.271608 1.297852
 772.000000 0.273044 2.630817
 773.000000 0.267994 1.459097
 774.000000 0.274037 1.514032
 775.000000 0.271028 1.609311
 776.000000 0.273195 1.544969
 777.000000 0.268982 1.173885
 778.000000 0.268967 1.215637
 779.000000 0.271285 1.557195
 780.000000 0.275047 2.034717
 781.000000 0.267985 1.197200
 782.000000 0.267962 0.703891
 783.000000 0.273249 1.783820
 784.000000 0.272744 1.684029
 785.000000 0.270766 1.257287
 786.000000 0.267575 1.691897
 787.000000 0.264981 1.025034
 788.000000 0.271462 1.089930
 789.000000 0.269934 1.949253
 790.000000 0.267787 1.735029
 791.000000 0.267254 1.332231
 792.000000 0.266320 1.447359
 793.000000 0.261444 0.942123
 794.000000 0.264961 1.425887
 795.000000 0.256337 1.045987
 796.000000 0.269735 2.092911
 797.000000 0.260913 1.058288
 798.000000 0.262562 0.794017
 799.000000 0.258561 0.644286
 800.000000 0.258734 0.526967
 801.000000 0.262729 0.917992
 802.000000 0.259617 0.486799
 803.000000 0.259338 0.674718
 804.000000 0.261734 0.895846
 805.000000 0.256922 0.592649
 806.000000 0.267726 1.079725
 807.000000 0.267545 1.431467
 808.000000 0.263966 0.837887
 809.000000 0.261645 1.497178
 810.000000 0.261053 0.839047
 811.000000 0.264875 0.900069
 812.000000 0.268085 0.930153
 813.000000 0.266508 1.557171
 814.000000 0.264540 0.801623
 815.000000 0.261342 0.421159
 816.000000 0.264557 0.680997
 817.000000 0.261293 0.654492
 818.000000 0.264412 0.977282
 819.000000 0.265647 0.746049
 820.000000 0.262206 0.605391
 821.000000 0.261973 0.539016
 822.000000 0.258781 0.613593
 823.000000 0.255237 0.347376
 824.000000 0.258737 0.644077
 825.000000 0.253925 0.416272
 826.000000 0.261402 1.274147
 827.000000 0.261534 0.784216
 828.000000 0.262549 0.982982
 829.000000 0.266819 2.048646
 830.000000 0.269924 2.753655
 831.000000 0.271574 1.752985
 832.000000 0.261897 0.763886
 833.000000 0.266774 1.784117
 834.000000 0.263130 1.244674
 835.000000 0.265201 1.294080
 836.000000 0.262512 1.476461
 837.000000 0.266883 2.920053
 838.000000 0.270916 1.328654
 839.000000 0.269883 1.804438
 840.000000 0.264759 0.949408
 841.000000 0.266885 2.077362
 842.000000 0.258347 1.257376
 843.000000 0.265079 1.016978
 844.000000 0.265644 1.790781
 845.000000 0.269949 1.605592
 846.000000 0.266498 1.548317
 847.000000 0.269849 1.224612
 848.000000 0.266060 1.342080
 849.000000 0.264196 0.751854
 850.000000 0.260931 0.794527
 851.000000 0.259513 1.451170
 852.000000 0.271150 1.363753
 853.000000 0.261807 1.056227
 854.000000 0.267567 2.770254
 855.000000 0.258510 0.694984
 856.000000 0.265062 1.276527
 857.000000 0.260592 0.865653
 858.000000 0.261377 0.807120
 859.000000 0.263866 1.053899
 860.000000 0.267507 1.136292
 861.000000 0.263153 1.024045
 862.000000 0.265085 0.884830
 863.000000 0.267784 1.277844
 864.000000 0.263878 0.990485
 865.000000 0.266921 0.936594
 866.000000 0.266381 0.873454
 867.000000 0.269009 1.062826
 868.000000 0.264611 1.153193
 869.000000 0.260614 0.879020
 870.000000 0.260536 0.624951
 871.000000 0.264179 0.701151
 872.000000 0.265189 0.883794
 873.000000 0.263924 0.759560
 874.000000 0.256190 0.632338
 875.000000 0.264737 1.519439
 876.000000 0.262509 0.672623
 877.000000 0.266759 1.632039
 878.000000 0.260267 0.748396
 879.000000 0.266666 1.002938
 880.000000 0.256657 0.433059
 881.000000 0.258301 1.136643
 882.000000 0.260673 0.721704
 883.000000 0.259220 0.576855
 884.000000 0.257065 0.586546
 885.000000 0.259577 0.456981
 886.000000 0.265413 0.897348
 887.000000 0.254629 0.578789
 888.000000 0.258738 0.947058
 889.000000 0.258938 0.825255
 890.000000 0.260021 0.734495
 891.000000 0.256847 0.723637
 892.000000 0.264016 0.737130
 893.000000 0.261102 0.537040
 894.000000 0.256445 0.520362
 895.000000 0.258657 0.544750
 896.000000 0.262537 0.886050
 897.000000 0.267371 1.926934
 898.000000 0.268247 0.769051
 899.000000 0.265104 0.794260
 900.000000 0.266026 0.751269
 901.000000 0.267038 0.748981
 902.000000 0.269237 1.391262
 903.000000 0.269455 0.901945
 904.000000 0.266661 1.193390
 905.000000 0.270282 1.225887
 906.000000 0.272477 1.551645
 907.000000 0.265795 0.885287
 908.000000 0.264550 1.003637
 909.000000 0.273806 2.064417
 910.000000 0.270128 1.444099
 911.000000 0.265947 0.904068
 912.000000 0.263143 1.403103
 913.000000 0.270364 1.043215
 914.000000 0.271476 2.431424
 915.000000 0.268355 2.020815
 916.000000 0.264558 1.069524
 917.000000 0.269616 1.198136
 918.000000 0.271350 2.264212
 919.000000 0.269819 1.521455
 920.000000 0.265555 1.528220
 921.000000 0.261139 1.130028
 922.000000 0.273411 1.505561
 923.000000 0.274886 1.552425
 924.000000 0.270049 1.425400
 925.000000 0.263376 0.710418
 926.000000 0.265614 1.134570
 927.000000 0.269799 1.545593
 928.000000 0.266117 1.402300
 929.000000 0.269885 1.276787
 930.000000 0.265698 0.683367
 931.000000 0.260835 0.921427
 932.000000 0.261292 0.607464
 933.000000 0.269554 1.285863
 934.000000 0.261707 0.696555
 935.000000 0.266377 0.752018
 936.000000 0.261463 0.514034
 937.000000 0.263000 0.809058
 938.000000 0.263672 0.974953
 939.000000 0.268585 1.665281
 940.000000 0.261515 0.563283
 941.000000 0.261991 0.598311
 942.000000 0.262661 0.752424
 943.000000 0.259724 0.749958
 944.000000 0.267182 0.715128
 945.000000 0.259715 0.761311
 946.000000 0.263324 0.784257
 947.000000 0.265266 0.812887
 948.000000 0.264872 0.853814
 949.000000 0.265308 1.046144
 950.000000 0.267644 0.946593
 951.000000 0.264381 0.930219
 952.000000 0.264881 1.089799
 953.000000 0.263811 0.683881
 954.000000 0.264129 0.829876
 955.000000 0.255879 0.521474
 956.000000 0.254995 0.529442
 957.000000 0.262700 0.740980
 958.000000 0.267989 1.444848
 959.000000 0.267818 1.552470
 960.000000 0.268283 2.019935
 961.000000 0.262048 0.649996
 962.000000 0.264025 0.774693
 963.000000 0.264534 0.655075
 964.000000 0.267011 0.997895
 965.000000 0.267867 1.193895
 966.000000 0.266342 1.599306
 967.000000 0.266880 1.338115
 968.000000 0.267080 1.062695
 969.000000 0.263307 0.661838
 970.000000 0.260320 0.554554
 971.000000 0.260272 0.453876
 972.000000 0.263060 0.714623
 973.000000 0.262334 0.725733
 974.000000 0.270637 1.081990
 975.000000 0.258551 0.643885
 976.000000 0.268246 1.777267
 977.000000 0.266355 1.155478
 978.000000 0.268983 1.492670
 979.000000 0.266335 1.256705
 980.000000 0.266886 0.851009
 981.000000 0.266852 0.923450
 982.000000 0.268209 1.440203
 983.000000 0.266492 0.879574
 984.000000 0.265779 0.978580
 985.000000 0.263724 0.962868
 986.000000 0.268426 1.360940
 987.000000 0.262320 0.706985
 988.000000 0.261146 0.720663
 989.000000 0.266540 1.239635
 990.000000 0.273959 1.663685
 991.000000 0.274018 1.431020
 992.000000 0.260919 0.684828
 993.000000 0.266463 1.085378
 994.000000 0.270997 1.218011
 995.000000 0.262188 1.148733
 996.000000 0.265004 1.254883
 997.000000 0.267642 1.492847
 998.000000 0.259547 0.835922
 999.000000 0.265065 1.388978
 1000.000000 0.265882 1.080686
