# Time-averaged data for fix AVG
# TimeStep v_Vol v_H
1000000 8.90183 1.75686
1001000 8.78718 -3.77203
1002000 8.78287 -3.6218
1003000 8.74341 -3.69198
1004000 8.77191 -3.71716
1005000 8.85662 -3.52771
1006000 8.76527 -3.47077
1007000 8.82325 -3.67114
1008000 8.72111 -3.41462
1009000 8.68954 -3.44825
1010000 8.90337 -3.6835
1011000 8.75309 -3.42552
1012000 8.88886 -3.57085
1013000 8.74452 -3.32017
1014000 8.72582 -3.69948
1015000 8.7276 -3.56419
1016000 8.77576 -3.59223
1017000 8.75913 -3.64171
1018000 8.77358 -3.62587
1019000 8.78698 -3.51906
1020000 8.82517 -3.79164
1021000 8.72953 -3.59425
1022000 8.74238 -3.50256
1023000 8.77201 -3.70119
1024000 8.84572 -3.43881
1025000 8.78167 -3.67077
1026000 8.77991 -3.58448
1027000 8.77528 -3.65491
1028000 8.69755 -3.56851
1029000 8.80939 -3.67055
1030000 8.82374 -3.64381
1031000 8.95142 -3.74315
1032000 8.73562 -3.41742
1033000 8.8087 -3.57059
1034000 8.78985 -3.6835
1035000 8.70974 -3.55208
1036000 8.78272 -3.68593
1037000 8.7328 -3.53221
1038000 8.6385 -3.49645
1039000 8.72427 -3.52207
1040000 8.76269 -3.67556
1041000 8.85511 -3.8715
1042000 8.80705 -3.57352
1043000 8.78812 -3.69107
1044000 8.80019 -3.65044
1045000 8.8232 -4.00351
1046000 8.74945 -3.29849
1047000 8.75143 -3.59982
1048000 8.75206 -3.51363
1049000 8.73397 -3.50582
1050000 8.71063 -3.5074
1051000 8.87194 -3.68356
1052000 8.79918 -3.58582
1053000 8.77374 -3.6859
1054000 8.81551 -3.47094
1055000 8.94393 -3.71853
1056000 8.78294 -3.76544
1057000 8.78759 -3.81952
1058000 8.69005 -3.43255
1059000 8.78337 -3.8732
1060000 8.66806 -3.51844
1061000 8.76373 -3.6949
1062000 8.74505 -3.69789
1063000 8.75188 -3.54741
1064000 8.78476 -3.73222
1065000 8.61575 -3.57281
1066000 8.76855 -3.5416
1067000 8.75582 -3.63515
1068000 8.69547 -3.44483
1069000 8.65565 -3.42997
1070000 8.84911 -3.868
1071000 8.70978 -3.59999
1072000 8.75424 -3.40646
1073000 8.79388 -3.66172
1074000 8.68255 -3.65743
1075000 8.71648 -3.82753
1076000 8.74901 -3.70328
1077000 8.67692 -3.78701
1078000 8.71252 -3.52907
1079000 8.75244 -3.66286
1080000 8.63836 -3.53797
1081000 8.64971 -3.59359
1082000 8.69712 -3.61935
1083000 8.74756 -3.70465
1084000 8.75236 -3.59415
1085000 8.82409 -3.52855
1086000 8.75381 -3.73645
1087000 8.66301 -3.81094
1088000 8.63671 -3.51351
1089000 8.83286 -3.80958
1090000 8.68214 -3.63027
1091000 8.67601 -3.72478
1092000 8.68297 -3.64787
1093000 8.70795 -3.73277
1094000 8.74928 -3.71081
1095000 8.6819 -3.64683
1096000 8.53932 -3.40306
1097000 8.70892 -3.58483
1098000 8.72866 -3.78
1099000 8.65834 -3.68399
1100000 8.54579 -3.57589
1101000 8.60169 -3.69666
1102000 8.78198 -3.66986
1103000 8.77538 -3.62294
1104000 8.70423 -3.6897
1105000 8.8316 -3.6573
1106000 8.65544 -3.61747
1107000 8.7014 -3.68523
1108000 8.74385 -3.53409
1109000 8.77991 -3.61733
1110000 8.86802 -3.77992
1111000 8.82098 -3.55911
1112000 8.62319 -3.55235
1113000 8.80479 -3.63629
1114000 8.83862 -3.51897
1115000 8.79226 -3.76712
1116000 8.73601 -3.57226
1117000 8.73805 -3.77265
1118000 8.7018 -3.65494
1119000 8.67862 -3.56865
1120000 8.73434 -3.77884
1121000 8.74653 -3.49726
1122000 8.96404 -3.70893
1123000 8.90642 -3.69852
1124000 8.85308 -3.78419
1125000 8.96575 -3.62602
1126000 8.77956 -3.45464
1127000 8.91638 -3.64584
1128000 8.72135 -3.50929
1129000 8.92253 -3.78188
1130000 8.8899 -3.83905
1131000 8.69348 -3.83543
1132000 8.73881 -3.80536
1133000 8.76659 -3.69767
1134000 8.83899 -3.8561
1135000 8.77556 -3.80349
1136000 8.86733 -3.66204
1137000 8.83698 -3.78709
1138000 8.78972 -3.71498
1139000 8.59525 -3.49191
1140000 8.53548 -3.49329
1141000 8.64307 -3.70353
1142000 8.6851 -3.68792
1143000 8.63996 -3.626
1144000 8.71898 -3.8137
1145000 8.71004 -3.64734
1146000 8.65464 -3.60687
1147000 8.75389 -3.87903
1148000 8.66741 -3.79328
1149000 8.69062 -3.78557
1150000 8.59198 -3.74837
1151000 8.70478 -3.63689
1152000 8.56893 -3.65608
1153000 8.78108 -3.73873
1154000 8.75051 -3.657
1155000 8.73241 -3.57894
1156000 8.81984 -3.78608
1157000 8.79284 -3.70391
1158000 8.63941 -3.43576
1159000 8.65106 -3.58168
1160000 8.79195 -3.70883
1161000 8.62594 -3.5492
1162000 8.71462 -3.59377
1163000 8.76029 -3.48776
1164000 8.73445 -3.75732
1165000 8.71774 -3.7466
1166000 8.67474 -3.55107
1167000 8.68621 -3.69185
1168000 8.66021 -3.73463
1169000 8.68786 -3.51321
1170000 8.72896 -3.67401
1171000 8.6935 -3.64007
1172000 8.63474 -3.65416
1173000 8.72257 -3.59271
1174000 8.79326 -3.91814
1175000 8.59799 -3.44316
1176000 8.70176 -3.719
1177000 8.76121 -3.59988
1178000 8.79189 -3.65688
1179000 8.74923 -3.57874
1180000 8.73217 -3.69152
1181000 8.71755 -3.70926
1182000 8.82833 -3.59207
1183000 8.78302 -3.61345
1184000 8.74825 -3.85223
1185000 8.65826 -3.44966
1186000 8.76237 -3.61498
1187000 8.71063 -3.62133
1188000 8.73237 -3.64313
1189000 8.65329 -3.64795
1190000 8.79852 -3.761
1191000 8.60536 -3.569
1192000 8.80412 -3.88979
1193000 8.75095 -3.84515
1194000 8.65251 -3.43058
1195000 8.59652 -3.48165
1196000 8.72431 -3.54773
1197000 8.80995 -3.93721
1198000 8.81344 -3.69677
1199000 8.84938 -3.61677
1200000 8.6545 -3.45523
1201000 8.79675 -3.64565
1202000 8.74046 -3.3846
1203000 8.64747 -3.75383
1204000 8.77988 -3.77995
1205000 8.76708 -3.72665
1206000 8.77649 -3.70532
1207000 8.71984 -3.67594
1208000 8.61206 -3.52874
1209000 8.75977 -3.59787
1210000 8.67206 -3.48037
1211000 8.81389 -3.55972
1212000 8.6613 -3.42325
1213000 8.74634 -3.64949
1214000 8.7543 -3.64668
1215000 8.80337 -3.77043
1216000 8.72229 -3.65222
1217000 8.82747 -3.76813
1218000 8.76185 -3.65926
1219000 8.7274 -3.51821
1220000 8.76635 -3.54356
1221000 8.69931 -3.61841
1222000 8.76409 -3.71005
1223000 8.66132 -3.63325
1224000 8.62912 -3.5319
1225000 8.73996 -3.78376
1226000 8.8555 -3.74548
1227000 8.78459 -3.50866
1228000 8.81498 -3.64889
1229000 8.70061 -3.67059
1230000 8.81587 -3.6455
1231000 8.84894 -3.52587
1232000 8.88458 -3.46658
1233000 8.86398 -3.6229
1234000 8.83408 -3.6663
1235000 8.81735 -3.87898
1236000 8.79516 -3.41365
1237000 8.74809 -3.55154
1238000 8.67861 -3.59204
1239000 8.80041 -3.66226
1240000 8.6995 -3.56271
1241000 8.74423 -3.84352
1242000 8.72723 -3.5985
1243000 8.72383 -3.59383
1244000 8.7823 -3.52179
1245000 8.82765 -3.61308
1246000 8.80255 -3.53165
1247000 8.71516 -3.38599
1248000 8.76938 -3.67104
1249000 8.6732 -3.66292
1250000 8.73492 -3.4156
