#! FIELDS time refcv.mean refcv.morethan uwall.bias uwall.force2 lwall.bias lwall.force2 refcv2.mean refcv2.morethan
 0.000000 0.780158 384.593304 0.000000 0.000000 0.000000 0.000000 0.780158 402.000000
 1.000000 0.774532 379.484659 0.000000 0.000000 0.000000 0.000000 0.774532 407.000000
 2.000000 0.779311 384.084933 0.000000 0.000000 0.000000 0.000000 0.779311 408.000000
 3.000000 0.777731 384.060199 0.000000 0.000000 0.000000 0.000000 0.777731 411.000000
 4.000000 0.773702 381.884332 0.000000 0.000000 0.000000 0.000000 0.773702 406.000000
 5.000000 0.779405 389.076102 0.000000 0.000000 0.000000 0.000000 0.779405 414.000000
 6.000000 0.770617 370.921448 0.000000 0.000000 0.000000 0.000000 0.770617 403.000000
 7.000000 0.777962 385.225596 0.000000 0.000000 0.000000 0.000000 0.777962 410.000000
 8.000000 0.776682 381.459873 0.000000 0.000000 0.000000 0.000000 0.776682 411.000000
 9.000000 0.776295 381.844496 0.000000 0.000000 0.000000 0.000000 0.776295 409.000000
 10.000000 0.776372 379.816695 0.000000 0.000000 0.000000 0.000000 0.776372 404.000000
 11.000000 0.770573 375.662704 0.000000 0.000000 0.000000 0.000000 0.770573 406.000000
 12.000000 0.772498 377.015293 0.000000 0.000000 0.000000 0.000000 0.772498 404.000000
 13.000000 0.777630 389.749890 0.000000 0.000000 0.000000 0.000000 0.777630 423.000000
 14.000000 0.779959 392.784212 0.000000 0.000000 0.000000 0.000000 0.779959 416.000000
 15.000000 0.781741 396.096148 0.000000 0.000000 0.000000 0.000000 0.781741 423.000000
 16.000000 0.774261 384.331032 0.000000 0.000000 0.000000 0.000000 0.774261 423.000000
 17.000000 0.774290 384.249816 0.000000 0.000000 0.000000 0.000000 0.774290 417.000000
 18.000000 0.776486 391.874975 0.000000 0.000000 0.000000 0.000000 0.776486 423.000000
 19.000000 0.779905 388.545416 0.000000 0.000000 0.000000 0.000000 0.779905 412.000000
 20.000000 0.783109 402.687749 0.000000 0.000000 0.000000 0.000000 0.783109 435.000000
 21.000000 0.779039 393.793195 0.000000 0.000000 0.000000 0.000000 0.779039 418.000000
 22.000000 0.771300 384.771059 0.000000 0.000000 0.000000 0.000000 0.771300 424.000000
 23.000000 0.777740 390.948804 0.000000 0.000000 0.000000 0.000000 0.777740 422.000000
 24.000000 0.771611 383.143270 0.000000 0.000000 0.000000 0.000000 0.771611 420.000000
 25.000000 0.777765 393.774609 0.000000 0.000000 0.000000 0.000000 0.777765 428.000000
 26.000000 0.774569 386.168963 0.000000 0.000000 0.000000 0.000000 0.774569 423.000000
 27.000000 0.778399 394.241206 0.000000 0.000000 0.000000 0.000000 0.778399 433.000000
 28.000000 0.776640 390.657967 0.000000 0.000000 0.000000 0.000000 0.776640 427.000000
 29.000000 0.778747 393.067883 0.000000 0.000000 0.000000 0.000000 0.778747 423.000000
 30.000000 0.776494 387.010518 0.000000 0.000000 0.000000 0.000000 0.776494 429.000000
 31.000000 0.779048 397.439742 0.000000 0.000000 0.000000 0.000000 0.779048 427.000000
 32.000000 0.776024 387.257855 0.000000 0.000000 0.000000 0.000000 0.776024 412.000000
 33.000000 0.781969 396.536289 0.000000 0.000000 0.000000 0.000000 0.781969 429.000000
 34.000000 0.779676 391.990228 0.000000 0.000000 0.000000 0.000000 0.779676 429.000000
 35.000000 0.781584 393.616980 0.000000 0.000000 0.000000 0.000000 0.781584 418.000000
 36.000000 0.776214 391.827556 0.000000 0.000000 0.000000 0.000000 0.776214 439.000000
 37.000000 0.775272 392.535921 0.000000 0.000000 0.000000 0.000000 0.775272 424.000000
 38.000000 0.781428 395.710484 0.000000 0.000000 0.000000 0.000000 0.781428 424.000000
 39.000000 0.781402 399.508413 0.000000 0.000000 0.000000 0.000000 0.781402 432.000000
 40.000000 0.775593 389.153886 0.000000 0.000000 0.000000 0.000000 0.775593 425.000000
 41.000000 0.767869 370.611148 0.000000 0.000000 0.000000 0.000000 0.767869 403.000000
 42.000000 0.776900 391.100423 0.000000 0.000000 0.000000 0.000000 0.776900 421.000000
 43.000000 0.775803 385.798614 0.000000 0.000000 0.000000 0.000000 0.775803 422.000000
 44.000000 0.775087 389.194420 0.000000 0.000000 0.000000 0.000000 0.775087 416.000000
 45.000000 0.777544 391.666294 0.000000 0.000000 0.000000 0.000000 0.777544 426.000000
 46.000000 0.777105 393.618343 0.000000 0.000000 0.000000 0.000000 0.777105 426.000000
 47.000000 0.779073 394.978067 0.000000 0.000000 0.000000 0.000000 0.779073 426.000000
 48.000000 0.779875 396.979989 0.000000 0.000000 0.000000 0.000000 0.779875 438.000000
 49.000000 0.781586 393.594988 0.000000 0.000000 0.000000 0.000000 0.781586 431.000000
 50.000000 0.774607 392.973086 0.000000 0.000000 0.000000 0.000000 0.774607 436.000000
 51.000000 0.775814 387.412882 0.000000 0.000000 0.000000 0.000000 0.775814 422.000000
 52.000000 0.770975 381.937207 0.000000 0.000000 0.000000 0.000000 0.770975 416.000000
 53.000000 0.780434 390.506062 0.000000 0.000000 0.000000 0.000000 0.780434 419.000000
 54.000000 0.771708 379.993771 0.000000 0.000000 0.000000 0.000000 0.771708 405.000000
 55.000000 0.765212 369.095337 0.000000 0.000000 0.000000 0.000000 0.765212 399.000000
 56.000000 0.773956 378.332031 0.000000 0.000000 0.000000 0.000000 0.773956 401.000000
 57.000000 0.774082 388.193887 0.000000 0.000000 0.000000 0.000000 0.774082 422.000000
 58.000000 0.771584 382.400394 0.000000 0.000000 0.000000 0.000000 0.771584 411.000000
 59.000000 0.776011 387.986392 0.000000 0.000000 0.000000 0.000000 0.776011 419.000000
 60.000000 0.768179 370.464663 0.000000 0.000000 0.000000 0.000000 0.768179 401.000000
 61.000000 0.770498 375.839992 0.000000 0.000000 0.000000 0.000000 0.770498 411.000000
 62.000000 0.771475 372.025990 0.000000 0.000000 0.000000 0.000000 0.771475 398.000000
 63.000000 0.776158 383.011654 0.000000 0.000000 0.000000 0.000000 0.776158 418.000000
 64.000000 0.776789 382.464645 0.000000 0.000000 0.000000 0.000000 0.776789 411.000000
 65.000000 0.773561 380.181567 0.000000 0.000000 0.000000 0.000000 0.773561 417.000000
 66.000000 0.772517 383.718101 0.000000 0.000000 0.000000 0.000000 0.772517 415.000000
 67.000000 0.768674 376.250595 0.000000 0.000000 0.000000 0.000000 0.768674 414.000000
 68.000000 0.769367 376.042049 0.000000 0.000000 0.000000 0.000000 0.769367 411.000000
 69.000000 0.769794 373.393486 0.000000 0.000000 0.000000 0.000000 0.769794 408.000000
 70.000000 0.766732 367.013965 0.000000 0.000000 0.000000 0.000000 0.766732 398.000000
 71.000000 0.766077 366.929688 0.000000 0.000000 0.000000 0.000000 0.766077 401.000000
 72.000000 0.765653 368.414617 0.000000 0.000000 0.000000 0.000000 0.765653 398.000000
 73.000000 0.766027 364.038383 0.000000 0.000000 0.000000 0.000000 0.766027 398.000000
 74.000000 0.761499 363.064320 0.000000 0.000000 0.000000 0.000000 0.761499 395.000000
 75.000000 0.768924 373.280480 0.000000 0.000000 0.000000 0.000000 0.768924 398.000000
 76.000000 0.770836 377.580208 0.000000 0.000000 0.000000 0.000000 0.770836 405.000000
 77.000000 0.762373 359.028906 0.000000 0.000000 0.000000 0.000000 0.762373 390.000000
 78.000000 0.769891 371.509260 0.000000 0.000000 0.000000 0.000000 0.769891 400.000000
 79.000000 0.768931 377.727044 0.000000 0.000000 0.000000 0.000000 0.768931 412.000000
 80.000000 0.767826 371.718593 0.000000 0.000000 0.000000 0.000000 0.767826 407.000000
 81.000000 0.772128 377.216265 0.000000 0.000000 0.000000 0.000000 0.772128 409.000000
 82.000000 0.776352 385.974851 0.000000 0.000000 0.000000 0.000000 0.776352 422.000000
 83.000000 0.768728 376.744124 0.000000 0.000000 0.000000 0.000000 0.768728 416.000000
 84.000000 0.770990 383.661550 0.000000 0.000000 0.000000 0.000000 0.770990 419.000000
 85.000000 0.771200 380.566053 0.000000 0.000000 0.000000 0.000000 0.771200 416.000000
 86.000000 0.774912 387.823776 0.000000 0.000000 0.000000 0.000000 0.774912 415.000000
 87.000000 0.771387 385.372248 0.000000 0.000000 0.000000 0.000000 0.771387 415.000000
 88.000000 0.766918 372.209713 0.000000 0.000000 0.000000 0.000000 0.766918 408.000000
 89.000000 0.775629 385.387881 0.000000 0.000000 0.000000 0.000000 0.775629 421.000000
 90.000000 0.770950 377.607007 0.000000 0.000000 0.000000 0.000000 0.770950 415.000000
 91.000000 0.773261 381.642304 0.000000 0.000000 0.000000 0.000000 0.773261 410.000000
 92.000000 0.769897 374.722270 0.000000 0.000000 0.000000 0.000000 0.769897 404.000000
 93.000000 0.767569 377.462682 0.000000 0.000000 0.000000 0.000000 0.767569 416.000000
 94.000000 0.764433 365.420071 0.000000 0.000000 0.000000 0.000000 0.764433 407.000000
 95.000000 0.773666 378.155167 0.000000 0.000000 0.000000 0.000000 0.773666 416.000000
 96.000000 0.773453 384.225458 0.000000 0.000000 0.000000 0.000000 0.773453 420.000000
 97.000000 0.769268 374.149312 0.000000 0.000000 0.000000 0.000000 0.769268 413.000000
 98.000000 0.773944 384.942867 0.000000 0.000000 0.000000 0.000000 0.773944 422.000000
 99.000000 0.768205 382.773701 0.000000 0.000000 0.000000 0.000000 0.768205 424.000000
 100.000000 0.769819 380.807261 0.000000 0.000000 0.000000 0.000000 0.769819 418.000000
 101.000000 0.772222 387.427090 0.000000 0.000000 0.000000 0.000000 0.772222 417.000000
 102.000000 0.777255 395.143604 0.000000 0.000000 0.000000 0.000000 0.777255 427.000000
 103.000000 0.773741 391.167669 0.000000 0.000000 0.000000 0.000000 0.773741 424.000000
 104.000000 0.776047 392.962687 0.000000 0.000000 0.000000 0.000000 0.776047 429.000000
 105.000000 0.773267 388.887682 0.000000 0.000000 0.000000 0.000000 0.773267 429.000000
 106.000000 0.775189 388.070526 0.000000 0.000000 0.000000 0.000000 0.775189 422.000000
 107.000000 0.772566 387.372235 0.000000 0.000000 0.000000 0.000000 0.772566 425.000000
 108.000000 0.782318 397.177183 0.000000 0.000000 0.000000 0.000000 0.782318 427.000000
 109.000000 0.781111 396.642810 0.000000 0.000000 0.000000 0.000000 0.781111 426.000000
 110.000000 0.776853 390.536194 0.000000 0.000000 0.000000 0.000000 0.776853 421.000000
 111.000000 0.780190 387.973068 0.000000 0.000000 0.000000 0.000000 0.780190 418.000000
 112.000000 0.777126 390.783184 0.000000 0.000000 0.000000 0.000000 0.777126 428.000000
 113.000000 0.779689 396.348882 0.000000 0.000000 0.000000 0.000000 0.779689 426.000000
 114.000000 0.778376 388.321390 0.000000 0.000000 0.000000 0.000000 0.778376 425.000000
 115.000000 0.782430 403.025024 0.000000 0.000000 0.000000 0.000000 0.782430 439.000000
 116.000000 0.782835 400.431580 0.000000 0.000000 0.000000 0.000000 0.782835 434.000000
 117.000000 0.778612 394.241055 0.000000 0.000000 0.000000 0.000000 0.778612 443.000000
 118.000000 0.780906 397.841572 0.000000 0.000000 0.000000 0.000000 0.780906 435.000000
 119.000000 0.779467 399.227920 0.000000 0.000000 0.000000 0.000000 0.779467 437.000000
 120.000000 0.780731 399.841635 0.000000 0.000000 0.000000 0.000000 0.780731 434.000000
 121.000000 0.780866 400.628047 0.000000 0.000000 0.000000 0.000000 0.780866 430.000000
 122.000000 0.778694 394.732978 0.000000 0.000000 0.000000 0.000000 0.778694 424.000000
 123.000000 0.775520 389.620865 0.000000 0.000000 0.000000 0.000000 0.775520 416.000000
 124.000000 0.767831 379.257737 0.000000 0.000000 0.000000 0.000000 0.767831 415.000000
 125.000000 0.766315 376.850477 0.000000 0.000000 0.000000 0.000000 0.766315 416.000000
 126.000000 0.778203 394.515984 0.000000 0.000000 0.000000 0.000000 0.778203 428.000000
 127.000000 0.776331 392.532741 0.000000 0.000000 0.000000 0.000000 0.776331 424.000000
 128.000000 0.775463 387.923044 0.000000 0.000000 0.000000 0.000000 0.775463 416.000000
 129.000000 0.786718 402.715786 0.000000 0.000000 0.000000 0.000000 0.786718 431.000000
 130.000000 0.772538 380.869893 0.000000 0.000000 0.000000 0.000000 0.772538 417.000000
 131.000000 0.777477 394.610357 0.000000 0.000000 0.000000 0.000000 0.777477 425.000000
 132.000000 0.776352 387.374206 0.000000 0.000000 0.000000 0.000000 0.776352 430.000000
 133.000000 0.768076 383.728466 0.000000 0.000000 0.000000 0.000000 0.768076 419.000000
 134.000000 0.777644 394.658319 0.000000 0.000000 0.000000 0.000000 0.777644 423.000000
 135.000000 0.770419 392.064089 0.000000 0.000000 0.000000 0.000000 0.770419 434.000000
 136.000000 0.775906 392.989699 0.000000 0.000000 0.000000 0.000000 0.775906 430.000000
 137.000000 0.782772 403.285327 0.000000 0.000000 0.000000 0.000000 0.782772 429.000000
 138.000000 0.782118 403.090814 0.000000 0.000000 0.000000 0.000000 0.782118 432.000000
 139.000000 0.779836 394.643941 0.000000 0.000000 0.000000 0.000000 0.779836 418.000000
 140.000000 0.775537 390.488413 0.000000 0.000000 0.000000 0.000000 0.775537 431.000000
 141.000000 0.772612 384.516527 0.000000 0.000000 0.000000 0.000000 0.772612 414.000000
 142.000000 0.775735 391.988728 0.000000 0.000000 0.000000 0.000000 0.775735 429.000000
 143.000000 0.776909 391.865503 0.000000 0.000000 0.000000 0.000000 0.776909 428.000000
 144.000000 0.777510 397.252701 0.000000 0.000000 0.000000 0.000000 0.777510 426.000000
 145.000000 0.775059 379.780656 0.000000 0.000000 0.000000 0.000000 0.775059 412.000000
 146.000000 0.774034 382.145961 0.000000 0.000000 0.000000 0.000000 0.774034 422.000000
 147.000000 0.768435 373.733526 0.000000 0.000000 0.000000 0.000000 0.768435 409.000000
 148.000000 0.773774 381.340475 0.000000 0.000000 0.000000 0.000000 0.773774 414.000000
 149.000000 0.777556 386.861017 0.000000 0.000000 0.000000 0.000000 0.777556 423.000000
 150.000000 0.772834 380.300546 0.000000 0.000000 0.000000 0.000000 0.772834 404.000000
 151.000000 0.774491 388.412442 0.000000 0.000000 0.000000 0.000000 0.774491 419.000000
 152.000000 0.779371 391.955527 0.000000 0.000000 0.000000 0.000000 0.779371 422.000000
 153.000000 0.765295 374.084432 0.000000 0.000000 0.000000 0.000000 0.765295 414.000000
 154.000000 0.772068 380.050622 0.000000 0.000000 0.000000 0.000000 0.772068 420.000000
 155.000000 0.766235 369.462551 0.000000 0.000000 0.000000 0.000000 0.766235 410.000000
 156.000000 0.761044 360.149544 0.000000 0.000000 0.000000 0.000000 0.761044 401.000000
 157.000000 0.777442 383.957038 0.000000 0.000000 0.000000 0.000000 0.777442 413.000000
 158.000000 0.773163 373.923071 0.000000 0.000000 0.000000 0.000000 0.773163 407.000000
 159.000000 0.770773 376.251917 0.000000 0.000000 0.000000 0.000000 0.770773 406.000000
 160.000000 0.770902 373.503254 0.000000 0.000000 0.000000 0.000000 0.770902 406.000000
 161.000000 0.774132 378.793764 0.000000 0.000000 0.000000 0.000000 0.774132 404.000000
 162.000000 0.772440 375.969398 0.000000 0.000000 0.000000 0.000000 0.772440 409.000000
 163.000000 0.785355 392.371659 0.000000 0.000000 0.000000 0.000000 0.785355 408.000000
 164.000000 0.773086 380.213578 0.000000 0.000000 0.000000 0.000000 0.773086 414.000000
 165.000000 0.777528 386.680179 0.000000 0.000000 0.000000 0.000000 0.777528 410.000000
 166.000000 0.776167 380.579978 0.000000 0.000000 0.000000 0.000000 0.776167 406.000000
 167.000000 0.775897 381.483212 0.000000 0.000000 0.000000 0.000000 0.775897 415.000000
 168.000000 0.767273 363.735938 0.000000 0.000000 0.000000 0.000000 0.767273 393.000000
 169.000000 0.772289 373.491213 0.000000 0.000000 0.000000 0.000000 0.772289 395.000000
 170.000000 0.768525 368.097539 0.000000 0.000000 0.000000 0.000000 0.768525 401.000000
 171.000000 0.767899 363.394819 0.000000 0.000000 0.000000 0.000000 0.767899 393.000000
 172.000000 0.771394 377.416925 0.000000 0.000000 0.000000 0.000000 0.771394 401.000000
 173.000000 0.770797 375.583786 0.000000 0.000000 0.000000 0.000000 0.770797 404.000000
 174.000000 0.774695 376.820473 0.000000 0.000000 0.000000 0.000000 0.774695 403.000000
 175.000000 0.772697 379.914262 0.000000 0.000000 0.000000 0.000000 0.772697 414.000000
 176.000000 0.769225 369.846777 0.000000 0.000000 0.000000 0.000000 0.769225 395.000000
 177.000000 0.762030 361.443032 0.000000 0.000000 0.000000 0.000000 0.762030 398.000000
 178.000000 0.769902 377.139494 0.000000 0.000000 0.000000 0.000000 0.769902 408.000000
 179.000000 0.765052 364.455609 0.000000 0.000000 0.000000 0.000000 0.765052 392.000000
 180.000000 0.767605 372.056045 0.000000 0.000000 0.000000 0.000000 0.767605 404.000000
 181.000000 0.768769 374.657906 0.000000 0.000000 0.000000 0.000000 0.768769 414.000000
 182.000000 0.780652 393.188272 0.000000 0.000000 0.000000 0.000000 0.780652 420.000000
 183.000000 0.781795 393.091428 0.000000 0.000000 0.000000 0.000000 0.781795 417.000000
 184.000000 0.783653 397.019344 0.000000 0.000000 0.000000 0.000000 0.783653 424.000000
 185.000000 0.781241 396.148111 0.000000 0.000000 0.000000 0.000000 0.781241 421.000000
 186.000000 0.781920 394.985175 0.000000 0.000000 0.000000 0.000000 0.781920 421.000000
 187.000000 0.771904 383.987772 0.000000 0.000000 0.000000 0.000000 0.771904 416.000000
 188.000000 0.778195 392.459222 0.000000 0.000000 0.000000 0.000000 0.778195 427.000000
 189.000000 0.773578 384.442328 0.000000 0.000000 0.000000 0.000000 0.773578 418.000000
 190.000000 0.774459 389.383832 0.000000 0.000000 0.000000 0.000000 0.774459 425.000000
 191.000000 0.770506 382.954351 0.000000 0.000000 0.000000 0.000000 0.770506 417.000000
 192.000000 0.776421 389.629801 0.000000 0.000000 0.000000 0.000000 0.776421 419.000000
 193.000000 0.769033 375.129474 0.000000 0.000000 0.000000 0.000000 0.769033 404.000000
 194.000000 0.774511 380.368554 0.000000 0.000000 0.000000 0.000000 0.774511 407.000000
 195.000000 0.763587 370.125195 0.000000 0.000000 0.000000 0.000000 0.763587 409.000000
 196.000000 0.767308 373.050397 0.000000 0.000000 0.000000 0.000000 0.767308 404.000000
 197.000000 0.764849 373.881712 0.000000 0.000000 0.000000 0.000000 0.764849 411.000000
 198.000000 0.762629 363.430528 0.000000 0.000000 0.000000 0.000000 0.762629 404.000000
 199.000000 0.762857 360.976182 0.000000 0.000000 0.000000 0.000000 0.762857 395.000000
 200.000000 0.771260 378.635437 0.000000 0.000000 0.000000 0.000000 0.771260 414.000000
 201.000000 0.775590 383.810260 0.000000 0.000000 0.000000 0.000000 0.775590 416.000000
 202.000000 0.766108 363.583347 0.000000 0.000000 0.000000 0.000000 0.766108 390.000000
 203.000000 0.775559 383.706448 0.000000 0.000000 0.000000 0.000000 0.775559 408.000000
 204.000000 0.768126 368.120151 0.000000 0.000000 0.000000 0.000000 0.768126 396.000000
 205.000000 0.770731 371.457453 0.000000 0.000000 0.000000 0.000000 0.770731 396.000000
 206.000000 0.768275 368.737537 0.000000 0.000000 0.000000 0.000000 0.768275 396.000000
 207.000000 0.771517 371.404802 0.000000 0.000000 0.000000 0.000000 0.771517 404.000000
 208.000000 0.760578 355.238111 0.000000 0.000000 0.000000 0.000000 0.760578 389.000000
 209.000000 0.768737 366.358304 0.000000 0.000000 0.000000 0.000000 0.768737 393.000000
 210.000000 0.765851 361.624254 0.000000 0.000000 0.000000 0.000000 0.765851 384.000000
 211.000000 0.764270 359.769497 0.000000 0.000000 0.000000 0.000000 0.764270 392.000000
 212.000000 0.771424 374.360688 0.000000 0.000000 0.000000 0.000000 0.771424 404.000000
 213.000000 0.760525 352.979012 0.000000 0.000000 0.000000 0.000000 0.760525 381.000000
 214.000000 0.763997 355.271568 0.000000 0.000000 0.000000 0.000000 0.763997 387.000000
 215.000000 0.771088 366.211765 0.000000 0.000000 0.000000 0.000000 0.771088 384.000000
 216.000000 0.760718 355.743393 0.000000 0.000000 0.000000 0.000000 0.760718 379.000000
 217.000000 0.758994 357.863408 0.000000 0.000000 0.000000 0.000000 0.758994 388.000000
 218.000000 0.766357 370.214960 0.000000 0.000000 0.000000 0.000000 0.766357 394.000000
 219.000000 0.761910 357.150234 0.000000 0.000000 0.000000 0.000000 0.761910 381.000000
 220.000000 0.764196 364.124604 0.000000 0.000000 0.000000 0.000000 0.764196 396.000000
 221.000000 0.758154 355.932277 0.000000 0.000000 0.000000 0.000000 0.758154 391.000000
 222.000000 0.763397 354.780067 0.000000 0.000000 0.000000 0.000000 0.763397 378.000000
 223.000000 0.760322 360.522055 0.000000 0.000000 0.000000 0.000000 0.760322 392.000000
 224.000000 0.764412 363.465619 0.000000 0.000000 0.000000 0.000000 0.764412 396.000000
 225.000000 0.765255 361.930936 0.000000 0.000000 0.000000 0.000000 0.765255 390.000000
 226.000000 0.765365 363.304149 0.000000 0.000000 0.000000 0.000000 0.765365 392.000000
 227.000000 0.758891 355.899168 0.000000 0.000000 0.000000 0.000000 0.758891 384.000000
 228.000000 0.755583 351.270350 0.000000 0.000000 0.000000 0.000000 0.755583 380.000000
 229.000000 0.758518 353.991871 0.000000 0.000000 0.000000 0.000000 0.758518 377.000000
 230.000000 0.755317 351.635815 0.000000 0.000000 0.000000 0.000000 0.755317 379.000000
 231.000000 0.757084 350.600745 0.000000 0.000000 0.159405 0.637619 0.757084 378.000000
 232.000000 0.754021 352.990931 0.000000 0.000000 0.000000 0.000000 0.754021 385.000000
 233.000000 0.751966 351.693203 0.000000 0.000000 0.000000 0.000000 0.751966 375.000000
 234.000000 0.753508 350.943177 0.000000 0.000000 0.003229 0.012915 0.753508 384.000000
 235.000000 0.756453 351.722962 0.000000 0.000000 0.000000 0.000000 0.756453 386.000000
 236.000000 0.756112 354.386655 0.000000 0.000000 0.000000 0.000000 0.756112 380.000000
 237.000000 0.753405 349.339954 0.000000 0.000000 2.755753 11.023012 0.753405 379.000000
 238.000000 0.758295 355.054309 0.000000 0.000000 0.000000 0.000000 0.758295 383.000000
 239.000000 0.764127 365.808141 0.000000 0.000000 0.000000 0.000000 0.764127 393.000000
 240.000000 0.754788 350.385529 0.000000 0.000000 0.377574 1.510298 0.754788 382.000000
 241.000000 0.758899 357.536292 0.000000 0.000000 0.000000 0.000000 0.758899 390.000000
 242.000000 0.762634 359.140243 0.000000 0.000000 0.000000 0.000000 0.762634 387.000000
 243.000000 0.758354 356.871167 0.000000 0.000000 0.000000 0.000000 0.758354 391.000000
 244.000000 0.756483 355.392764 0.000000 0.000000 0.000000 0.000000 0.756483 379.000000
 245.000000 0.768367 368.955457 0.000000 0.000000 0.000000 0.000000 0.768367 391.000000
 246.000000 0.756247 351.611867 0.000000 0.000000 0.000000 0.000000 0.756247 379.000000
 247.000000 0.762929 356.682404 0.000000 0.000000 0.000000 0.000000 0.762929 387.000000
 248.000000 0.765626 362.588757 0.000000 0.000000 0.000000 0.000000 0.765626 393.000000
 249.000000 0.761050 355.312790 0.000000 0.000000 0.000000 0.000000 0.761050 382.000000
 250.000000 0.760962 356.432922 0.000000 0.000000 0.000000 0.000000 0.760962 389.000000
 251.000000 0.761071 356.205315 0.000000 0.000000 0.000000 0.000000 0.761071 387.000000
 252.000000 0.761750 355.700756 0.000000 0.000000 0.000000 0.000000 0.761750 388.000000
 253.000000 0.760960 356.713451 0.000000 0.000000 0.000000 0.000000 0.760960 385.000000
 254.000000 0.763816 360.470443 0.000000 0.000000 0.000000 0.000000 0.763816 385.000000
 255.000000 0.762908 357.152719 0.000000 0.000000 0.000000 0.000000 0.762908 390.000000
 256.000000 0.762631 355.264279 0.000000 0.000000 0.000000 0.000000 0.762631 383.000000
 257.000000 0.775055 372.824442 0.000000 0.000000 0.000000 0.000000 0.775055 391.000000
 258.000000 0.763830 358.683262 0.000000 0.000000 0.000000 0.000000 0.763830 382.000000
 259.000000 0.767201 359.302659 0.000000 0.000000 0.000000 0.000000 0.767201 380.000000
 260.000000 0.763117 359.989431 0.000000 0.000000 0.000000 0.000000 0.763117 389.000000
 261.000000 0.756415 349.718283 0.000000 0.000000 1.642798 6.571194 0.756415 379.000000
 262.000000 0.763119 356.622809 0.000000 0.000000 0.000000 0.000000 0.763119 382.000000
 263.000000 0.757300 350.899106 0.000000 0.000000 0.010180 0.040718 0.757300 382.000000
 264.000000 0.760374 357.816953 0.000000 0.000000 0.000000 0.000000 0.760374 381.000000
 265.000000 0.762118 358.102401 0.000000 0.000000 0.000000 0.000000 0.762118 383.000000
 266.000000 0.760944 353.889304 0.000000 0.000000 0.000000 0.000000 0.760944 385.000000
 267.000000 0.758730 354.521198 0.000000 0.000000 0.000000 0.000000 0.758730 386.000000
 268.000000 0.759249 351.338602 0.000000 0.000000 0.000000 0.000000 0.759249 385.000000
 269.000000 0.759151 350.303173 0.000000 0.000000 0.485567 1.942269 0.759151 381.000000
 270.000000 0.762150 354.760925 0.000000 0.000000 0.000000 0.000000 0.762150 385.000000
 271.000000 0.762205 355.032593 0.000000 0.000000 0.000000 0.000000 0.762205 381.000000
 272.000000 0.764064 355.699006 0.000000 0.000000 0.000000 0.000000 0.764064 382.000000
 273.000000 0.757803 350.267179 0.000000 0.000000 0.537026 2.148104 0.757803 381.000000
 274.000000 0.758782 355.890593 0.000000 0.000000 0.000000 0.000000 0.758782 390.000000
 275.000000 0.761313 351.908134 0.000000 0.000000 0.000000 0.000000 0.761313 386.000000
 276.000000 0.762595 360.628651 0.000000 0.000000 0.000000 0.000000 0.762595 390.000000
 277.000000 0.757938 350.867653 0.000000 0.000000 0.017516 0.070063 0.757938 378.000000
 278.000000 0.765456 365.888914 0.000000 0.000000 0.000000 0.000000 0.765456 396.000000
 279.000000 0.760909 351.603232 0.000000 0.000000 0.000000 0.000000 0.760909 387.000000
 280.000000 0.761518 354.902103 0.000000 0.000000 0.000000 0.000000 0.761518 395.000000
 281.000000 0.764259 362.163316 0.000000 0.000000 0.000000 0.000000 0.764259 393.000000
 282.000000 0.763766 355.731364 0.000000 0.000000 0.000000 0.000000 0.763766 388.000000
 283.000000 0.765318 361.610942 0.000000 0.000000 0.000000 0.000000 0.765318 388.000000
 284.000000 0.765161 359.555592 0.000000 0.000000 0.000000 0.000000 0.765161 383.000000
 285.000000 0.762506 354.982210 0.000000 0.000000 0.000000 0.000000 0.762506 384.000000
 286.000000 0.762287 355.057346 0.000000 0.000000 0.000000 0.000000 0.762287 391.000000
 287.000000 0.765110 357.767165 0.000000 0.000000 0.000000 0.000000 0.765110 382.000000
 288.000000 0.763719 363.431353 0.000000 0.000000 0.000000 0.000000 0.763719 395.000000
 289.000000 0.759545 350.115454 0.000000 0.000000 0.782422 3.129688 0.759545 377.000000
 290.000000 0.761866 361.690454 0.000000 0.000000 0.000000 0.000000 0.761866 395.000000
 291.000000 0.758069 353.090936 0.000000 0.000000 0.000000 0.000000 0.758069 390.000000
 292.000000 0.763958 362.830515 0.000000 0.000000 0.000000 0.000000 0.763958 383.000000
 293.000000 0.760425 355.185460 0.000000 0.000000 0.000000 0.000000 0.760425 384.000000
 294.000000 0.767103 363.213422 0.000000 0.000000 0.000000 0.000000 0.767103 384.000000
 295.000000 0.756391 354.553922 0.000000 0.000000 0.000000 0.000000 0.756391 384.000000
 296.000000 0.756921 350.926186 0.000000 0.000000 0.005449 0.021794 0.756921 384.000000
 297.000000 0.762516 359.174220 0.000000 0.000000 0.000000 0.000000 0.762516 394.000000
 298.000000 0.757449 353.361109 0.000000 0.000000 0.000000 0.000000 0.757449 385.000000
 299.000000 0.759913 359.586294 0.000000 0.000000 0.000000 0.000000 0.759913 387.000000
 300.000000 0.759118 358.001774 0.000000 0.000000 0.000000 0.000000 0.759118 397.000000
 301.000000 0.763450 361.147053 0.000000 0.000000 0.000000 0.000000 0.763450 388.000000
 302.000000 0.759368 356.988625 0.000000 0.000000 0.000000 0.000000 0.759368 387.000000
 303.000000 0.756697 349.663024 0.000000 0.000000 1.787504 7.150014 0.756697 376.000000
 304.000000 0.757386 353.661169 0.000000 0.000000 0.000000 0.000000 0.757386 381.000000
 305.000000 0.758131 353.064183 0.000000 0.000000 0.000000 0.000000 0.758131 388.000000
 306.000000 0.756949 353.754177 0.000000 0.000000 0.000000 0.000000 0.756949 389.000000
 307.000000 0.758890 352.010271 0.000000 0.000000 0.000000 0.000000 0.758890 379.000000
 308.000000 0.758591 352.703810 0.000000 0.000000 0.000000 0.000000 0.758591 381.000000
 309.000000 0.767614 365.916195 0.000000 0.000000 0.000000 0.000000 0.767614 393.000000
 310.000000 0.766152 364.870206 0.000000 0.000000 0.000000 0.000000 0.766152 393.000000
 311.000000 0.762757 360.975545 0.000000 0.000000 0.000000 0.000000 0.762757 389.000000
 312.000000 0.761458 353.752466 0.000000 0.000000 0.000000 0.000000 0.761458 385.000000
 313.000000 0.756322 352.201510 0.000000 0.000000 0.000000 0.000000 0.756322 383.000000
 314.000000 0.756171 349.853139 0.000000 0.000000 1.315290 5.261161 0.756171 378.000000
 315.000000 0.757644 349.401135 0.000000 0.000000 2.556371 10.225483 0.757644 378.000000
 316.000000 0.764398 356.577469 0.000000 0.000000 0.000000 0.000000 0.764398 377.000000
 317.000000 0.758356 353.238749 0.000000 0.000000 0.000000 0.000000 0.758356 381.000000
 318.000000 0.761659 351.247705 0.000000 0.000000 0.000000 0.000000 0.761659 371.000000
 319.000000 0.761782 355.812067 0.000000 0.000000 0.000000 0.000000 0.761782 387.000000
 320.000000 0.758726 350.999477 0.000000 0.000000 0.000000 0.000001 0.758726 381.000000
 321.000000 0.763213 355.397740 0.000000 0.000000 0.000000 0.000000 0.763213 385.000000
 322.000000 0.762332 354.033100 0.000000 0.000000 0.000000 0.000000 0.762332 380.000000
 323.000000 0.761213 354.299221 0.000000 0.000000 0.000000 0.000000 0.761213 381.000000
 324.000000 0.763350 356.904069 0.000000 0.000000 0.000000 0.000000 0.763350 392.000000
 325.000000 0.758992 354.217325 0.000000 0.000000 0.000000 0.000000 0.758992 389.000000
 326.000000 0.758432 350.756846 0.000000 0.000000 0.059124 0.236496 0.758432 377.000000
 327.000000 0.758228 351.019145 0.000000 0.000000 0.000000 0.000000 0.758228 388.000000
 328.000000 0.761033 356.376079 0.000000 0.000000 0.000000 0.000000 0.761033 393.000000
 329.000000 0.757190 350.101599 0.000000 0.000000 0.807124 3.228496 0.757190 381.000000
 330.000000 0.757721 351.784374 0.000000 0.000000 0.000000 0.000000 0.757721 388.000000
 331.000000 0.762514 355.650765 0.000000 0.000000 0.000000 0.000000 0.762514 382.000000
 332.000000 0.757132 351.494653 0.000000 0.000000 0.000000 0.000000 0.757132 377.000000
 333.000000 0.758377 352.098861 0.000000 0.000000 0.000000 0.000000 0.758377 381.000000
 334.000000 0.754426 351.167536 0.000000 0.000000 0.000000 0.000000 0.754426 377.000000
 335.000000 0.756186 354.850911 0.000000 0.000000 0.000000 0.000000 0.756186 387.000000
 336.000000 0.753548 350.948476 0.000000 0.000000 0.002655 0.010619 0.753548 385.000000
 337.000000 0.757764 358.693312 0.000000 0.000000 0.000000 0.000000 0.757764 392.000000
 338.000000 0.758588 352.937732 0.000000 0.000000 0.000000 0.000000 0.758588 382.000000
 339.000000 0.755156 352.113921 0.000000 0.000000 0.000000 0.000000 0.755156 387.000000
 340.000000 0.757147 355.773524 0.000000 0.000000 0.000000 0.000000 0.757147 397.000000
 341.000000 0.755377 350.086395 0.000000 0.000000 0.834675 3.338698 0.755377 386.000000
 342.000000 0.755810 355.056088 0.000000 0.000000 0.000000 0.000000 0.755810 390.000000
 343.000000 0.759741 352.614531 0.000000 0.000000 0.000000 0.000000 0.759741 378.000000
 344.000000 0.759654 356.600897 0.000000 0.000000 0.000000 0.000000 0.759654 375.000000
 345.000000 0.763986 358.753115 0.000000 0.000000 0.000000 0.000000 0.763986 388.000000
 346.000000 0.760464 358.584810 0.000000 0.000000 0.000000 0.000000 0.760464 388.000000
 347.000000 0.760713 355.999339 0.000000 0.000000 0.000000 0.000000 0.760713 388.000000
 348.000000 0.764733 360.320783 0.000000 0.000000 0.000000 0.000000 0.764733 384.000000
 349.000000 0.760665 355.833207 0.000000 0.000000 0.000000 0.000000 0.760665 381.000000
 350.000000 0.761473 355.687932 0.000000 0.000000 0.000000 0.000000 0.761473 383.000000
 351.000000 0.764592 362.294636 0.000000 0.000000 0.000000 0.000000 0.764592 394.000000
 352.000000 0.761786 354.793376 0.000000 0.000000 0.000000 0.000000 0.761786 384.000000
 353.000000 0.761630 360.204799 0.000000 0.000000 0.000000 0.000000 0.761630 389.000000
 354.000000 0.765243 362.553507 0.000000 0.000000 0.000000 0.000000 0.765243 390.000000
 355.000000 0.756061 353.826549 0.000000 0.000000 0.000000 0.000000 0.756061 389.000000
 356.000000 0.758744 351.815638 0.000000 0.000000 0.000000 0.000000 0.758744 383.000000
 357.000000 0.765073 363.662066 0.000000 0.000000 0.000000 0.000000 0.765073 394.000000
 358.000000 0.763219 359.716254 0.000000 0.000000 0.000000 0.000000 0.763219 381.000000
 359.000000 0.764919 359.271955 0.000000 0.000000 0.000000 0.000000 0.764919 384.000000
 360.000000 0.761668 358.979109 0.000000 0.000000 0.000000 0.000000 0.761668 386.000000
 361.000000 0.760355 356.388131 0.000000 0.000000 0.000000 0.000000 0.760355 382.000000
 362.000000 0.760252 355.926821 0.000000 0.000000 0.000000 0.000000 0.760252 379.000000
 363.000000 0.759416 354.142280 0.000000 0.000000 0.000000 0.000000 0.759416 389.000000
 364.000000 0.765138 360.290414 0.000000 0.000000 0.000000 0.000000 0.765138 396.000000
 365.000000 0.764185 359.148621 0.000000 0.000000 0.000000 0.000000 0.764185 384.000000
 366.000000 0.759699 350.553229 0.000000 0.000000 0.199604 0.798417 0.759699 383.000000
 367.000000 0.756037 351.595828 0.000000 0.000000 0.000000 0.000000 0.756037 378.000000
 368.000000 0.764154 358.963710 0.000000 0.000000 0.000000 0.000000 0.764154 381.000000
 369.000000 0.763387 365.923989 0.000000 0.000000 0.000000 0.000000 0.763387 397.000000
 370.000000 0.763105 358.988867 0.000000 0.000000 0.000000 0.000000 0.763105 389.000000
 371.000000 0.754841 349.777481 0.000000 0.000000 1.494554 5.978216 0.754841 379.000000
 372.000000 0.760412 357.366380 0.000000 0.000000 0.000000 0.000000 0.760412 389.000000
 373.000000 0.759319 359.461511 0.000000 0.000000 0.000000 0.000000 0.759319 383.000000
 374.000000 0.764324 366.091636 0.000000 0.000000 0.000000 0.000000 0.764324 394.000000
 375.000000 0.758065 356.554760 0.000000 0.000000 0.000000 0.000000 0.758065 386.000000
 376.000000 0.758136 353.709245 0.000000 0.000000 0.000000 0.000000 0.758136 376.000000
 377.000000 0.757528 356.792681 0.000000 0.000000 0.000000 0.000000 0.757528 379.000000
 378.000000 0.759127 358.517847 0.000000 0.000000 0.000000 0.000000 0.759127 389.000000
 379.000000 0.752803 350.007876 0.000000 0.000000 0.984311 3.937243 0.752803 380.000000
 380.000000 0.754794 356.776225 0.000000 0.000000 0.000000 0.000000 0.754794 383.000000
 381.000000 0.759360 355.063044 0.000000 0.000000 0.000000 0.000000 0.759360 382.000000
 382.000000 0.757521 352.764921 0.000000 0.000000 0.000000 0.000000 0.757521 376.000000
 383.000000 0.758126 354.277554 0.000000 0.000000 0.000000 0.000000 0.758126 379.000000
 384.000000 0.759548 355.726110 0.000000 0.000000 0.000000 0.000000 0.759548 383.000000
 385.000000 0.754573 350.167233 0.000000 0.000000 0.693502 2.774007 0.754573 380.000000
 386.000000 0.758283 354.466209 0.000000 0.000000 0.000000 0.000000 0.758283 381.000000
 387.000000 0.759343 359.350746 0.000000 0.000000 0.000000 0.000000 0.759343 384.000000
 388.000000 0.759104 355.217989 0.000000 0.000000 0.000000 0.000000 0.759104 387.000000
 389.000000 0.759328 349.648158 0.000000 0.000000 1.827477 7.309906 0.759328 378.000000
 390.000000 0.760280 353.001067 0.000000 0.000000 0.000000 0.000000 0.760280 382.000000
 391.000000 0.759030 351.048034 0.000000 0.000000 0.000000 0.000000 0.759030 377.000000
 392.000000 0.762716 359.713905 0.000000 0.000000 0.000000 0.000000 0.762716 380.000000
 393.000000 0.759855 355.891158 0.000000 0.000000 0.000000 0.000000 0.759855 380.000000
 394.000000 0.759699 353.116830 0.000000 0.000000 0.000000 0.000000 0.759699 387.000000
 395.000000 0.760601 351.805845 0.000000 0.000000 0.000000 0.000000 0.760601 381.000000
 396.000000 0.759023 354.961470 0.000000 0.000000 0.000000 0.000000 0.759023 380.000000
 397.000000 0.760743 356.076037 0.000000 0.000000 0.000000 0.000000 0.760743 385.000000
 398.000000 0.762764 360.132902 0.000000 0.000000 0.000000 0.000000 0.762764 388.000000
 399.000000 0.758810 351.961537 0.000000 0.000000 0.000000 0.000000 0.758810 379.000000
 400.000000 0.759131 349.982328 0.000000 0.000000 1.035657 4.142629 0.759131 375.000000
 401.000000 0.761280 355.779708 0.000000 0.000000 0.000000 0.000000 0.761280 382.000000
 402.000000 0.759646 353.956511 0.000000 0.000000 0.000000 0.000000 0.759646 385.000000
 403.000000 0.760636 350.998988 0.000000 0.000000 0.000001 0.000004 0.760636 381.000000
 404.000000 0.761285 351.955324 0.000000 0.000000 0.000000 0.000000 0.761285 383.000000
 405.000000 0.768565 364.948207 0.000000 0.000000 0.000000 0.000000 0.768565 389.000000
 406.000000 0.762994 358.171400 0.000000 0.000000 0.000000 0.000000 0.762994 387.000000
 407.000000 0.761447 353.658221 0.000000 0.000000 0.000000 0.000000 0.761447 382.000000
 408.000000 0.761592 365.222255 0.000000 0.000000 0.000000 0.000000 0.761592 392.000000
 409.000000 0.762948 361.197043 0.000000 0.000000 0.000000 0.000000 0.762948 390.000000
 410.000000 0.765792 362.106597 0.000000 0.000000 0.000000 0.000000 0.765792 391.000000
 411.000000 0.772201 372.882763 0.000000 0.000000 0.000000 0.000000 0.772201 394.000000
 412.000000 0.770061 368.070902 0.000000 0.000000 0.000000 0.000000 0.770061 396.000000
 413.000000 0.768291 365.414436 0.000000 0.000000 0.000000 0.000000 0.768291 389.000000
 414.000000 0.761405 358.488127 0.000000 0.000000 0.000000 0.000000 0.761405 385.000000
 415.000000 0.767227 361.766147 0.000000 0.000000 0.000000 0.000000 0.767227 387.000000
 416.000000 0.764197 359.435435 0.000000 0.000000 0.000000 0.000000 0.764197 390.000000
 417.000000 0.760643 353.410849 0.000000 0.000000 0.000000 0.000000 0.760643 382.000000
 418.000000 0.760502 352.407892 0.000000 0.000000 0.000000 0.000000 0.760502 378.000000
 419.000000 0.762400 353.406691 0.000000 0.000000 0.000000 0.000000 0.762400 382.000000
 420.000000 0.759125 351.147181 0.000000 0.000000 0.000000 0.000000 0.759125 380.000000
 421.000000 0.762139 351.802235 0.000000 0.000000 0.000000 0.000000 0.762139 369.000000
 422.000000 0.759054 349.873168 0.000000 0.000000 1.269749 5.078997 0.759054 377.000000
 423.000000 0.762579 357.732998 0.000000 0.000000 0.000000 0.000000 0.762579 386.000000
 424.000000 0.760708 359.861508 0.000000 0.000000 0.000000 0.000000 0.760708 393.000000
 425.000000 0.759048 356.141576 0.000000 0.000000 0.000000 0.000000 0.759048 395.000000
 426.000000 0.761827 356.175110 0.000000 0.000000 0.000000 0.000000 0.761827 382.000000
 427.000000 0.758028 354.131882 0.000000 0.000000 0.000000 0.000000 0.758028 387.000000
 428.000000 0.757992 352.424928 0.000000 0.000000 0.000000 0.000000 0.757992 379.000000
 429.000000 0.765081 359.463710 0.000000 0.000000 0.000000 0.000000 0.765081 388.000000
 430.000000 0.771210 374.694392 0.000000 0.000000 0.000000 0.000000 0.771210 399.000000
 431.000000 0.765929 362.881710 0.000000 0.000000 0.000000 0.000000 0.765929 394.000000
 432.000000 0.764938 359.841163 0.000000 0.000000 0.000000 0.000000 0.764938 386.000000
 433.000000 0.764432 360.134445 0.000000 0.000000 0.000000 0.000000 0.764432 388.000000
 434.000000 0.767959 370.606429 0.000000 0.000000 0.000000 0.000000 0.767959 395.000000
 435.000000 0.762132 357.391465 0.000000 0.000000 0.000000 0.000000 0.762132 384.000000
 436.000000 0.760381 350.573898 0.000000 0.000000 0.181563 0.726251 0.760381 385.000000
 437.000000 0.757942 352.285851 0.000000 0.000000 0.000000 0.000000 0.757942 385.000000
 438.000000 0.763915 360.886728 0.000000 0.000000 0.000000 0.000000 0.763915 393.000000
 439.000000 0.761852 361.642544 0.000000 0.000000 0.000000 0.000000 0.761852 391.000000
 440.000000 0.764608 363.301564 0.000000 0.000000 0.000000 0.000000 0.764608 397.000000
 441.000000 0.760142 356.124661 0.000000 0.000000 0.000000 0.000000 0.760142 390.000000
 442.000000 0.758819 354.953541 0.000000 0.000000 0.000000 0.000000 0.758819 389.000000
 443.000000 0.767854 363.566446 0.000000 0.000000 0.000000 0.000000 0.767854 400.000000
 444.000000 0.767986 366.658988 0.000000 0.000000 0.000000 0.000000 0.767986 395.000000
 445.000000 0.763216 356.600367 0.000000 0.000000 0.000000 0.000000 0.763216 385.000000
 446.000000 0.760006 351.205861 0.000000 0.000000 0.000000 0.000000 0.760006 382.000000
 447.000000 0.768229 362.306012 0.000000 0.000000 0.000000 0.000000 0.768229 394.000000
 448.000000 0.763470 358.424168 0.000000 0.000000 0.000000 0.000000 0.763470 384.000000
 449.000000 0.761719 357.069317 0.000000 0.000000 0.000000 0.000000 0.761719 382.000000
 450.000000 0.760190 350.639382 0.000000 0.000000 0.130046 0.520182 0.760190 379.000000
 451.000000 0.767094 369.424761 0.000000 0.000000 0.000000 0.000000 0.767094 403.000000
 452.000000 0.769216 372.198689 0.000000 0.000000 0.000000 0.000000 0.769216 398.000000
 453.000000 0.776285 380.194992 0.000000 0.000000 0.000000 0.000000 0.776285 403.000000
 454.000000 0.765967 365.860577 0.000000 0.000000 0.000000 0.000000 0.765967 394.000000
 455.000000 0.771043 374.615812 0.000000 0.000000 0.000000 0.000000 0.771043 402.000000
 456.000000 0.770742 383.748278 0.000000 0.000000 0.000000 0.000000 0.770742 412.000000
 457.000000 0.770700 371.928574 0.000000 0.000000 0.000000 0.000000 0.770700 400.000000
 458.000000 0.765489 366.028824 0.000000 0.000000 0.000000 0.000000 0.765489 395.000000
 459.000000 0.767192 377.162477 0.000000 0.000000 0.000000 0.000000 0.767192 410.000000
 460.000000 0.759161 355.185277 0.000000 0.000000 0.000000 0.000000 0.759161 383.000000
 461.000000 0.767064 367.924012 0.000000 0.000000 0.000000 0.000000 0.767064 399.000000
 462.000000 0.764658 367.334487 0.000000 0.000000 0.000000 0.000000 0.764658 401.000000
 463.000000 0.760916 361.119873 0.000000 0.000000 0.000000 0.000000 0.760916 390.000000
 464.000000 0.760931 358.858295 0.000000 0.000000 0.000000 0.000000 0.760931 389.000000
 465.000000 0.761795 366.722846 0.000000 0.000000 0.000000 0.000000 0.761795 395.000000
 466.000000 0.765964 367.867803 0.000000 0.000000 0.000000 0.000000 0.765964 396.000000
 467.000000 0.758014 354.831816 0.000000 0.000000 0.000000 0.000000 0.758014 386.000000
 468.000000 0.761497 362.284019 0.000000 0.000000 0.000000 0.000000 0.761497 389.000000
 469.000000 0.764857 362.684924 0.000000 0.000000 0.000000 0.000000 0.764857 387.000000
 470.000000 0.766253 365.513018 0.000000 0.000000 0.000000 0.000000 0.766253 393.000000
 471.000000 0.764037 363.863772 0.000000 0.000000 0.000000 0.000000 0.764037 386.000000
 472.000000 0.765439 361.522789 0.000000 0.000000 0.000000 0.000000 0.765439 382.000000
 473.000000 0.758103 357.879269 0.000000 0.000000 0.000000 0.000000 0.758103 384.000000
 474.000000 0.761508 359.464582 0.000000 0.000000 0.000000 0.000000 0.761508 386.000000
 475.000000 0.760412 358.056620 0.000000 0.000000 0.000000 0.000000 0.760412 391.000000
 476.000000 0.767726 367.384936 0.000000 0.000000 0.000000 0.000000 0.767726 396.000000
 477.000000 0.765072 353.274807 0.000000 0.000000 0.000000 0.000000 0.765072 380.000000
 478.000000 0.765246 361.820306 0.000000 0.000000 0.000000 0.000000 0.765246 381.000000
 479.000000 0.759745 355.359027 0.000000 0.000000 0.000000 0.000000 0.759745 385.000000
 480.000000 0.768800 365.655923 0.000000 0.000000 0.000000 0.000000 0.768800 391.000000
 481.000000 0.765803 357.959044 0.000000 0.000000 0.000000 0.000000 0.765803 385.000000
 482.000000 0.763887 355.625620 0.000000 0.000000 0.000000 0.000000 0.763887 376.000000
 483.000000 0.758886 348.737836 0.000000 0.000000 5.117384 20.469535 0.758886 378.000000
 484.000000 0.760180 351.946031 0.000000 0.000000 0.000000 0.000000 0.760180 376.000000
 485.000000 0.759953 349.970589 0.000000 0.000000 1.059687 4.238750 0.759953 375.000000
 486.000000 0.761059 351.724049 0.000000 0.000000 0.000000 0.000000 0.761059 371.000000
 487.000000 0.762681 360.659592 0.000000 0.000000 0.000000 0.000000 0.762681 385.000000
 488.000000 0.763710 355.662913 0.000000 0.000000 0.000000 0.000000 0.763710 381.000000
 489.000000 0.765438 354.007180 0.000000 0.000000 0.000000 0.000000 0.765438 377.000000
 490.000000 0.763012 353.977061 0.000000 0.000000 0.000000 0.000000 0.763012 381.000000
 491.000000 0.761508 352.405216 0.000000 0.000000 0.000000 0.000000 0.761508 375.000000
 492.000000 0.764128 354.700393 0.000000 0.000000 0.000000 0.000000 0.764128 382.000000
 493.000000 0.761175 355.188652 0.000000 0.000000 0.000000 0.000000 0.761175 384.000000
 494.000000 0.763617 360.716823 0.000000 0.000000 0.000000 0.000000 0.763617 390.000000
 495.000000 0.757503 350.959421 0.000000 0.000000 0.001647 0.006587 0.757503 376.000000
 496.000000 0.763672 359.536253 0.000000 0.000000 0.000000 0.000000 0.763672 386.000000
 497.000000 0.761458 354.169691 0.000000 0.000000 0.000000 0.000000 0.761458 382.000000
 498.000000 0.759465 350.163541 0.000000 0.000000 0.699663 2.798654 0.759465 377.000000
 499.000000 0.763974 360.599515 0.000000 0.000000 0.000000 0.000000 0.763974 394.000000
 500.000000 0.761341 357.685992 0.000000 0.000000 0.000000 0.000000 0.761341 385.000000
