# Time-averaged data for fix AVG
# TimeStep v_Vol v_H
37250000 7.68218 1.89422
37251000 7.65799 -4.22385
37252000 7.68679 -4.30675
37253000 7.66415 -4.23097
37254000 7.65248 -4.19269
37255000 7.68838 -4.3769
37256000 7.69993 -4.35108
37257000 7.67035 -4.25425
37258000 7.68396 -4.30673
37259000 7.68593 -4.26646
37260000 7.69259 -4.36522
37261000 7.67448 -4.28412
37262000 7.70609 -4.36739
37263000 7.68337 -4.2446
37264000 7.69816 -4.40491
37265000 7.71227 -4.39918
37266000 7.66507 -4.21836
37267000 7.68579 -4.31998
37268000 7.66479 -4.24433
37269000 7.68808 -4.30757
37270000 7.68453 -4.28562
37271000 7.67678 -4.23115
37272000 7.69742 -4.32382
37273000 7.68734 -4.30542
37274000 7.66329 -4.18644
37275000 7.66877 -4.22948
37276000 7.67531 -4.28229
37277000 7.65962 -4.18028
37278000 7.68759 -4.33223
37279000 7.67063 -4.2997
37280000 7.69437 -4.29363
37281000 7.66639 -4.21335
37282000 7.68332 -4.26937
37283000 7.65514 -4.17393
37284000 7.66846 -4.26111
37285000 7.69657 -4.33259
37286000 7.69639 -4.38763
37287000 7.65066 -4.2171
37288000 7.68276 -4.26931
37289000 7.6643 -4.1602
37290000 7.65847 -4.19558
37291000 7.6527 -4.17141
37292000 7.66401 -4.23818
37293000 7.71308 -4.4056
37294000 7.66429 -4.31125
37295000 7.67964 -4.26742
37296000 7.65731 -4.25531
37297000 7.67949 -4.31507
37298000 7.68627 -4.322
37299000 7.69679 -4.39087
37300000 7.61985 -4.07492
37301000 7.69068 -4.34026
37302000 7.71309 -4.45519
37303000 7.67639 -4.232
37304000 7.68352 -4.32719
37305000 7.68378 -4.2911
37306000 7.70318 -4.35451
37307000 7.66273 -4.23186
37308000 7.6582 -4.22432
37309000 7.69567 -4.35975
37310000 7.64721 -4.12745
37311000 7.67537 -4.27044
37312000 7.69464 -4.2997
37313000 7.69937 -4.32092
37314000 7.67153 -4.27767
37315000 7.67178 -4.26533
37316000 7.67664 -4.24929
37317000 7.69372 -4.33538
37318000 7.68789 -4.34043
37319000 7.6692 -4.26335
37320000 7.66512 -4.24178
37321000 7.67806 -4.28744
37322000 7.67249 -4.19534
37323000 7.6801 -4.29773
37324000 7.66041 -4.21028
37325000 7.68102 -4.32178
37326000 7.64528 -4.18167
37327000 7.66937 -4.2967
37328000 7.68923 -4.30472
37329000 7.66367 -4.26657
37330000 7.68766 -4.29011
37331000 7.67583 -4.21327
37332000 7.65606 -4.24374
37333000 7.6969 -4.3947
37334000 7.6757 -4.30064
37335000 7.68298 -4.25965
37336000 7.68552 -4.32379
37337000 7.66791 -4.27217
37338000 7.66689 -4.26224
37339000 7.66393 -4.28652
37340000 7.64488 -4.12245
37341000 7.68612 -4.33135
37342000 7.65887 -4.25426
37343000 7.69102 -4.30505
37344000 7.69363 -4.33657
37345000 7.67446 -4.31577
37346000 7.69232 -4.27606
37347000 7.66302 -4.17082
37348000 7.64534 -4.186
37349000 7.70158 -4.38634
37350000 7.66827 -4.23724
37351000 7.67649 -4.35706
37352000 7.68442 -4.28279
37353000 7.69159 -4.36086
37354000 7.66428 -4.19547
37355000 7.68511 -4.31737
37356000 7.6258 -4.1049
37357000 7.6946 -4.35688
37358000 7.68714 -4.23866
37359000 7.67218 -4.27426
37360000 7.66005 -4.21873
37361000 7.6517 -4.15076
37362000 7.70965 -4.40124
37363000 7.64467 -4.19813
37364000 7.70961 -4.387
37365000 7.6667 -4.22544
37366000 7.67135 -4.30165
37367000 7.63428 -4.17473
37368000 7.6677 -4.23293
37369000 7.70829 -4.40915
37370000 7.66733 -4.27764
37371000 7.68241 -4.40403
37372000 7.68351 -4.26902
37373000 7.66934 -4.31964
37374000 7.67877 -4.33135
37375000 7.66389 -4.20325
37376000 7.70907 -4.40476
37377000 7.67389 -4.26787
37378000 7.68943 -4.3753
37379000 7.66867 -4.20457
37380000 7.65708 -4.19999
37381000 7.65621 -4.19147
37382000 7.65716 -4.16761
37383000 7.68591 -4.27538
37384000 7.66191 -4.27914
37385000 7.68487 -4.25645
37386000 7.69367 -4.27101
37387000 7.66541 -4.19462
37388000 7.65932 -4.25938
37389000 7.65272 -4.17465
37390000 7.69296 -4.36284
37391000 7.6759 -4.28828
37392000 7.65759 -4.27334
37393000 7.66692 -4.25834
37394000 7.67544 -4.2464
37395000 7.67476 -4.28366
37396000 7.63688 -4.13153
37397000 7.6648 -4.24899
37398000 7.68091 -4.30693
37399000 7.67797 -4.27977
37400000 7.6887 -4.31032
37401000 7.68256 -4.21805
37402000 7.70081 -4.37493
37403000 7.68971 -4.28534
37404000 7.67665 -4.22264
37405000 7.69701 -4.37131
37406000 7.67049 -4.24375
37407000 7.66458 -4.24873
37408000 7.70585 -4.40009
37409000 7.68931 -4.2789
37410000 7.69646 -4.28351
37411000 7.65416 -4.20484
37412000 7.66094 -4.2002
37413000 7.68049 -4.34869
37414000 7.65228 -4.17964
37415000 7.68357 -4.36533
37416000 7.68455 -4.27695
37417000 7.65859 -4.19603
37418000 7.6672 -4.19944
37419000 7.6484 -4.16795
37420000 7.68384 -4.34189
37421000 7.65495 -4.15765
37422000 7.6299 -4.1831
37423000 7.63559 -4.18754
37424000 7.68145 -4.38415
37425000 7.68019 -4.27514
37426000 7.67206 -4.23001
37427000 7.65722 -4.17203
37428000 7.65139 -4.18971
37429000 7.66932 -4.24574
37430000 7.66643 -4.26993
37431000 7.68976 -4.35517
37432000 7.67963 -4.30366
37433000 7.67207 -4.2918
37434000 7.67526 -4.3184
37435000 7.64548 -4.15525
37436000 7.64982 -4.18295
37437000 7.676 -4.30591
37438000 7.66819 -4.24298
37439000 7.65419 -4.19801
37440000 7.69646 -4.28029
37441000 7.6848 -4.38841
37442000 7.69238 -4.34348
37443000 7.66592 -4.20481
37444000 7.67874 -4.29
37445000 7.67984 -4.26345
37446000 7.66155 -4.25432
37447000 7.67014 -4.25086
37448000 7.68914 -4.32393
37449000 7.66972 -4.24582
37450000 7.66083 -4.2545
37451000 7.65569 -4.24213
37452000 7.68864 -4.33319
37453000 7.67504 -4.29261
37454000 7.68685 -4.36406
37455000 7.6657 -4.2541
37456000 7.65936 -4.21088
37457000 7.67137 -4.24787
37458000 7.68285 -4.27245
37459000 7.65803 -4.15943
37460000 7.65622 -4.19873
37461000 7.66563 -4.28245
37462000 7.67054 -4.29692
37463000 7.67811 -4.24571
37464000 7.68519 -4.33989
37465000 7.67674 -4.24497
37466000 7.67291 -4.20806
37467000 7.67325 -4.29414
37468000 7.67055 -4.22623
37469000 7.6826 -4.36465
37470000 7.67738 -4.24515
37471000 7.67381 -4.26948
37472000 7.65225 -4.16367
37473000 7.63542 -4.13106
37474000 7.68215 -4.2763
37475000 7.66215 -4.22492
37476000 7.68046 -4.31178
37477000 7.69639 -4.29368
37478000 7.68666 -4.33342
37479000 7.6791 -4.28647
37480000 7.6778 -4.25967
37481000 7.68868 -4.32584
37482000 7.65074 -4.14916
37483000 7.65826 -4.23606
37484000 7.64868 -4.18162
37485000 7.66079 -4.23583
37486000 7.66957 -4.25151
37487000 7.66456 -4.22335
37488000 7.70983 -4.34259
37489000 7.68297 -4.30576
37490000 7.68622 -4.3208
37491000 7.64695 -4.14817
37492000 7.69583 -4.33358
37493000 7.69623 -4.29877
37494000 7.68335 -4.28598
37495000 7.66004 -4.15243
37496000 7.66829 -4.3168
37497000 7.69257 -4.33972
37498000 7.67074 -4.1868
37499000 7.65039 -4.26124
37500000 7.67353 -4.2166
