#! FIELDS time refcv.mean refcv.morethan
 0.000000 1.008294 323.928378
 1.000000 0.909778 323.711822
 2.000000 0.914853 323.617390
 3.000000 0.905511 323.669790
 4.000000 0.905074 323.657676
 5.000000 0.895020 323.452289
 6.000000 0.907176 323.624706
 7.000000 0.909295 323.557689
 8.000000 0.916275 323.732909
 9.000000 0.919536 323.759337
 10.000000 0.906710 323.671259
 11.000000 0.903558 323.647362
 12.000000 0.906815 323.667825
 13.000000 0.904845 323.667243
 14.000000 0.903269 323.637744
 15.000000 0.896899 323.578391
 16.000000 0.893017 323.599196
 17.000000 0.909126 323.691745
 18.000000 0.905075 323.544360
 19.000000 0.902174 323.633254
 20.000000 0.910247 323.667874
 21.000000 0.893557 323.575696
 22.000000 0.899057 323.635767
 23.000000 0.920537 323.735251
 24.000000 0.896063 323.533178
 25.000000 0.905630 323.672538
 26.000000 0.901229 323.631372
 27.000000 0.911531 323.677504
 28.000000 0.913440 323.722498
 29.000000 0.911014 323.695482
 30.000000 0.900864 323.596220
 31.000000 0.903579 323.588643
 32.000000 0.902937 323.673485
 33.000000 0.906195 323.662263
 34.000000 0.916474 323.738936
 35.000000 0.895257 323.616203
 36.000000 0.911320 323.610424
 37.000000 0.909541 323.687594
 38.000000 0.900122 323.601924
 39.000000 0.908861 323.704261
 40.000000 0.912873 323.695191
 41.000000 0.908505 323.664143
 42.000000 0.918450 323.720802
 43.000000 0.915079 323.730447
 44.000000 0.901289 323.623649
 45.000000 0.906572 323.693059
 46.000000 0.903221 323.617907
 47.000000 0.905226 323.679108
 48.000000 0.895333 323.047948
 49.000000 0.895850 323.472258
 50.000000 0.900611 323.634565
 51.000000 0.899155 323.600072
 52.000000 0.899924 323.659881
 53.000000 0.897296 323.553330
 54.000000 0.900982 323.609111
 55.000000 0.907378 323.677367
 56.000000 0.898479 323.625850
 57.000000 0.898249 323.580932
 58.000000 0.899177 323.624977
 59.000000 0.902357 323.655985
 60.000000 0.903321 323.630369
 61.000000 0.902708 323.657148
 62.000000 0.889785 323.510935
 63.000000 0.895245 323.613995
 64.000000 0.895951 323.609470
 65.000000 0.896615 323.595321
 66.000000 0.884666 323.536105
 67.000000 0.904787 323.652362
 68.000000 0.904717 323.665095
 69.000000 0.908049 323.677788
 70.000000 0.907740 323.699965
 71.000000 0.909539 323.715326
 72.000000 0.910440 323.699694
 73.000000 0.900243 323.653663
 74.000000 0.910137 323.696348
 75.000000 0.907582 323.686927
 76.000000 0.906624 323.692884
 77.000000 0.916434 323.726296
 78.000000 0.903824 323.679370
 79.000000 0.898199 323.605015
 80.000000 0.894232 323.610101
 81.000000 0.911415 323.711384
 82.000000 0.900195 323.653021
 83.000000 0.896791 323.602126
 84.000000 0.914405 323.721834
 85.000000 0.890304 323.571952
 86.000000 0.904211 323.667092
 87.000000 0.911996 323.693571
 88.000000 0.913840 323.720710
 89.000000 0.905315 323.656257
 90.000000 0.914193 323.721331
 91.000000 0.912978 323.701477
 92.000000 0.915279 323.723690
 93.000000 0.912000 323.713068
 94.000000 0.906267 323.667435
 95.000000 0.905523 323.659405
 96.000000 0.903284 323.646501
 97.000000 0.902702 323.657833
 98.000000 0.905437 323.669048
 99.000000 0.889399 323.550432
 100.000000 0.911174 323.709935
 101.000000 0.894248 323.580048
 102.000000 0.899661 323.476537
 103.000000 0.905240 323.624919
 104.000000 0.901947 323.651555
 105.000000 0.901940 323.589021
 106.000000 0.904686 323.646182
 107.000000 0.907725 323.690799
 108.000000 0.891030 323.550543
 109.000000 0.908656 323.695485
 110.000000 0.903529 323.648764
 111.000000 0.908852 323.707686
 112.000000 0.901287 323.600850
 113.000000 0.907685 323.635271
 114.000000 0.896970 323.560582
 115.000000 0.897406 323.588011
 116.000000 0.903067 323.672651
 117.000000 0.900193 323.654171
 118.000000 0.908596 323.697013
 119.000000 0.898072 323.555920
 120.000000 0.891746 323.572511
 121.000000 0.909591 323.687472
 122.000000 0.912300 323.704229
 123.000000 0.909043 323.673237
 124.000000 0.904549 323.544668
 125.000000 0.911333 323.675846
 126.000000 0.907324 323.656234
 127.000000 0.907071 323.695979
 128.000000 0.902316 323.549590
 129.000000 0.906066 323.669889
 130.000000 0.904492 323.483035
 131.000000 0.905935 323.694108
 132.000000 0.898060 323.598379
 133.000000 0.906869 323.651025
 134.000000 0.896950 323.594329
 135.000000 0.904041 323.644894
 136.000000 0.903104 323.277473
 137.000000 0.916652 323.698638
 138.000000 0.908894 323.688600
 139.000000 0.913545 323.713167
 140.000000 0.897887 323.638415
 141.000000 0.902887 323.655397
 142.000000 0.890389 323.557203
 143.000000 0.900344 323.600198
 144.000000 0.908663 323.684697
 145.000000 0.906576 323.644020
 146.000000 0.909441 323.674121
 147.000000 0.902380 323.658001
 148.000000 0.904607 323.659827
 149.000000 0.890879 323.489873
 150.000000 0.900285 323.596103
 151.000000 0.908702 323.640319
 152.000000 0.903075 323.634089
 153.000000 0.908002 323.692936
 154.000000 0.898643 323.587463
 155.000000 0.901054 323.568482
 156.000000 0.892559 323.557029
 157.000000 0.909340 323.699385
 158.000000 0.910428 323.650560
 159.000000 0.913079 323.702111
 160.000000 0.899350 323.456335
 161.000000 0.910547 323.698722
 162.000000 0.908637 323.648970
 163.000000 0.903160 323.598949
 164.000000 0.912604 323.716519
 165.000000 0.890456 323.533911
 166.000000 0.907796 323.660148
 167.000000 0.908933 323.656979
 168.000000 0.901287 323.658808
 169.000000 0.911719 323.690837
 170.000000 0.910491 323.710614
 171.000000 0.907709 323.542483
 172.000000 0.901289 323.650138
 173.000000 0.904645 323.648772
 174.000000 0.910585 323.676541
 175.000000 0.899641 323.622633
 176.000000 0.898629 323.638254
 177.000000 0.896862 323.628110
 178.000000 0.907131 323.641362
 179.000000 0.906903 323.656813
 180.000000 0.910460 323.684071
 181.000000 0.912015 323.439748
 182.000000 0.891820 323.554049
 183.000000 0.900465 323.630587
 184.000000 0.913577 323.719629
 185.000000 0.905049 323.676027
 186.000000 0.903178 323.659872
 187.000000 0.923235 323.767276
 188.000000 0.907444 323.680105
 189.000000 0.907418 323.683390
 190.000000 0.898791 323.613181
 191.000000 0.905184 323.673457
 192.000000 0.905461 323.655390
 193.000000 0.908838 323.678976
 194.000000 0.908407 323.679893
 195.000000 0.907705 323.679018
 196.000000 0.909146 323.654914
 197.000000 0.916452 323.705235
 198.000000 0.903795 323.642368
 199.000000 0.914812 323.667750
 200.000000 0.911598 323.710191
 201.000000 0.911893 323.677420
 202.000000 0.914464 323.732972
 203.000000 0.897112 323.622875
 204.000000 0.904542 323.619883
 205.000000 0.913159 323.694050
 206.000000 0.897855 323.640895
 207.000000 0.903313 323.663421
 208.000000 0.901275 323.557828
 209.000000 0.902128 323.602602
 210.000000 0.908042 323.687859
 211.000000 0.905960 323.667452
 212.000000 0.902794 323.669112
 213.000000 0.905263 323.634220
 214.000000 0.900477 323.659799
 215.000000 0.911174 323.708461
 216.000000 0.890192 323.460772
 217.000000 0.911466 323.670220
 218.000000 0.907494 323.670296
 219.000000 0.914171 323.716605
 220.000000 0.906194 323.645584
 221.000000 0.899877 323.528825
 222.000000 0.902038 323.667076
 223.000000 0.897572 323.549282
 224.000000 0.912887 323.656157
 225.000000 0.915964 323.737664
 226.000000 0.905057 323.658950
 227.000000 0.910297 323.672666
 228.000000 0.905773 323.596037
 229.000000 0.905021 323.666376
 230.000000 0.901631 323.620938
 231.000000 0.900327 323.583992
 232.000000 0.910145 323.691473
 233.000000 0.900960 323.652627
 234.000000 0.909873 323.700207
 235.000000 0.898693 323.618673
 236.000000 0.907390 323.689419
 237.000000 0.902518 323.603129
 238.000000 0.907749 323.677925
 239.000000 0.907572 323.633211
 240.000000 0.901082 323.615826
 241.000000 0.901143 323.641973
 242.000000 0.915742 323.718903
 243.000000 0.906165 323.695550
 244.000000 0.901396 323.648644
 245.000000 0.895799 323.496829
 246.000000 0.907849 323.667299
 247.000000 0.895549 323.543115
 248.000000 0.908147 323.693120
 249.000000 0.901513 323.656436
 250.000000 0.903417 323.647379
 251.000000 0.896343 323.315781
 252.000000 0.909717 323.705599
 253.000000 0.915260 323.702008
 254.000000 0.905517 323.661225
 255.000000 0.912013 323.702600
 256.000000 0.901371 323.628387
 257.000000 0.912886 323.706069
 258.000000 0.898429 323.588642
 259.000000 0.906168 323.676647
 260.000000 0.918971 323.736792
 261.000000 0.904449 323.681026
 262.000000 0.915408 323.686828
 263.000000 0.907608 323.694217
 264.000000 0.891193 323.552963
 265.000000 0.900774 323.649116
 266.000000 0.902504 323.599026
 267.000000 0.890359 323.454205
 268.000000 0.902218 323.641500
 269.000000 0.909317 323.678111
 270.000000 0.906712 323.696942
 271.000000 0.898023 323.606449
 272.000000 0.904104 323.607552
 273.000000 0.894878 323.590170
 274.000000 0.907703 323.587509
 275.000000 0.902245 323.654870
 276.000000 0.906892 323.694264
 277.000000 0.900693 323.644497
 278.000000 0.901789 323.634022
 279.000000 0.902224 323.565103
 280.000000 0.902279 323.594109
 281.000000 0.898040 323.563341
 282.000000 0.899961 323.644949
 283.000000 0.902879 323.584715
 284.000000 0.904425 323.609714
 285.000000 0.905917 323.676345
 286.000000 0.903255 323.613336
 287.000000 0.909628 323.675534
 288.000000 0.908154 323.697041
 289.000000 0.896161 323.562116
 290.000000 0.910798 323.681488
 291.000000 0.896071 323.617514
 292.000000 0.898397 323.630393
 293.000000 0.908144 323.666038
 294.000000 0.897748 323.596029
 295.000000 0.909277 323.712743
 296.000000 0.904026 323.616349
 297.000000 0.904449 323.656108
 298.000000 0.904615 323.652621
 299.000000 0.905678 323.659391
 300.000000 0.903190 323.632726
 301.000000 0.916152 323.732606
 302.000000 0.901446 323.476555
 303.000000 0.905000 323.650844
 304.000000 0.908138 323.590832
 305.000000 0.915712 323.710879
 306.000000 0.907755 323.669049
 307.000000 0.910292 323.695034
 308.000000 0.902767 323.602703
 309.000000 0.912158 323.694255
 310.000000 0.900759 323.547547
 311.000000 0.903232 323.574951
 312.000000 0.904435 323.653118
 313.000000 0.899050 323.644752
 314.000000 0.903428 323.661075
 315.000000 0.904451 323.681587
 316.000000 0.903622 323.563379
 317.000000 0.919150 323.748895
 318.000000 0.919556 323.739605
 319.000000 0.900417 323.601413
 320.000000 0.906196 323.689954
 321.000000 0.910832 323.679968
 322.000000 0.905666 323.656554
 323.000000 0.912979 323.707222
 324.000000 0.909545 323.697086
 325.000000 0.905833 323.677697
 326.000000 0.914407 323.715608
 327.000000 0.900489 323.636140
 328.000000 0.904777 323.669264
 329.000000 0.899201 323.536889
 330.000000 0.907881 323.662494
 331.000000 0.905027 323.670826
 332.000000 0.901238 323.500626
 333.000000 0.900618 323.606109
 334.000000 0.903102 323.640102
 335.000000 0.907009 323.601326
 336.000000 0.905793 323.648877
 337.000000 0.909124 323.696427
 338.000000 0.896778 323.595767
 339.000000 0.905937 323.660577
 340.000000 0.904162 323.623485
 341.000000 0.912793 323.714039
 342.000000 0.907038 323.667259
 343.000000 0.904490 323.677615
 344.000000 0.908332 323.688885
 345.000000 0.908752 323.705901
 346.000000 0.901430 323.599648
 347.000000 0.893554 323.454235
 348.000000 0.894056 323.588964
 349.000000 0.907984 323.687049
 350.000000 0.900685 323.592509
 351.000000 0.907727 323.668254
 352.000000 0.901486 323.651573
 353.000000 0.906410 323.688758
 354.000000 0.909220 323.681768
 355.000000 0.909765 323.700925
 356.000000 0.902635 323.666125
 357.000000 0.898735 323.642286
 358.000000 0.900349 323.646546
 359.000000 0.901854 323.629544
 360.000000 0.900802 323.547126
 361.000000 0.897517 323.601335
 362.000000 0.889932 323.544128
 363.000000 0.904620 323.687691
 364.000000 0.908831 323.704273
 365.000000 0.898884 323.599033
 366.000000 0.907043 323.583320
 367.000000 0.901016 323.638263
 368.000000 0.902430 323.643364
 369.000000 0.895782 323.598083
 370.000000 0.902109 323.622532
 371.000000 0.907392 323.687883
 372.000000 0.903326 323.621166
 373.000000 0.901892 323.659758
 374.000000 0.897803 323.622060
 375.000000 0.905282 323.646830
 376.000000 0.906990 323.674527
 377.000000 0.899833 323.632014
 378.000000 0.909194 323.670483
 379.000000 0.911440 323.677525
 380.000000 0.886345 323.478374
 381.000000 0.903332 323.642336
 382.000000 0.899872 323.622757
 383.000000 0.895629 323.473176
 384.000000 0.896311 323.615859
 385.000000 0.905352 323.607733
 386.000000 0.905639 323.601468
 387.000000 0.902659 323.614841
 388.000000 0.901460 323.662985
 389.000000 0.900822 323.551799
 390.000000 0.892215 323.585390
 391.000000 0.891459 323.570473
 392.000000 0.900412 323.628587
 393.000000 0.906454 323.676877
 394.000000 0.903654 323.644471
 395.000000 0.897383 323.496650
 396.000000 0.898492 323.649464
 397.000000 0.892688 323.578584
 398.000000 0.900094 323.627416
 399.000000 0.905038 323.680889
 400.000000 0.909622 323.706657
 401.000000 0.910045 323.696891
 402.000000 0.908641 323.705324
 403.000000 0.902995 323.661615
 404.000000 0.896509 323.554052
 405.000000 0.902283 323.633505
 406.000000 0.906582 323.682505
 407.000000 0.893291 323.593134
 408.000000 0.899766 323.615494
 409.000000 0.907671 323.670474
 410.000000 0.906186 323.600146
 411.000000 0.908352 323.584379
 412.000000 0.913222 323.720183
 413.000000 0.910938 323.660254
 414.000000 0.903459 323.645120
 415.000000 0.898055 323.592241
 416.000000 0.906871 323.664345
 417.000000 0.906241 323.653646
 418.000000 0.900502 323.524888
 419.000000 0.903197 323.664018
 420.000000 0.901519 323.651434
 421.000000 0.901812 323.662272
 422.000000 0.908092 323.682188
 423.000000 0.902309 323.648677
 424.000000 0.910300 323.686867
 425.000000 0.902204 323.631242
 426.000000 0.900226 323.615371
 427.000000 0.901058 323.638307
 428.000000 0.903036 323.659575
 429.000000 0.895811 323.572418
 430.000000 0.904824 323.634636
 431.000000 0.899128 323.653571
 432.000000 0.909790 323.672156
 433.000000 0.899042 323.530518
 434.000000 0.913839 323.714196
 435.000000 0.904648 323.676056
 436.000000 0.906890 323.681621
 437.000000 0.900629 323.600666
 438.000000 0.904694 323.636149
 439.000000 0.909006 323.695029
 440.000000 0.909419 323.694199
 441.000000 0.907360 323.669322
 442.000000 0.902398 323.652470
 443.000000 0.916519 323.724676
 444.000000 0.903588 323.655704
 445.000000 0.900995 323.633212
 446.000000 0.899901 323.624145
 447.000000 0.900451 323.607956
 448.000000 0.908332 323.695397
 449.000000 0.904026 323.645525
 450.000000 0.903730 323.668729
 451.000000 0.902212 323.626876
 452.000000 0.895047 323.591120
 453.000000 0.904618 323.666308
 454.000000 0.894120 323.574920
 455.000000 0.910660 323.714278
 456.000000 0.902381 323.639366
 457.000000 0.896800 323.626343
 458.000000 0.904115 323.647537
 459.000000 0.907289 323.645342
 460.000000 0.893635 323.523804
 461.000000 0.903337 323.653556
 462.000000 0.893389 323.585927
