#! FIELDS time refcv.mean refcv.morethan
 0.000000 1.210083 323.991973
 1.000000 1.166918 323.987382
 2.000000 1.166601 323.987161
 3.000000 1.164983 323.987032
 4.000000 1.166629 323.987255
 5.000000 1.162812 323.986637
 6.000000 1.170142 323.987627
 7.000000 1.170774 323.987676
 8.000000 1.172223 323.988066
 9.000000 1.172352 323.988065
 10.000000 1.167113 323.987299
 11.000000 1.168765 323.987512
 12.000000 1.168262 323.987478
 13.000000 1.169762 323.987588
 14.000000 1.172895 323.988061
 15.000000 1.165427 323.987021
 16.000000 1.163031 323.986763
 17.000000 1.169100 323.987627
 18.000000 1.166709 323.987143
 19.000000 1.171260 323.987788
 20.000000 1.168082 323.987347
 21.000000 1.157814 323.985922
 22.000000 1.164424 323.986945
 23.000000 1.174074 323.988263
 24.000000 1.162560 323.986543
 25.000000 1.168788 323.987565
 26.000000 1.165782 323.987126
 27.000000 1.171376 323.987894
 28.000000 1.172876 323.988075
 29.000000 1.173095 323.988077
 30.000000 1.165623 323.987092
 31.000000 1.167026 323.987202
 32.000000 1.166633 323.987259
 33.000000 1.171952 323.987961
 34.000000 1.174574 323.988352
 35.000000 1.162798 323.986622
 36.000000 1.166245 323.987122
 37.000000 1.167993 323.987423
 38.000000 1.167177 323.987327
 39.000000 1.172999 323.988100
 40.000000 1.173834 323.988198
 41.000000 1.171401 323.987814
 42.000000 1.175638 323.988422
 43.000000 1.172407 323.988062
 44.000000 1.164590 323.986929
 45.000000 1.166987 323.987344
 46.000000 1.163418 323.986757
 47.000000 1.165945 323.987143
 48.000000 1.161103 323.986096
 49.000000 1.165454 323.986909
 50.000000 1.165198 323.987056
 51.000000 1.165089 323.986937
 52.000000 1.163300 323.986812
 53.000000 1.164836 323.986941
 54.000000 1.163172 323.986710
 55.000000 1.167332 323.987364
 56.000000 1.163564 323.986775
 57.000000 1.161523 323.986518
 58.000000 1.161876 323.986634
 59.000000 1.168382 323.987509
 60.000000 1.166421 323.987221
 61.000000 1.167055 323.987279
 62.000000 1.154574 323.985289
 63.000000 1.162262 323.986638
 64.000000 1.165526 323.987117
 65.000000 1.167383 323.987339
 66.000000 1.165287 323.987060
 67.000000 1.168830 323.987587
 68.000000 1.170430 323.987722
 69.000000 1.172172 323.988006
 70.000000 1.173263 323.988121
 71.000000 1.172432 323.988088
 72.000000 1.172871 323.988125
 73.000000 1.164446 323.987006
 74.000000 1.171108 323.987866
 75.000000 1.167891 323.987472
 76.000000 1.165578 323.987196
 77.000000 1.168767 323.987581
 78.000000 1.164597 323.987048
 79.000000 1.159650 323.986226
 80.000000 1.158089 323.986109
 81.000000 1.166712 323.987326
 82.000000 1.162230 323.986694
 83.000000 1.162526 323.986630
 84.000000 1.171782 323.987963
 85.000000 1.164669 323.986915
 86.000000 1.166881 323.987307
 87.000000 1.172894 323.988092
 88.000000 1.175187 323.988376
 89.000000 1.169880 323.987673
 90.000000 1.173259 323.988127
 91.000000 1.170036 323.987741
 92.000000 1.170147 323.987738
 93.000000 1.171591 323.987950
 94.000000 1.166282 323.987194
 95.000000 1.165985 323.987165
 96.000000 1.168359 323.987443
 97.000000 1.170218 323.987749
 98.000000 1.171665 323.987858
 99.000000 1.159870 323.986281
 100.000000 1.172856 323.988073
 101.000000 1.163134 323.986699
 102.000000 1.162030 323.986537
 103.000000 1.164327 323.986879
 104.000000 1.165457 323.987044
 105.000000 1.166552 323.987199
 106.000000 1.172503 323.987924
 107.000000 1.170799 323.987823
 108.000000 1.160254 323.986283
 109.000000 1.171487 323.987911
 110.000000 1.165365 323.987035
 111.000000 1.167721 323.987418
 112.000000 1.165646 323.987077
 113.000000 1.171694 323.987794
 114.000000 1.166874 323.987131
 115.000000 1.167446 323.987320
 116.000000 1.167740 323.987420
 117.000000 1.167672 323.987324
 118.000000 1.169670 323.987652
 119.000000 1.169215 323.987442
 120.000000 1.166279 323.987165
 121.000000 1.171258 323.987797
 122.000000 1.169568 323.987669
 123.000000 1.166973 323.987266
 124.000000 1.164063 323.986892
 125.000000 1.165666 323.987113
 126.000000 1.162065 323.986596
 127.000000 1.165684 323.987201
 128.000000 1.162283 323.986588
 129.000000 1.167437 323.987370
 130.000000 1.166614 323.987173
 131.000000 1.168648 323.987611
 132.000000 1.165216 323.986947
 133.000000 1.169046 323.987567
 134.000000 1.166663 323.987224
 135.000000 1.166429 323.987214
 136.000000 1.167291 323.987055
 137.000000 1.174013 323.988154
 138.000000 1.171351 323.987847
 139.000000 1.170841 323.987758
 140.000000 1.161994 323.986600
 141.000000 1.161507 323.986580
 142.000000 1.159002 323.986121
 143.000000 1.165552 323.987041
 144.000000 1.165929 323.987171
 145.000000 1.168798 323.987499
 146.000000 1.169576 323.987636
 147.000000 1.165240 323.987090
 148.000000 1.167611 323.987357
 149.000000 1.158655 323.986131
 150.000000 1.163298 323.986746
 151.000000 1.167334 323.987351
 152.000000 1.163555 323.986796
 153.000000 1.170104 323.987743
 154.000000 1.163878 323.986823
 155.000000 1.163017 323.986680
 156.000000 1.160717 323.986371
 157.000000 1.172246 323.987961
 158.000000 1.170120 323.987656
 159.000000 1.172534 323.988061
 160.000000 1.167574 323.987220
 161.000000 1.174151 323.988207
 162.000000 1.170826 323.987784
 163.000000 1.169699 323.987573
 164.000000 1.172760 323.988115
 165.000000 1.162933 323.986661
 166.000000 1.170300 323.987715
 167.000000 1.169584 323.987598
 168.000000 1.168981 323.987573
 169.000000 1.170080 323.987697
 170.000000 1.173318 323.988169
 171.000000 1.167263 323.987253
 172.000000 1.164958 323.987061
 173.000000 1.166812 323.987281
 174.000000 1.170140 323.987703
 175.000000 1.162139 323.986529
 176.000000 1.158457 323.986124
 177.000000 1.161062 323.986467
 178.000000 1.166855 323.987230
 179.000000 1.165421 323.987084
 180.000000 1.169845 323.987692
 181.000000 1.167562 323.987329
 182.000000 1.158359 323.986012
 183.000000 1.162970 323.986764
 184.000000 1.170937 323.987862
 185.000000 1.170706 323.987791
 186.000000 1.169891 323.987635
 187.000000 1.179035 323.988871
 188.000000 1.171655 323.987851
 189.000000 1.171433 323.987832
 190.000000 1.170444 323.987699
 191.000000 1.164010 323.986905
 192.000000 1.167939 323.987382
 193.000000 1.172381 323.987982
 194.000000 1.175338 323.988382
 195.000000 1.175089 323.988317
 196.000000 1.173101 323.988093
 197.000000 1.170638 323.987800
 198.000000 1.167266 323.987284
 199.000000 1.169601 323.987637
 200.000000 1.174677 323.988326
 201.000000 1.170162 323.987736
 202.000000 1.170222 323.987772
 203.000000 1.164015 323.986839
 204.000000 1.165866 323.987094
 205.000000 1.173180 323.988098
 206.000000 1.167740 323.987434
 207.000000 1.169534 323.987668
 208.000000 1.171034 323.987739
 209.000000 1.173986 323.988110
 210.000000 1.170956 323.987819
 211.000000 1.171163 323.987797
 212.000000 1.169461 323.987661
 213.000000 1.167212 323.987295
 214.000000 1.165482 323.987123
 215.000000 1.169336 323.987645
 216.000000 1.160683 323.986139
 217.000000 1.164482 323.986984
 218.000000 1.162438 323.986700
 219.000000 1.168098 323.987501
 220.000000 1.162670 323.986674
 221.000000 1.164470 323.986922
 222.000000 1.165948 323.987182
 223.000000 1.169889 323.987569
 224.000000 1.174070 323.988192
 225.000000 1.175672 323.988473
 226.000000 1.176296 323.988439
 227.000000 1.170336 323.987711
 228.000000 1.167025 323.987163
 229.000000 1.167091 323.987323
 230.000000 1.162664 323.986642
 231.000000 1.162632 323.986561
 232.000000 1.166567 323.987284
 233.000000 1.162900 323.986669
 234.000000 1.163770 323.986910
 235.000000 1.163576 323.986770
 236.000000 1.166458 323.987278
 237.000000 1.168851 323.987499
 238.000000 1.171045 323.987842
 239.000000 1.168714 323.987421
 240.000000 1.166004 323.987081
 241.000000 1.163639 323.986760
 242.000000 1.170217 323.987760
 243.000000 1.166397 323.987272
 244.000000 1.165795 323.987067
 245.000000 1.162740 323.986644
 246.000000 1.170148 323.987695
 247.000000 1.164532 323.986915
 248.000000 1.171905 323.987973
 249.000000 1.172777 323.988080
 250.000000 1.166878 323.987246
 251.000000 1.165135 323.986873
 252.000000 1.167623 323.987443
 253.000000 1.170942 323.987791
 254.000000 1.165267 323.987007
 255.000000 1.169069 323.987585
 256.000000 1.166580 323.987217
 257.000000 1.170254 323.987783
 258.000000 1.163633 323.986669
 259.000000 1.169191 323.987625
 260.000000 1.173849 323.988216
 261.000000 1.168044 323.987490
 262.000000 1.174435 323.988215
 263.000000 1.167628 323.987447
 264.000000 1.160428 323.986332
 265.000000 1.165578 323.987147
 266.000000 1.165125 323.986864
 267.000000 1.163157 323.986638
 268.000000 1.166899 323.987161
 269.000000 1.169768 323.987624
 270.000000 1.174116 323.988250
 271.000000 1.167986 323.987380
 272.000000 1.168187 323.987338
 273.000000 1.164127 323.986862
 274.000000 1.168154 323.987398
 275.000000 1.165793 323.987194
 276.000000 1.170079 323.987763
 277.000000 1.169965 323.987708
 278.000000 1.169653 323.987556
 279.000000 1.166623 323.987172
 280.000000 1.169371 323.987522
 281.000000 1.163886 323.986819
 282.000000 1.163786 323.986883
 283.000000 1.166269 323.987180
 284.000000 1.167357 323.987240
 285.000000 1.171752 323.987952
 286.000000 1.172278 323.987904
 287.000000 1.171941 323.987902
 288.000000 1.169758 323.987741
 289.000000 1.165919 323.987049
 290.000000 1.169949 323.987639
 291.000000 1.168265 323.987423
 292.000000 1.166897 323.987290
 293.000000 1.166425 323.987182
 294.000000 1.161499 323.986420
 295.000000 1.166492 323.987281
 296.000000 1.168197 323.987457
 297.000000 1.164289 323.986904
 298.000000 1.166744 323.987339
 299.000000 1.166653 323.987185
 300.000000 1.164207 323.986917
 301.000000 1.172248 323.988010
 302.000000 1.164922 323.986784
 303.000000 1.169986 323.987635
 304.000000 1.172042 323.987851
 305.000000 1.174812 323.988321
 306.000000 1.173941 323.988189
 307.000000 1.172664 323.988045
 308.000000 1.171122 323.987821
 309.000000 1.172440 323.988022
 310.000000 1.168947 323.987427
 311.000000 1.169875 323.987513
 312.000000 1.167948 323.987411
 313.000000 1.161383 323.986603
 314.000000 1.162395 323.986677
 315.000000 1.165502 323.987116
 316.000000 1.166695 323.987160
 317.000000 1.173181 323.988127
 318.000000 1.175135 323.988383
 319.000000 1.167104 323.987260
 320.000000 1.171533 323.987967
 321.000000 1.172978 323.988057
 322.000000 1.168301 323.987433
 323.000000 1.165235 323.987080
 324.000000 1.164299 323.986962
 325.000000 1.162830 323.986769
 326.000000 1.167829 323.987372
 327.000000 1.164497 323.986899
 328.000000 1.166369 323.987268
 329.000000 1.166495 323.987030
 330.000000 1.170530 323.987666
 331.000000 1.170178 323.987716
 332.000000 1.170019 323.987514
 333.000000 1.168393 323.987421
 334.000000 1.168718 323.987536
 335.000000 1.171796 323.987808
 336.000000 1.171187 323.987750
 337.000000 1.167871 323.987362
 338.000000 1.162406 323.986590
 339.000000 1.168015 323.987389
 340.000000 1.167124 323.987300
 341.000000 1.170480 323.987811
 342.000000 1.167866 323.987376
 343.000000 1.166409 323.987203
 344.000000 1.166784 323.987266
 345.000000 1.168095 323.987491
 346.000000 1.166666 323.987223
 347.000000 1.162084 323.986453
 348.000000 1.159531 323.986234
 349.000000 1.167705 323.987479
 350.000000 1.166177 323.987179
 351.000000 1.171542 323.987859
 352.000000 1.172643 323.988048
 353.000000 1.170696 323.987843
 354.000000 1.172195 323.987952
 355.000000 1.174072 323.988197
 356.000000 1.169767 323.987677
 357.000000 1.170487 323.987759
 358.000000 1.163455 323.986866
 359.000000 1.167029 323.987289
 360.000000 1.168510 323.987342
 361.000000 1.165861 323.987038
 362.000000 1.168638 323.987473
 363.000000 1.168705 323.987571
 364.000000 1.168058 323.987531
 365.000000 1.162878 323.986629
 366.000000 1.166507 323.987143
 367.000000 1.165320 323.987037
 368.000000 1.165999 323.987127
 369.000000 1.161867 323.986597
 370.000000 1.164594 323.986864
 371.000000 1.167480 323.987384
 372.000000 1.167497 323.987285
 373.000000 1.166870 323.987323
 374.000000 1.163838 323.986830
 375.000000 1.166421 323.987162
 376.000000 1.170153 323.987699
 377.000000 1.169007 323.987553
 378.000000 1.171820 323.987877
 379.000000 1.174019 323.988199
 380.000000 1.160966 323.986345
 381.000000 1.167024 323.987187
 382.000000 1.170635 323.987758
 383.000000 1.165165 323.986938
 384.000000 1.167022 323.987290
 385.000000 1.167431 323.987312
 386.000000 1.168838 323.987421
 387.000000 1.164895 323.986834
 388.000000 1.165790 323.987192
 389.000000 1.166918 323.987259
 390.000000 1.163000 323.986681
 391.000000 1.161207 323.986427
 392.000000 1.163081 323.986749
 393.000000 1.162509 323.986676
 394.000000 1.164620 323.986923
 395.000000 1.167987 323.987284
 396.000000 1.164202 323.986983
 397.000000 1.165081 323.986999
 398.000000 1.165980 323.987112
 399.000000 1.171116 323.987868
 400.000000 1.172170 323.987972
 401.000000 1.172730 323.988030
 402.000000 1.170408 323.987772
 403.000000 1.167359 323.987337
 404.000000 1.165815 323.986994
 405.000000 1.166996 323.987235
 406.000000 1.169509 323.987631
 407.000000 1.161390 323.986553
 408.000000 1.162832 323.986632
 409.000000 1.166724 323.987247
 410.000000 1.165179 323.986908
 411.000000 1.169444 323.987629
 412.000000 1.171407 323.987924
 413.000000 1.166997 323.987296
 414.000000 1.165560 323.987052
 415.000000 1.162750 323.986680
 416.000000 1.168646 323.987493
 417.000000 1.170696 323.987762
 418.000000 1.166235 323.987079
 419.000000 1.168050 323.987485
 420.000000 1.167371 323.987368
 421.000000 1.171206 323.987845
 422.000000 1.173949 323.988147
 423.000000 1.171799 323.987955
 424.000000 1.172920 323.988022
 425.000000 1.169726 323.987692
 426.000000 1.168603 323.987430
 427.000000 1.170574 323.987740
 428.000000 1.168383 323.987498
 429.000000 1.160871 323.986477
 430.000000 1.167503 323.987336
 431.000000 1.165190 323.987072
 432.000000 1.170641 323.987821
 433.000000 1.166462 323.987100
 434.000000 1.170849 323.987857
 435.000000 1.165852 323.987210
 436.000000 1.164656 323.987045
 437.000000 1.162805 323.986707
 438.000000 1.165967 323.987139
 439.000000 1.168401 323.987528
 440.000000 1.171130 323.987864
 441.000000 1.174186 323.988152
 442.000000 1.169221 323.987611
 443.000000 1.171722 323.987902
 444.000000 1.166415 323.987225
 445.000000 1.163677 323.986833
 446.000000 1.164511 323.986914
 447.000000 1.164000 323.986808
 448.000000 1.165544 323.987170
 449.000000 1.166989 323.987305
 450.000000 1.167557 323.987392
 451.000000 1.162347 323.986635
 452.000000 1.163403 323.986738
 453.000000 1.171408 323.987904
 454.000000 1.166402 323.987199
 455.000000 1.176541 323.988539
 456.000000 1.171088 323.987795
 457.000000 1.167321 323.987326
 458.000000 1.168414 323.987491
 459.000000 1.169782 323.987674
 460.000000 1.163695 323.986706
 461.000000 1.168294 323.987461
 462.000000 1.163864 323.986826
