#! FIELDS time refcv.mean refcv.morethan
 0.000000 1.471784 323.999234
 1.000000 1.429491 323.998899
 2.000000 1.427268 323.998871
 3.000000 1.428804 323.998889
 4.000000 1.432015 323.998920
 5.000000 1.429332 323.998890
 6.000000 1.437612 323.998965
 7.000000 1.437173 323.998963
 8.000000 1.436430 323.998961
 9.000000 1.435218 323.998949
 10.000000 1.431214 323.998908
 11.000000 1.435687 323.998952
 12.000000 1.433466 323.998930
 13.000000 1.437985 323.998966
 14.000000 1.443409 323.999018
 15.000000 1.433428 323.998929
 16.000000 1.430913 323.998906
 17.000000 1.433847 323.998936
 18.000000 1.431783 323.998914
 19.000000 1.441138 323.998995
 20.000000 1.432295 323.998919
 21.000000 1.420688 323.998806
 22.000000 1.429908 323.998901
 23.000000 1.438936 323.998984
 24.000000 1.427790 323.998873
 25.000000 1.435356 323.998950
 26.000000 1.430848 323.998908
 27.000000 1.437611 323.998968
 28.000000 1.438947 323.998976
 29.000000 1.440012 323.998988
 30.000000 1.431229 323.998910
 31.000000 1.432539 323.998921
 32.000000 1.432523 323.998923
 33.000000 1.440472 323.998994
 34.000000 1.441275 323.999002
 35.000000 1.428339 323.998873
 36.000000 1.428534 323.998884
 37.000000 1.431460 323.998912
 38.000000 1.435539 323.998950
 39.000000 1.441540 323.999004
 40.000000 1.443009 323.999017
 41.000000 1.438548 323.998972
 42.000000 1.442372 323.999009
 43.000000 1.437149 323.998968
 44.000000 1.429244 323.998890
 45.000000 1.431309 323.998913
 46.000000 1.426796 323.998868
 47.000000 1.430302 323.998898
 48.000000 1.426912 323.998862
 49.000000 1.433352 323.998924
 50.000000 1.430565 323.998906
 51.000000 1.431452 323.998906
 52.000000 1.427575 323.998872
 53.000000 1.432072 323.998917
 54.000000 1.427134 323.998869
 55.000000 1.430613 323.998906
 56.000000 1.429362 323.998890
 57.000000 1.425209 323.998856
 58.000000 1.426442 323.998871
 59.000000 1.436827 323.998964
 60.000000 1.432776 323.998929
 61.000000 1.432732 323.998919
 62.000000 1.416799 323.998760
 63.000000 1.428334 323.998881
 64.000000 1.433029 323.998926
 65.000000 1.438442 323.998978
 66.000000 1.437598 323.998968
 67.000000 1.435831 323.998957
 68.000000 1.439072 323.998976
 69.000000 1.440475 323.998994
 70.000000 1.441472 323.999002
 71.000000 1.439719 323.998990
 72.000000 1.441811 323.999009
 73.000000 1.429319 323.998896
 74.000000 1.436709 323.998963
 75.000000 1.432417 323.998924
 76.000000 1.429684 323.998902
 77.000000 1.430476 323.998906
 78.000000 1.428540 323.998889
 79.000000 1.422131 323.998823
 80.000000 1.420078 323.998807
 81.000000 1.429085 323.998895
 82.000000 1.426009 323.998864
 83.000000 1.426930 323.998869
 84.000000 1.436801 323.998963
 85.000000 1.434500 323.998941
 86.000000 1.431987 323.998918
 87.000000 1.439697 323.998989
 88.000000 1.443673 323.999020
 89.000000 1.437639 323.998971
 90.000000 1.439686 323.998987
 91.000000 1.434531 323.998944
 92.000000 1.433293 323.998931
 93.000000 1.436550 323.998962
 94.000000 1.430969 323.998910
 95.000000 1.429638 323.998897
 96.000000 1.435428 323.998949
 97.000000 1.440147 323.998993
 98.000000 1.440487 323.998989
 99.000000 1.425412 323.998853
 100.000000 1.440408 323.998991
 101.000000 1.430117 323.998901
 102.000000 1.426026 323.998860
 103.000000 1.427668 323.998878
 104.000000 1.430723 323.998901
 105.000000 1.432918 323.998926
 106.000000 1.442432 323.999007
 107.000000 1.437699 323.998970
 108.000000 1.425287 323.998848
 109.000000 1.437889 323.998971
 110.000000 1.429885 323.998897
 111.000000 1.432630 323.998924
 112.000000 1.430922 323.998907
 113.000000 1.439894 323.998982
 114.000000 1.435488 323.998944
 115.000000 1.436490 323.998960
 116.000000 1.434266 323.998937
 117.000000 1.434519 323.998931
 118.000000 1.436160 323.998950
 119.000000 1.437367 323.998959
 120.000000 1.436207 323.998955
 121.000000 1.436994 323.998960
 122.000000 1.434433 323.998942
 123.000000 1.429562 323.998894
 124.000000 1.425860 323.998862
 125.000000 1.426877 323.998871
 126.000000 1.422714 323.998832
 127.000000 1.428799 323.998891
 128.000000 1.425065 323.998854
 129.000000 1.432065 323.998919
 130.000000 1.431193 323.998911
 131.000000 1.434506 323.998944
 132.000000 1.431864 323.998912
 133.000000 1.434963 323.998941
 134.000000 1.435191 323.998949
 135.000000 1.430888 323.998908
 136.000000 1.434146 323.998929
 137.000000 1.439923 323.998983
 138.000000 1.437366 323.998963
 139.000000 1.435162 323.998939
 140.000000 1.426380 323.998862
 141.000000 1.423200 323.998835
 142.000000 1.423783 323.998840
 143.000000 1.431235 323.998911
 144.000000 1.428375 323.998883
 145.000000 1.435099 323.998944
 146.000000 1.435210 323.998949
 147.000000 1.430342 323.998905
 148.000000 1.432921 323.998923
 149.000000 1.424075 323.998846
 150.000000 1.427555 323.998879
 151.000000 1.430543 323.998906
 152.000000 1.427051 323.998869
 153.000000 1.436633 323.998960
 154.000000 1.430100 323.998900
 155.000000 1.426464 323.998868
 156.000000 1.425894 323.998860
 157.000000 1.439724 323.998983
 158.000000 1.435496 323.998945
 159.000000 1.438448 323.998977
 160.000000 1.436323 323.998957
 161.000000 1.443908 323.999020
 162.000000 1.437752 323.998971
 163.000000 1.437650 323.998963
 164.000000 1.438875 323.998984
 165.000000 1.431380 323.998911
 166.000000 1.437215 323.998964
 167.000000 1.436375 323.998956
 168.000000 1.436515 323.998955
 169.000000 1.434790 323.998943
 170.000000 1.441138 323.999000
 171.000000 1.431504 323.998912
 172.000000 1.430227 323.998905
 173.000000 1.432498 323.998923
 174.000000 1.434818 323.998943
 175.000000 1.425870 323.998855
 176.000000 1.419689 323.998796
 177.000000 1.425387 323.998852
 178.000000 1.430644 323.998907
 179.000000 1.429076 323.998894
 180.000000 1.435117 323.998948
 181.000000 1.429881 323.998899
 182.000000 1.422483 323.998827
 183.000000 1.427032 323.998875
 184.000000 1.435232 323.998948
 185.000000 1.439912 323.998989
 186.000000 1.439089 323.998980
 187.000000 1.446420 323.999044
 188.000000 1.440421 323.998986
 189.000000 1.439354 323.998979
 190.000000 1.440563 323.998993
 191.000000 1.427106 323.998875
 192.000000 1.434370 323.998939
 193.000000 1.439988 323.998988
 194.000000 1.444913 323.999031
 195.000000 1.445620 323.999036
 196.000000 1.442786 323.999017
 197.000000 1.434388 323.998941
 198.000000 1.433127 323.998926
 199.000000 1.432867 323.998928
 200.000000 1.442303 323.999010
 201.000000 1.435167 323.998948
 202.000000 1.433217 323.998929
 203.000000 1.430285 323.998899
 204.000000 1.431324 323.998911
 205.000000 1.440343 323.998993
 206.000000 1.435971 323.998956
 207.000000 1.437218 323.998966
 208.000000 1.441089 323.998995
 209.000000 1.447414 323.999048
 210.000000 1.437987 323.998969
 211.000000 1.440150 323.998985
 212.000000 1.436909 323.998966
 213.000000 1.432371 323.998921
 214.000000 1.432066 323.998921
 215.000000 1.433792 323.998936
 216.000000 1.426842 323.998861
 217.000000 1.424773 323.998852
 218.000000 1.422745 323.998834
 219.000000 1.430701 323.998908
 220.000000 1.424620 323.998849
 221.000000 1.429250 323.998895
 222.000000 1.431281 323.998911
 223.000000 1.440290 323.998989
 224.000000 1.441364 323.999001
 225.000000 1.443242 323.999019
 226.000000 1.448774 323.999057
 227.000000 1.437040 323.998964
 228.000000 1.432116 323.998913
 229.000000 1.432147 323.998919
 230.000000 1.425938 323.998856
 231.000000 1.426797 323.998860
 232.000000 1.428912 323.998893
 233.000000 1.426358 323.998857
 234.000000 1.424252 323.998845
 235.000000 1.428435 323.998883
 236.000000 1.431088 323.998913
 237.000000 1.436288 323.998955
 238.000000 1.438389 323.998977
 239.000000 1.434422 323.998934
 240.000000 1.431057 323.998903
 241.000000 1.428778 323.998883
 242.000000 1.434413 323.998942
 243.000000 1.429863 323.998901
 244.000000 1.431448 323.998908
 245.000000 1.427493 323.998874
 246.000000 1.435879 323.998953
 247.000000 1.431791 323.998915
 248.000000 1.439870 323.998989
 249.000000 1.444108 323.999025
 250.000000 1.432988 323.998923
 251.000000 1.433453 323.998929
 252.000000 1.431917 323.998919
 253.000000 1.434969 323.998945
 254.000000 1.429136 323.998887
 255.000000 1.432041 323.998921
 256.000000 1.433455 323.998933
 257.000000 1.435099 323.998952
 258.000000 1.429611 323.998888
 259.000000 1.435659 323.998952
 260.000000 1.438166 323.998976
 261.000000 1.433902 323.998938
 262.000000 1.441680 323.999003
 263.000000 1.432927 323.998931
 264.000000 1.426448 323.998865
 265.000000 1.430195 323.998905
 266.000000 1.429241 323.998882
 267.000000 1.431705 323.998912
 268.000000 1.433837 323.998929
 269.000000 1.435073 323.998946
 270.000000 1.443445 323.999019
 271.000000 1.437397 323.998963
 272.000000 1.435196 323.998943
 273.000000 1.430932 323.998906
 274.000000 1.433179 323.998927
 275.000000 1.430632 323.998910
 276.000000 1.437240 323.998966
 277.000000 1.438355 323.998977
 278.000000 1.438121 323.998967
 279.000000 1.433022 323.998926
 280.000000 1.438221 323.998971
 281.000000 1.428650 323.998886
 282.000000 1.429201 323.998895
 283.000000 1.432086 323.998920
 284.000000 1.432319 323.998914
 285.000000 1.440659 323.998996
 286.000000 1.442812 323.999009
 287.000000 1.438941 323.998979
 288.000000 1.436482 323.998962
 289.000000 1.434842 323.998937
 290.000000 1.435419 323.998944
 291.000000 1.438130 323.998968
 292.000000 1.434967 323.998945
 293.000000 1.430464 323.998904
 294.000000 1.425547 323.998852
 295.000000 1.428553 323.998884
 296.000000 1.434890 323.998946
 297.000000 1.427728 323.998875
 298.000000 1.432296 323.998927
 299.000000 1.432310 323.998916
 300.000000 1.428146 323.998886
 301.000000 1.436274 323.998956
 302.000000 1.429876 323.998891
 303.000000 1.438818 323.998979
 304.000000 1.439522 323.998983
 305.000000 1.442589 323.999014
 306.000000 1.443069 323.999014
 307.000000 1.440066 323.998989
 308.000000 1.440533 323.998996
 309.000000 1.439560 323.998988
 310.000000 1.437014 323.998960
 311.000000 1.437876 323.998962
 312.000000 1.434053 323.998934
 313.000000 1.423560 323.998843
 314.000000 1.424965 323.998853
 315.000000 1.429072 323.998888
 316.000000 1.433121 323.998929
 317.000000 1.436414 323.998954
 318.000000 1.440524 323.998995
 319.000000 1.433830 323.998933
 320.000000 1.440401 323.998998
 321.000000 1.441113 323.998997
 322.000000 1.433649 323.998935
 323.000000 1.424369 323.998845
 324.000000 1.424890 323.998851
 325.000000 1.423391 323.998838
 326.000000 1.430015 323.998893
 327.000000 1.430018 323.998896
 328.000000 1.430523 323.998910
 329.000000 1.433717 323.998928
 330.000000 1.436898 323.998955
 331.000000 1.437927 323.998970
 332.000000 1.440103 323.998988
 333.000000 1.437153 323.998961
 334.000000 1.436403 323.998961
 335.000000 1.440211 323.998988
 336.000000 1.439386 323.998981
 337.000000 1.432070 323.998914
 338.000000 1.427021 323.998865
 339.000000 1.435092 323.998943
 340.000000 1.431798 323.998915
 341.000000 1.435955 323.998957
 342.000000 1.433470 323.998928
 343.000000 1.431210 323.998909
 344.000000 1.431461 323.998912
 345.000000 1.430859 323.998907
 346.000000 1.433014 323.998928
 347.000000 1.428265 323.998876
 348.000000 1.423942 323.998840
 349.000000 1.432143 323.998925
 350.000000 1.432734 323.998927
 351.000000 1.438434 323.998973
 352.000000 1.443851 323.999021
 353.000000 1.437388 323.998971
 354.000000 1.439749 323.998984
 355.000000 1.443089 323.999011
 356.000000 1.437789 323.998971
 357.000000 1.441728 323.999003
 358.000000 1.428961 323.998894
 359.000000 1.434379 323.998937
 360.000000 1.437255 323.998960
 361.000000 1.434988 323.998941
 362.000000 1.441651 323.999004
 363.000000 1.435751 323.998952
 364.000000 1.432940 323.998932
 365.000000 1.427854 323.998874
 366.000000 1.430132 323.998899
 367.000000 1.431029 323.998909
 368.000000 1.430747 323.998907
 369.000000 1.427100 323.998876
 370.000000 1.429849 323.998892
 371.000000 1.431956 323.998918
 372.000000 1.434439 323.998936
 373.000000 1.432494 323.998926
 374.000000 1.429852 323.998896
 375.000000 1.430063 323.998895
 376.000000 1.436679 323.998959
 377.000000 1.437647 323.998970
 378.000000 1.439846 323.998985
 379.000000 1.443259 323.999016
 380.000000 1.428815 323.998885
 381.000000 1.433497 323.998922
 382.000000 1.440319 323.998993
 383.000000 1.433796 323.998932
 384.000000 1.435897 323.998954
 385.000000 1.433318 323.998928
 386.000000 1.435089 323.998941
 387.000000 1.429590 323.998888
 388.000000 1.430818 323.998908
 389.000000 1.435219 323.998949
 390.000000 1.430079 323.998893
 391.000000 1.427536 323.998873
 392.000000 1.426094 323.998862
 393.000000 1.423353 323.998830
 394.000000 1.428349 323.998880
 395.000000 1.436110 323.998950
 396.000000 1.429284 323.998896
 397.000000 1.433486 323.998927
 398.000000 1.432390 323.998919
 399.000000 1.439302 323.998983
 400.000000 1.438959 323.998976
 401.000000 1.439675 323.998987
 402.000000 1.437547 323.998965
 403.000000 1.433811 323.998930
 404.000000 1.433867 323.998932
 405.000000 1.434516 323.998936
 406.000000 1.435250 323.998945
 407.000000 1.427565 323.998877
 408.000000 1.427814 323.998868
 409.000000 1.431054 323.998909
 410.000000 1.428009 323.998874
 411.000000 1.434679 323.998946
 412.000000 1.437153 323.998965
 413.000000 1.429504 323.998898
 414.000000 1.430668 323.998905
 415.000000 1.426042 323.998861
 416.000000 1.434581 323.998940
 417.000000 1.438022 323.998973
 418.000000 1.432313 323.998920
 419.000000 1.434824 323.998947
 420.000000 1.434669 323.998944
 421.000000 1.440435 323.998989
 422.000000 1.443881 323.999019
 423.000000 1.442243 323.999010
 424.000000 1.439736 323.998981
 425.000000 1.437819 323.998974
 426.000000 1.437906 323.998968
 427.000000 1.440271 323.998988
 428.000000 1.435370 323.998947
 429.000000 1.425942 323.998865
 430.000000 1.433042 323.998928
 431.000000 1.431874 323.998917
 432.000000 1.436374 323.998960
 433.000000 1.433597 323.998925
 434.000000 1.435160 323.998950
 435.000000 1.430213 323.998907
 436.000000 1.427291 323.998875
 437.000000 1.427278 323.998876
 438.000000 1.430676 323.998907
 439.000000 1.433185 323.998929
 440.000000 1.438036 323.998974
 441.000000 1.443536 323.999014
 442.000000 1.437132 323.998969
 443.000000 1.436010 323.998953
 444.000000 1.431373 323.998912
 445.000000 1.427814 323.998879
 446.000000 1.429730 323.998895
 447.000000 1.428644 323.998884
 448.000000 1.429067 323.998895
 449.000000 1.432689 323.998925
 450.000000 1.432540 323.998923
 451.000000 1.424505 323.998844
 452.000000 1.429669 323.998893
 453.000000 1.440381 323.998995
 454.000000 1.436128 323.998957
 455.000000 1.446597 323.999043
 456.000000 1.441768 323.999002
 457.000000 1.436422 323.998956
 458.000000 1.434732 323.998944
 459.000000 1.436707 323.998962
 460.000000 1.432125 323.998916
 461.000000 1.435519 323.998954
 462.000000 1.430835 323.998906
