#! FIELDS refcv hh dhh_refcv
#! SET normalisation  462.000000
#! SET min_refcv -0.5
#! SET max_refcv 2
#! SET nbins_refcv  1000
#! SET periodic_refcv false
 -0.500000 0.000000 0.000000
 -0.497500 0.000000 0.000000
 -0.495000 0.000000 0.000000
 -0.492500 0.000000 0.000000
 -0.490000 0.000000 0.000000
 -0.487500 0.000000 0.000000
 -0.485000 0.000000 0.000000
 -0.482500 0.000000 0.000000
 -0.480000 0.000000 0.000000
 -0.477500 0.000000 0.000000
 -0.475000 0.000000 0.000000
 -0.472500 0.000000 0.000000
 -0.470000 0.000000 0.000000
 -0.467500 0.000000 0.000000
 -0.465000 0.000000 0.000000
 -0.462500 0.000000 0.000000
 -0.460000 0.000000 0.000000
 -0.457500 0.000000 0.000000
 -0.455000 0.000000 0.000000
 -0.452500 0.000000 0.000000
 -0.450000 0.000000 0.000000
 -0.447500 0.000000 0.000000
 -0.445000 0.000000 0.000000
 -0.442500 0.000000 0.000000
 -0.440000 0.000000 0.000000
 -0.437500 0.000000 0.000000
 -0.435000 0.000000 0.000000
 -0.432500 0.000000 0.000000
 -0.430000 0.000000 0.000000
 -0.427500 0.000000 0.000000
 -0.425000 0.000000 0.000000
 -0.422500 0.000000 0.000000
 -0.420000 0.000000 0.000000
 -0.417500 0.000000 0.000000
 -0.415000 0.000000 0.000000
 -0.412500 0.000000 0.000000
 -0.410000 0.000000 0.000000
 -0.407500 0.000000 0.000000
 -0.405000 0.000000 0.000000
 -0.402500 0.000000 0.000000
 -0.400000 0.000000 0.000000
 -0.397500 0.000000 0.000000
 -0.395000 0.000000 0.000000
 -0.392500 0.000000 0.000000
 -0.390000 0.000000 0.000000
 -0.387500 0.000000 0.000000
 -0.385000 0.000000 0.000000
 -0.382500 0.000000 0.000000
 -0.380000 0.000000 0.000000
 -0.377500 0.000000 0.000000
 -0.375000 0.000000 0.000000
 -0.372500 0.000000 0.000000
 -0.370000 0.000000 0.000000
 -0.367500 0.000000 0.000000
 -0.365000 0.000000 0.000000
 -0.362500 0.000000 0.000000
 -0.360000 0.000000 0.000000
 -0.357500 0.000000 0.000000
 -0.355000 0.000000 0.000000
 -0.352500 0.000000 0.000000
 -0.350000 0.000000 0.000000
 -0.347500 0.000000 0.000000
 -0.345000 0.000000 0.000000
 -0.342500 0.000000 0.000000
 -0.340000 0.000000 0.000000
 -0.337500 0.000000 0.000000
 -0.335000 0.000000 0.000000
 -0.332500 0.000000 0.000000
 -0.330000 0.000000 0.000000
 -0.327500 0.000000 0.000000
 -0.325000 0.000000 0.000000
 -0.322500 0.000000 0.000000
 -0.320000 0.000000 0.000000
 -0.317500 0.000000 0.000000
 -0.315000 0.000000 0.000000
 -0.312500 0.000000 0.000000
 -0.310000 0.000000 0.000000
 -0.307500 0.000000 0.000000
 -0.305000 0.000000 0.000000
 -0.302500 0.000000 0.000000
 -0.300000 0.000000 0.000000
 -0.297500 0.000000 0.000000
 -0.295000 0.000000 0.000000
 -0.292500 0.000000 0.000000
 -0.290000 0.000000 0.000000
 -0.287500 0.000000 0.000000
 -0.285000 0.000000 0.000000
 -0.282500 0.000000 0.000000
 -0.280000 0.000000 0.000000
 -0.277500 0.000000 0.000000
 -0.275000 0.000000 0.000000
 -0.272500 0.000000 0.000000
 -0.270000 0.000000 0.000000
 -0.267500 0.000000 0.000000
 -0.265000 0.000000 0.000000
 -0.262500 0.000000 0.000000
 -0.260000 0.000000 0.000000
 -0.257500 0.000000 0.000000
 -0.255000 0.000000 0.000000
 -0.252500 0.000000 0.000000
 -0.250000 0.000000 0.000000
 -0.247500 0.000000 0.000000
 -0.245000 0.000000 0.000000
 -0.242500 0.000000 0.000000
 -0.240000 0.000000 0.000000
 -0.237500 0.000000 0.000000
 -0.235000 0.000000 0.000000
 -0.232500 0.000000 0.000000
 -0.230000 0.000000 0.000000
 -0.227500 0.000000 0.000000
 -0.225000 0.000000 0.000000
 -0.222500 0.000000 0.000000
 -0.220000 0.000000 0.000000
 -0.217500 0.000000 0.000000
 -0.215000 0.000000 0.000000
 -0.212500 0.000000 0.000000
 -0.210000 0.000000 0.000000
 -0.207500 0.000000 0.000000
 -0.205000 0.000000 0.000000
 -0.202500 0.000000 0.000000
 -0.200000 0.000000 0.000000
 -0.197500 0.000000 0.000000
 -0.195000 0.000000 0.000000
 -0.192500 0.000000 0.000000
 -0.190000 0.000000 0.000000
 -0.187500 0.000000 0.000000
 -0.185000 0.000000 0.000000
 -0.182500 0.000000 0.000000
 -0.180000 0.000000 0.000000
 -0.177500 0.000000 0.000000
 -0.175000 0.000000 0.000000
 -0.172500 0.000000 0.000000
 -0.170000 0.000000 0.000000
 -0.167500 0.000000 0.000000
 -0.165000 0.000000 0.000000
 -0.162500 0.000000 0.000000
 -0.160000 0.000000 0.000000
 -0.157500 0.000000 0.000000
 -0.155000 0.000000 0.000000
 -0.152500 0.000000 0.000000
 -0.150000 0.000000 0.000000
 -0.147500 0.000000 0.000000
 -0.145000 0.000000 0.000000
 -0.142500 0.000000 0.000000
 -0.140000 0.000000 0.000000
 -0.137500 0.000000 0.000000
 -0.135000 0.000000 0.000000
 -0.132500 0.000000 0.000000
 -0.130000 0.000000 0.000000
 -0.127500 0.000000 0.000000
 -0.125000 0.000000 0.000000
 -0.122500 0.000000 0.000000
 -0.120000 0.000000 0.000000
 -0.117500 0.000000 0.000000
 -0.115000 0.000000 0.000000
 -0.112500 0.000000 0.000000
 -0.110000 0.000000 0.000000
 -0.107500 0.000000 0.000000
 -0.105000 0.000000 0.000000
 -0.102500 0.000000 0.000000
 -0.100000 0.000000 0.000000
 -0.097500 0.000000 0.000000
 -0.095000 0.000000 0.000000
 -0.092500 0.000000 0.000000
 -0.090000 0.000000 0.000000
 -0.087500 0.000000 0.000000
 -0.085000 0.000000 0.000000
 -0.082500 0.000000 0.000000
 -0.080000 0.000000 0.000000
 -0.077500 0.000000 0.000000
 -0.075000 0.000000 0.000000
 -0.072500 0.000000 0.000000
 -0.070000 0.000000 0.000000
 -0.067500 0.000000 0.000000
 -0.065000 0.000000 0.000000
 -0.062500 0.000000 0.000000
 -0.060000 0.000000 0.000000
 -0.057500 0.000000 0.000000
 -0.055000 0.000000 0.000000
 -0.052500 0.000000 0.000000
 -0.050000 0.000000 0.000000
 -0.047500 0.000000 0.000000
 -0.045000 0.000000 0.000000
 -0.042500 0.000000 0.000000
 -0.040000 0.000000 0.000000
 -0.037500 0.000000 0.000000
 -0.035000 0.000000 0.000000
 -0.032500 0.000000 0.000000
 -0.030000 0.000000 0.000000
 -0.027500 0.000000 0.000000
 -0.025000 0.000000 0.000000
 -0.022500 0.000000 0.000000
 -0.020000 0.000000 0.000000
 -0.017500 0.000000 0.000000
 -0.015000 0.000000 0.000000
 -0.012500 0.000000 0.000000
 -0.010000 0.000000 0.000000
 -0.007500 0.000000 0.000000
 -0.005000 0.000000 0.000000
 -0.002500 0.000000 0.000000
 0.000000 0.000000 0.000000
 0.002500 0.000000 0.000000
 0.005000 0.000000 0.000000
 0.007500 0.000000 0.000000
 0.010000 0.000000 0.000000
 0.012500 0.000000 0.000000
 0.015000 0.000000 0.000000
 0.017500 0.000000 0.000000
 0.020000 0.000000 0.000000
 0.022500 0.000000 0.000000
 0.025000 0.000000 0.000000
 0.027500 0.000000 0.000000
 0.030000 0.000000 0.000000
 0.032500 0.000000 0.000000
 0.035000 0.000000 0.000000
 0.037500 0.000000 0.000000
 0.040000 0.000000 0.000000
 0.042500 0.000000 0.000000
 0.045000 0.000000 0.000000
 0.047500 0.000000 0.000000
 0.050000 0.000000 0.000000
 0.052500 0.000000 0.000000
 0.055000 0.000000 0.000000
 0.057500 0.000000 0.000000
 0.060000 0.000000 0.000000
 0.062500 0.000000 0.000000
 0.065000 0.000000 0.000000
 0.067500 0.000000 0.000000
 0.070000 0.000000 0.000000
 0.072500 0.000000 0.000000
 0.075000 0.000000 0.000000
 0.077500 0.000000 0.000000
 0.080000 0.000000 0.000000
 0.082500 0.000000 0.000000
 0.085000 0.000000 0.000000
 0.087500 0.000000 0.000000
 0.090000 0.000000 0.000000
 0.092500 0.000000 0.000000
 0.095000 0.000000 0.000000
 0.097500 0.000000 0.000000
 0.100000 0.000000 0.000000
 0.102500 0.000000 0.000000
 0.105000 0.000000 0.000000
 0.107500 0.000000 0.000000
 0.110000 0.000000 0.000000
 0.112500 0.000000 0.000000
 0.115000 0.000000 0.000000
 0.117500 0.000000 0.000000
 0.120000 0.000000 0.000000
 0.122500 0.000000 0.000000
 0.125000 0.000000 0.000000
 0.127500 0.000000 0.000000
 0.130000 0.000000 0.000000
 0.132500 0.000000 0.000000
 0.135000 0.000000 0.000000
 0.137500 0.000000 0.000000
 0.140000 0.000000 0.000000
 0.142500 0.000000 0.000000
 0.145000 0.000000 0.000000
 0.147500 0.000000 0.000000
 0.150000 0.000000 0.000000
 0.152500 0.000000 0.000000
 0.155000 0.000000 0.000000
 0.157500 0.000000 0.000000
 0.160000 0.000000 0.000000
 0.162500 0.000000 0.000000
 0.165000 0.000000 0.000000
 0.167500 0.000000 0.000000
 0.170000 0.000000 0.000000
 0.172500 0.000000 0.000000
 0.175000 0.000000 0.000078
 0.177500 0.000001 0.000183
 0.180000 0.000001 0.000398
 0.182500 0.000003 0.000810
 0.185000 0.000006 0.001539
 0.187500 0.000011 0.002723
 0.190000 0.000020 0.004482
 0.192500 0.000034 0.006849
 0.195000 0.000054 0.009681
 0.197500 0.000082 0.012604
 0.200000 0.000117 0.015006
 0.202500 0.000156 0.016185
 0.205000 0.000196 0.015461
 0.207500 0.000232 0.012559
 0.210000 0.000258 0.007796
 0.212500 0.000270 0.001981
 0.215000 0.000268 -0.003565
 0.217500 0.000253 -0.007450
 0.220000 0.000233 -0.008576
 0.222500 0.000213 -0.006450
 0.225000 0.000203 -0.001318
 0.227500 0.000208 0.005866
 0.230000 0.000233 0.013714
 0.232500 0.000276 0.020468
 0.235000 0.000333 0.024619
 0.237500 0.000396 0.025107
 0.240000 0.000455 0.021653
 0.242500 0.000502 0.014893
 0.245000 0.000528 0.006274
 0.247500 0.000533 -0.002324
 0.250000 0.000518 -0.009131
 0.252500 0.000490 -0.012995
 0.255000 0.000456 -0.013894
 0.257500 0.000422 -0.012510
 0.260000 0.000394 -0.010273
 0.262500 0.000371 -0.008497
 0.265000 0.000351 -0.007898
 0.267500 0.000331 -0.008241
 0.270000 0.000310 -0.008514
 0.272500 0.000290 -0.007025
 0.275000 0.000278 -0.002201
 0.277500 0.000283 0.007231
 0.280000 0.000318 0.021918
 0.282500 0.000396 0.041233
 0.285000 0.000527 0.064012
 0.287500 0.000717 0.088059
 0.290000 0.000966 0.110196
 0.292500 0.001264 0.127182
 0.295000 0.001595 0.136112
 0.297500 0.001936 0.134800
 0.300000 0.002261 0.123034
 0.302500 0.002544 0.102363
 0.305000 0.002768 0.076254
 0.307500 0.002925 0.048987
 0.310000 0.003016 0.024480
 0.312500 0.003052 0.005582
 0.315000 0.003050 -0.006691
 0.317500 0.003023 -0.013391
 0.320000 0.002986 -0.016199
 0.322500 0.002945 -0.016727
 0.325000 0.002904 -0.015672
 0.327500 0.002869 -0.012239
 0.330000 0.002846 -0.004799
 0.332500 0.002850 0.008248
 0.335000 0.002893 0.027393
 0.337500 0.002991 0.051309
 0.340000 0.003151 0.076690
 0.342500 0.003373 0.099558
 0.345000 0.003644 0.115981
 0.347500 0.003945 0.123835
 0.350000 0.004256 0.123472
 0.352500 0.004558 0.117691
 0.355000 0.004844 0.111286
 0.357500 0.005119 0.109547
 0.360000 0.005399 0.116179
 0.362500 0.005708 0.132215
 0.365000 0.006066 0.154920
 0.367500 0.006483 0.178328
 0.370000 0.006953 0.195521
 0.372500 0.007451 0.201197
 0.375000 0.007948 0.193279
 0.377500 0.008410 0.174925
 0.380000 0.008820 0.152666
 0.382500 0.009178 0.135476
 0.385000 0.009508 0.130665
 0.387500 0.009845 0.141296
 0.390000 0.010227 0.165864
 0.392500 0.010681 0.198665
 0.395000 0.011220 0.231541
 0.397500 0.011835 0.258160
 0.400000 0.012503 0.273927
 0.402500 0.013194 0.277302
 0.405000 0.013881 0.270299
 0.407500 0.014541 0.256484
 0.410000 0.015163 0.240908
 0.412500 0.015751 0.229188
 0.415000 0.016318 0.227099
 0.417500 0.016898 0.239351
 0.420000 0.017530 0.268665
 0.422500 0.018254 0.312164
 0.425000 0.019101 0.365477
 0.427500 0.020083 0.419784
 0.430000 0.021196 0.468566
 0.432500 0.022421 0.508303
 0.435000 0.023732 0.539258
 0.437500 0.025112 0.564843
 0.440000 0.026555 0.589712
 0.442500 0.028062 0.615856
 0.445000 0.029635 0.641069
 0.447500 0.031263 0.659084
 0.450000 0.032919 0.662236
 0.452500 0.034557 0.643644
 0.455000 0.036118 0.601464
 0.457500 0.037547 0.538738
 0.460000 0.038807 0.468032
 0.462500 0.039895 0.403647
 0.465000 0.040845 0.360894
 0.467500 0.041729 0.352894
 0.470000 0.042645 0.386337
 0.472500 0.043698 0.460277
 0.475000 0.044976 0.565494
 0.477500 0.046543 0.689250
 0.480000 0.048426 0.815971
 0.482500 0.050621 0.937188
 0.485000 0.053108 1.049685
 0.487500 0.055866 1.155972
 0.490000 0.058887 1.262818
 0.492500 0.062186 1.375180
 0.495000 0.065774 1.495473
 0.497500 0.069665 1.615996
 0.500000 0.073844 1.721421
 0.502500 0.078248 1.795509
 0.505000 0.082784 1.822586
 0.507500 0.087321 1.796962
 0.510000 0.091732 1.724533
 0.512500 0.095922 1.623583
 0.515000 0.099856 1.524693
 0.517500 0.103581 1.459373
 0.520000 0.107211 1.454173
 0.522500 0.110913 1.518775
 0.525000 0.114861 1.647576
 0.527500 0.119193 1.821685
 0.530000 0.123987 2.011540
 0.532500 0.129246 2.189871
 0.535000 0.134917 2.336708
 0.537500 0.140906 2.446433
 0.540000 0.147121 2.520832
 0.542500 0.153490 2.570422
 0.545000 0.159970 2.609258
 0.547500 0.166547 2.652109
 0.550000 0.173249 2.712301
 0.552500 0.180132 2.797144
 0.555000 0.187267 2.916413
 0.557500 0.194749 3.070840
 0.560000 0.202655 3.256865
 0.562500 0.211053 3.462480
 0.565000 0.219981 3.675234
 0.567500 0.229434 3.881622
 0.570000 0.239387 4.075544
 0.572500 0.249807 4.253959
 0.575000 0.260653 4.421257
 0.577500 0.271906 4.578057
 0.580000 0.283543 4.723694
 0.582500 0.295525 4.857368
 0.585000 0.307819 4.972661
 0.587500 0.320379 5.071147
 0.590000 0.333164 5.154410
 0.592500 0.346154 5.234316
 0.595000 0.359347 5.319529
 0.597500 0.372765 5.414428
 0.600000 0.386439 5.518220
 0.602500 0.400380 5.627125
 0.605000 0.414590 5.735495
 0.607500 0.429067 5.842276
 0.610000 0.443824 5.963458
 0.612500 0.458927 6.124427
 0.615000 0.474526 6.369740
 0.617500 0.490895 6.745719
 0.620000 0.508411 7.292554
 0.622500 0.527530 8.027343
 0.625000 0.548696 8.923201
 0.627500 0.572231 9.908916
 0.630000 0.598235 10.875352
 0.632500 0.626495 11.693241
 0.635000 0.656492 12.251499
 0.637500 0.687500 12.494884
 0.640000 0.718728 12.434161
 0.642500 0.749506 12.158740
 0.645000 0.779460 11.798304
 0.647500 0.808552 11.489057
 0.650000 0.837058 11.339685
 0.652500 0.865444 11.399976
 0.655000 0.894264 11.680467
 0.657500 0.924018 12.142233
 0.660000 0.955106 12.734982
 0.662500 0.987775 13.402990
 0.665000 1.022174 14.113203
 0.667500 1.058380 14.837174
 0.670000 1.096406 15.577659
 0.672500 1.136301 16.335911
 0.675000 1.178140 17.132219
 0.677500 1.222020 17.974911
 0.680000 1.268042 18.846595
 0.682500 1.316249 19.708315
 0.685000 1.366542 20.502939
 0.687500 1.418667 21.170305
 0.690000 1.472263 21.670562
 0.692500 1.526909 22.010670
 0.695000 1.582239 22.237743
 0.697500 1.638089 22.435873
 0.700000 1.694489 22.699491
 0.702500 1.751700 23.094745
 0.705000 1.810111 23.655210
 0.707500 1.870127 24.376235
 0.710000 1.932084 25.195783
 0.712500 1.996133 26.039387
 0.715000 2.062249 26.846114
 0.717500 2.130290 27.559959
 0.720000 2.199977 28.162962
 0.722500 2.271028 28.658752
 0.725000 2.343191 29.058963
 0.727500 2.416253 29.389379
 0.730000 2.490071 29.655120
 0.732500 2.564511 29.907373
 0.735000 2.639593 30.174843
 0.737500 2.715418 30.516387
 0.740000 2.792241 30.961854
 0.742500 2.870330 31.541022
 0.745000 2.950016 32.237482
 0.747500 3.031551 33.010890
 0.750000 3.115060 33.800180
 0.752500 3.200530 34.582465
 0.755000 3.287894 35.320681
 0.757500 3.377078 36.040137
 0.760000 3.468066 36.775121
 0.762500 3.560928 37.553313
 0.765000 3.655828 38.402036
 0.767500 3.752963 39.344393
 0.770000 3.852542 40.368910
 0.772500 3.954753 41.439937
 0.775000 4.059643 42.516727
 0.777500 4.167140 43.510226
 0.780000 4.276907 44.298263
 0.782500 4.388247 44.744619
 0.785000 4.500102 44.709056
 0.787500 4.611147 44.085200
 0.790000 4.719873 42.846088
 0.792500 4.824794 41.076442
 0.795000 4.924774 38.942712
 0.797500 5.019183 36.662788
 0.800000 5.107954 34.471201
 0.802500 5.191547 32.540626
 0.805000 5.270741 30.975460
 0.807500 5.346466 29.759849
 0.810000 5.419506 28.822503
 0.812500 5.490430 28.045268
 0.815000 5.559438 27.289196
 0.817500 5.626433 26.418744
 0.820000 5.690987 25.328450
 0.822500 5.752434 23.933015
 0.825000 5.809905 22.157812
 0.827500 5.862400 19.940740
 0.830000 5.908719 17.239493
 0.832500 5.947605 13.977993
 0.835000 5.977577 10.127066
 0.837500 5.997126 5.646969
 0.840000 6.004702 0.550537
 0.842500 5.998848 -5.063081
 0.845000 5.978461 -11.021944
 0.847500 5.942970 -17.081005
 0.850000 5.892464 -22.976122
 0.852500 5.827704 -28.458615
 0.855000 5.749899 -33.368796
 0.857500 5.660551 -37.701980
 0.860000 5.560954 -41.586955
 0.862500 5.451955 -45.260991
 0.865000 5.333723 -49.009764
 0.867500 5.205726 -53.083908
 0.870000 5.066960 -57.639367
 0.872500 4.916197 -62.660492
 0.875000 4.752450 -67.983544
 0.877500 4.575309 -73.305051
 0.880000 4.385222 -78.275834
 0.882500 4.183490 -82.555902
 0.885000 3.972181 -85.912381
 0.887500 3.753772 -88.232864
 0.890000 3.530828 -89.541037
 0.892500 3.305769 -89.970886
 0.895000 3.080579 -89.673789
 0.897500 2.856897 -88.810422
 0.900000 2.635960 -87.472094
 0.902500 2.418895 -85.741350
 0.905000 2.206634 -83.635418
 0.907500 2.000104 -81.157546
 0.910000 1.800249 -78.299236
 0.912500 1.608047 -75.039663
 0.915000 1.424540 -71.350924
 0.917500 1.250829 -67.212081
 0.920000 1.088047 -62.631693
 0.922500 0.937248 -57.656455
 0.925000 0.799297 -52.387406
 0.927500 0.674769 -46.976429
 0.930000 0.563795 -41.576872
 0.932500 0.466151 -36.351907
 0.935000 0.381241 -31.421259
 0.937500 0.308229 -26.862310
 0.940000 0.246134 -22.706776
 0.942500 0.193935 -18.960187
 0.945000 0.150615 -15.616106
 0.947500 0.115186 -12.667256
 0.950000 0.086662 -10.099708
 0.952500 0.064101 -7.906113
 0.955000 0.046589 -6.070857
 0.957500 0.033258 -4.570767
 0.960000 0.023309 -3.372224
 0.962500 0.016037 -2.437207
 0.965000 0.010824 -1.721937
 0.967500 0.007177 -1.192305
 0.970000 0.004670 -0.805773
 0.972500 0.002985 -0.532453
 0.975000 0.001880 -0.346132
 0.977500 0.001165 -0.221011
 0.980000 0.000709 -0.138776
 0.982500 0.000424 -0.086102
 0.985000 0.000248 -0.052820
 0.987500 0.000140 -0.031340
 0.990000 0.000077 -0.018292
 0.992500 0.000040 -0.009990
 0.995000 0.000020 -0.005233
 0.997500 0.000010 -0.002859
 1.000000 0.000004 -0.001340
 1.002500 0.000002 -0.000655
 1.005000 0.000001 -0.000230
 1.007500 0.000000 -0.000101
 1.010000 0.000000 0.000000
 1.012500 0.000000 0.000000
 1.015000 0.000000 0.000000
 1.017500 0.000000 0.000000
 1.020000 0.000000 0.000000
 1.022500 0.000000 0.000000
 1.025000 0.000000 0.000000
 1.027500 0.000000 0.000000
 1.030000 0.000000 0.000000
 1.032500 0.000000 0.000000
 1.035000 0.000000 0.000000
 1.037500 0.000000 0.000000
 1.040000 0.000000 0.000000
 1.042500 0.000000 0.000000
 1.045000 0.000000 0.000000
 1.047500 0.000000 0.000000
 1.050000 0.000000 0.000000
 1.052500 0.000000 0.000000
 1.055000 0.000000 0.000000
 1.057500 0.000000 0.000000
 1.060000 0.000000 0.000000
 1.062500 0.000000 0.000000
 1.065000 0.000000 0.000000
 1.067500 0.000000 0.000000
 1.070000 0.000000 0.000000
 1.072500 0.000000 0.000000
 1.075000 0.000000 0.000000
 1.077500 0.000000 0.000000
 1.080000 0.000000 0.000000
 1.082500 0.000000 0.000000
 1.085000 0.000000 0.000000
 1.087500 0.000000 0.000000
 1.090000 0.000000 0.000000
 1.092500 0.000000 0.000000
 1.095000 0.000000 0.000000
 1.097500 0.000000 0.000000
 1.100000 0.000000 0.000000
 1.102500 0.000000 0.000000
 1.105000 0.000000 0.000000
 1.107500 0.000000 0.000000
 1.110000 0.000000 0.000000
 1.112500 0.000000 0.000000
 1.115000 0.000000 0.000000
 1.117500 0.000000 0.000000
 1.120000 0.000000 0.000000
 1.122500 0.000000 0.000000
 1.125000 0.000000 0.000000
 1.127500 0.000000 0.000000
 1.130000 0.000000 0.000000
 1.132500 0.000000 0.000000
 1.135000 0.000000 0.000000
 1.137500 0.000000 0.000000
 1.140000 0.000000 0.000000
 1.142500 0.000000 0.000000
 1.145000 0.000000 0.000000
 1.147500 0.000000 0.000000
 1.150000 0.000000 0.000000
 1.152500 0.000000 0.000000
 1.155000 0.000000 0.000000
 1.157500 0.000000 0.000000
 1.160000 0.000000 0.000000
 1.162500 0.000000 0.000000
 1.165000 0.000000 0.000000
 1.167500 0.000000 0.000000
 1.170000 0.000000 0.000000
 1.172500 0.000000 0.000000
 1.175000 0.000000 0.000000
 1.177500 0.000000 0.000000
 1.180000 0.000000 0.000000
 1.182500 0.000000 0.000000
 1.185000 0.000000 0.000000
 1.187500 0.000000 0.000000
 1.190000 0.000000 0.000000
 1.192500 0.000000 0.000000
 1.195000 0.000000 0.000000
 1.197500 0.000000 0.000000
 1.200000 0.000000 0.000000
 1.202500 0.000000 0.000000
 1.205000 0.000000 0.000000
 1.207500 0.000000 0.000000
 1.210000 0.000000 0.000000
 1.212500 0.000000 0.000000
 1.215000 0.000000 0.000000
 1.217500 0.000000 0.000000
 1.220000 0.000000 0.000000
 1.222500 0.000000 0.000000
 1.225000 0.000000 0.000000
 1.227500 0.000000 0.000000
 1.230000 0.000000 0.000000
 1.232500 0.000000 0.000000
 1.235000 0.000000 0.000000
 1.237500 0.000000 0.000000
 1.240000 0.000000 0.000000
 1.242500 0.000000 0.000000
 1.245000 0.000000 0.000000
 1.247500 0.000000 0.000000
 1.250000 0.000000 0.000000
 1.252500 0.000000 0.000000
 1.255000 0.000000 0.000000
 1.257500 0.000000 0.000000
 1.260000 0.000000 0.000000
 1.262500 0.000000 0.000000
 1.265000 0.000000 0.000000
 1.267500 0.000000 0.000000
 1.270000 0.000000 0.000000
 1.272500 0.000000 0.000000
 1.275000 0.000000 0.000000
 1.277500 0.000000 0.000000
 1.280000 0.000000 0.000000
 1.282500 0.000000 0.000000
 1.285000 0.000000 0.000000
 1.287500 0.000000 0.000000
 1.290000 0.000000 0.000000
 1.292500 0.000000 0.000000
 1.295000 0.000000 0.000000
 1.297500 0.000000 0.000000
 1.300000 0.000000 0.000000
 1.302500 0.000000 0.000000
 1.305000 0.000000 0.000000
 1.307500 0.000000 0.000000
 1.310000 0.000000 0.000000
 1.312500 0.000000 0.000000
 1.315000 0.000000 0.000000
 1.317500 0.000000 0.000000
 1.320000 0.000000 0.000000
 1.322500 0.000000 0.000000
 1.325000 0.000000 0.000000
 1.327500 0.000000 0.000000
 1.330000 0.000000 0.000000
 1.332500 0.000000 0.000000
 1.335000 0.000000 0.000000
 1.337500 0.000000 0.000000
 1.340000 0.000000 0.000000
 1.342500 0.000000 0.000000
 1.345000 0.000000 0.000000
 1.347500 0.000000 0.000000
 1.350000 0.000000 0.000000
 1.352500 0.000000 0.000000
 1.355000 0.000000 0.000000
 1.357500 0.000000 0.000000
 1.360000 0.000000 0.000000
 1.362500 0.000000 0.000000
 1.365000 0.000000 0.000000
 1.367500 0.000000 0.000000
 1.370000 0.000000 0.000000
 1.372500 0.000000 0.000000
 1.375000 0.000000 0.000000
 1.377500 0.000000 0.000000
 1.380000 0.000000 0.000000
 1.382500 0.000000 0.000000
 1.385000 0.000000 0.000000
 1.387500 0.000000 0.000000
 1.390000 0.000000 0.000000
 1.392500 0.000000 0.000000
 1.395000 0.000000 0.000000
 1.397500 0.000000 0.000000
 1.400000 0.000000 0.000000
 1.402500 0.000000 0.000000
 1.405000 0.000000 0.000000
 1.407500 0.000000 0.000000
 1.410000 0.000000 0.000000
 1.412500 0.000000 0.000000
 1.415000 0.000000 0.000000
 1.417500 0.000000 0.000000
 1.420000 0.000000 0.000000
 1.422500 0.000000 0.000000
 1.425000 0.000000 0.000000
 1.427500 0.000000 0.000000
 1.430000 0.000000 0.000000
 1.432500 0.000000 0.000000
 1.435000 0.000000 0.000000
 1.437500 0.000000 0.000000
 1.440000 0.000000 0.000000
 1.442500 0.000000 0.000000
 1.445000 0.000000 0.000000
 1.447500 0.000000 0.000000
 1.450000 0.000000 0.000000
 1.452500 0.000000 0.000000
 1.455000 0.000000 0.000000
 1.457500 0.000000 0.000000
 1.460000 0.000000 0.000000
 1.462500 0.000000 0.000000
 1.465000 0.000000 0.000000
 1.467500 0.000000 0.000000
 1.470000 0.000000 0.000000
 1.472500 0.000000 0.000000
 1.475000 0.000000 0.000000
 1.477500 0.000000 0.000000
 1.480000 0.000000 0.000000
 1.482500 0.000000 0.000000
 1.485000 0.000000 0.000000
 1.487500 0.000000 0.000000
 1.490000 0.000000 0.000000
 1.492500 0.000000 0.000000
 1.495000 0.000000 0.000000
 1.497500 0.000000 0.000000
 1.500000 0.000000 0.000000
 1.502500 0.000000 0.000000
 1.505000 0.000000 0.000000
 1.507500 0.000000 0.000000
 1.510000 0.000000 0.000000
 1.512500 0.000000 0.000000
 1.515000 0.000000 0.000000
 1.517500 0.000000 0.000000
 1.520000 0.000000 0.000000
 1.522500 0.000000 0.000000
 1.525000 0.000000 0.000000
 1.527500 0.000000 0.000000
 1.530000 0.000000 0.000000
 1.532500 0.000000 0.000000
 1.535000 0.000000 0.000000
 1.537500 0.000000 0.000000
 1.540000 0.000000 0.000000
 1.542500 0.000000 0.000000
 1.545000 0.000000 0.000000
 1.547500 0.000000 0.000000
 1.550000 0.000000 0.000000
 1.552500 0.000000 0.000000
 1.555000 0.000000 0.000000
 1.557500 0.000000 0.000000
 1.560000 0.000000 0.000000
 1.562500 0.000000 0.000000
 1.565000 0.000000 0.000000
 1.567500 0.000000 0.000000
 1.570000 0.000000 0.000000
 1.572500 0.000000 0.000000
 1.575000 0.000000 0.000000
 1.577500 0.000000 0.000000
 1.580000 0.000000 0.000000
 1.582500 0.000000 0.000000
 1.585000 0.000000 0.000000
 1.587500 0.000000 0.000000
 1.590000 0.000000 0.000000
 1.592500 0.000000 0.000000
 1.595000 0.000000 0.000000
 1.597500 0.000000 0.000000
 1.600000 0.000000 0.000000
 1.602500 0.000000 0.000000
 1.605000 0.000000 0.000000
 1.607500 0.000000 0.000000
 1.610000 0.000000 0.000000
 1.612500 0.000000 0.000000
 1.615000 0.000000 0.000000
 1.617500 0.000000 0.000000
 1.620000 0.000000 0.000000
 1.622500 0.000000 0.000000
 1.625000 0.000000 0.000000
 1.627500 0.000000 0.000000
 1.630000 0.000000 0.000000
 1.632500 0.000000 0.000000
 1.635000 0.000000 0.000000
 1.637500 0.000000 0.000000
 1.640000 0.000000 0.000000
 1.642500 0.000000 0.000000
 1.645000 0.000000 0.000000
 1.647500 0.000000 0.000000
 1.650000 0.000000 0.000000
 1.652500 0.000000 0.000000
 1.655000 0.000000 0.000000
 1.657500 0.000000 0.000000
 1.660000 0.000000 0.000000
 1.662500 0.000000 0.000000
 1.665000 0.000000 0.000000
 1.667500 0.000000 0.000000
 1.670000 0.000000 0.000000
 1.672500 0.000000 0.000000
 1.675000 0.000000 0.000000
 1.677500 0.000000 0.000000
 1.680000 0.000000 0.000000
 1.682500 0.000000 0.000000
 1.685000 0.000000 0.000000
 1.687500 0.000000 0.000000
 1.690000 0.000000 0.000000
 1.692500 0.000000 0.000000
 1.695000 0.000000 0.000000
 1.697500 0.000000 0.000000
 1.700000 0.000000 0.000000
 1.702500 0.000000 0.000000
 1.705000 0.000000 0.000000
 1.707500 0.000000 0.000000
 1.710000 0.000000 0.000000
 1.712500 0.000000 0.000000
 1.715000 0.000000 0.000000
 1.717500 0.000000 0.000000
 1.720000 0.000000 0.000000
 1.722500 0.000000 0.000000
 1.725000 0.000000 0.000000
 1.727500 0.000000 0.000000
 1.730000 0.000000 0.000000
 1.732500 0.000000 0.000000
 1.735000 0.000000 0.000000
 1.737500 0.000000 0.000000
 1.740000 0.000000 0.000000
 1.742500 0.000000 0.000000
 1.745000 0.000000 0.000000
 1.747500 0.000000 0.000000
 1.750000 0.000000 0.000000
 1.752500 0.000000 0.000000
 1.755000 0.000000 0.000000
 1.757500 0.000000 0.000000
 1.760000 0.000000 0.000000
 1.762500 0.000000 0.000000
 1.765000 0.000000 0.000000
 1.767500 0.000000 0.000000
 1.770000 0.000000 0.000000
 1.772500 0.000000 0.000000
 1.775000 0.000000 0.000000
 1.777500 0.000000 0.000000
 1.780000 0.000000 0.000000
 1.782500 0.000000 0.000000
 1.785000 0.000000 0.000000
 1.787500 0.000000 0.000000
 1.790000 0.000000 0.000000
 1.792500 0.000000 0.000000
 1.795000 0.000000 0.000000
 1.797500 0.000000 0.000000
 1.800000 0.000000 0.000000
 1.802500 0.000000 0.000000
 1.805000 0.000000 0.000000
 1.807500 0.000000 0.000000
 1.810000 0.000000 0.000000
 1.812500 0.000000 0.000000
 1.815000 0.000000 0.000000
 1.817500 0.000000 0.000000
 1.820000 0.000000 0.000000
 1.822500 0.000000 0.000000
 1.825000 0.000000 0.000000
 1.827500 0.000000 0.000000
 1.830000 0.000000 0.000000
 1.832500 0.000000 0.000000
 1.835000 0.000000 0.000000
 1.837500 0.000000 0.000000
 1.840000 0.000000 0.000000
 1.842500 0.000000 0.000000
 1.845000 0.000000 0.000000
 1.847500 0.000000 0.000000
 1.850000 0.000000 0.000000
 1.852500 0.000000 0.000000
 1.855000 0.000000 0.000000
 1.857500 0.000000 0.000000
 1.860000 0.000000 0.000000
 1.862500 0.000000 0.000000
 1.865000 0.000000 0.000000
 1.867500 0.000000 0.000000
 1.870000 0.000000 0.000000
 1.872500 0.000000 0.000000
 1.875000 0.000000 0.000000
 1.877500 0.000000 0.000000
 1.880000 0.000000 0.000000
 1.882500 0.000000 0.000000
 1.885000 0.000000 0.000000
 1.887500 0.000000 0.000000
 1.890000 0.000000 0.000000
 1.892500 0.000000 0.000000
 1.895000 0.000000 0.000000
 1.897500 0.000000 0.000000
 1.900000 0.000000 0.000000
 1.902500 0.000000 0.000000
 1.905000 0.000000 0.000000
 1.907500 0.000000 0.000000
 1.910000 0.000000 0.000000
 1.912500 0.000000 0.000000
 1.915000 0.000000 0.000000
 1.917500 0.000000 0.000000
 1.920000 0.000000 0.000000
 1.922500 0.000000 0.000000
 1.925000 0.000000 0.000000
 1.927500 0.000000 0.000000
 1.930000 0.000000 0.000000
 1.932500 0.000000 0.000000
 1.935000 0.000000 0.000000
 1.937500 0.000000 0.000000
 1.940000 0.000000 0.000000
 1.942500 0.000000 0.000000
 1.945000 0.000000 0.000000
 1.947500 0.000000 0.000000
 1.950000 0.000000 0.000000
 1.952500 0.000000 0.000000
 1.955000 0.000000 0.000000
 1.957500 0.000000 0.000000
 1.960000 0.000000 0.000000
 1.962500 0.000000 0.000000
 1.965000 0.000000 0.000000
 1.967500 0.000000 0.000000
 1.970000 0.000000 0.000000
 1.972500 0.000000 0.000000
 1.975000 0.000000 0.000000
 1.977500 0.000000 0.000000
 1.980000 0.000000 0.000000
 1.982500 0.000000 0.000000
 1.985000 0.000000 0.000000
 1.987500 0.000000 0.000000
 1.990000 0.000000 0.000000
 1.992500 0.000000 0.000000
 1.995000 0.000000 0.000000
 1.997500 0.000000 0.000000
 2.000000 0.000000 0.000000
