#! FIELDS refcv hh dhh_refcv
#! SET normalisation  462.000000
#! SET min_refcv -0.5
#! SET max_refcv 2
#! SET nbins_refcv  1000
#! SET periodic_refcv false
 -0.500000 0.000000 0.000000
 -0.497500 0.000000 0.000000
 -0.495000 0.000000 0.000000
 -0.492500 0.000000 0.000000
 -0.490000 0.000000 0.000000
 -0.487500 0.000000 0.000000
 -0.485000 0.000000 0.000000
 -0.482500 0.000000 0.000000
 -0.480000 0.000000 0.000000
 -0.477500 0.000000 0.000000
 -0.475000 0.000000 0.000000
 -0.472500 0.000000 0.000000
 -0.470000 0.000000 0.000000
 -0.467500 0.000000 0.000000
 -0.465000 0.000000 0.000000
 -0.462500 0.000000 0.000000
 -0.460000 0.000000 0.000000
 -0.457500 0.000000 0.000000
 -0.455000 0.000000 0.000000
 -0.452500 0.000000 0.000000
 -0.450000 0.000000 0.000000
 -0.447500 0.000000 0.000000
 -0.445000 0.000000 0.000000
 -0.442500 0.000000 0.000000
 -0.440000 0.000000 0.000000
 -0.437500 0.000000 0.000000
 -0.435000 0.000000 0.000000
 -0.432500 0.000000 0.000000
 -0.430000 0.000000 0.000000
 -0.427500 0.000000 0.000000
 -0.425000 0.000000 0.000000
 -0.422500 0.000000 0.000000
 -0.420000 0.000000 0.000000
 -0.417500 0.000000 0.000000
 -0.415000 0.000000 0.000000
 -0.412500 0.000000 0.000000
 -0.410000 0.000000 0.000000
 -0.407500 0.000000 0.000000
 -0.405000 0.000000 0.000000
 -0.402500 0.000000 0.000000
 -0.400000 0.000000 0.000000
 -0.397500 0.000000 0.000000
 -0.395000 0.000000 0.000000
 -0.392500 0.000000 0.000000
 -0.390000 0.000000 0.000000
 -0.387500 0.000000 0.000000
 -0.385000 0.000000 0.000000
 -0.382500 0.000000 0.000000
 -0.380000 0.000000 0.000000
 -0.377500 0.000000 0.000000
 -0.375000 0.000000 0.000000
 -0.372500 0.000000 0.000000
 -0.370000 0.000000 0.000000
 -0.367500 0.000000 0.000000
 -0.365000 0.000000 0.000000
 -0.362500 0.000000 0.000000
 -0.360000 0.000000 0.000000
 -0.357500 0.000000 0.000000
 -0.355000 0.000000 0.000000
 -0.352500 0.000000 0.000000
 -0.350000 0.000000 0.000000
 -0.347500 0.000000 0.000000
 -0.345000 0.000000 0.000000
 -0.342500 0.000000 0.000000
 -0.340000 0.000000 0.000000
 -0.337500 0.000000 0.000000
 -0.335000 0.000000 0.000000
 -0.332500 0.000000 0.000000
 -0.330000 0.000000 0.000000
 -0.327500 0.000000 0.000000
 -0.325000 0.000000 0.000000
 -0.322500 0.000000 0.000000
 -0.320000 0.000000 0.000000
 -0.317500 0.000000 0.000000
 -0.315000 0.000000 0.000000
 -0.312500 0.000000 0.000000
 -0.310000 0.000000 0.000000
 -0.307500 0.000000 0.000000
 -0.305000 0.000000 0.000000
 -0.302500 0.000000 0.000000
 -0.300000 0.000000 0.000000
 -0.297500 0.000000 0.000000
 -0.295000 0.000000 0.000000
 -0.292500 0.000000 0.000000
 -0.290000 0.000000 0.000000
 -0.287500 0.000000 0.000000
 -0.285000 0.000000 0.000000
 -0.282500 0.000000 0.000000
 -0.280000 0.000000 0.000000
 -0.277500 0.000000 0.000000
 -0.275000 0.000000 0.000000
 -0.272500 0.000000 0.000000
 -0.270000 0.000000 0.000000
 -0.267500 0.000000 0.000000
 -0.265000 0.000000 0.000000
 -0.262500 0.000000 0.000000
 -0.260000 0.000000 0.000000
 -0.257500 0.000000 0.000000
 -0.255000 0.000000 0.000000
 -0.252500 0.000000 0.000000
 -0.250000 0.000000 0.000000
 -0.247500 0.000000 0.000000
 -0.245000 0.000000 0.000000
 -0.242500 0.000000 0.000000
 -0.240000 0.000000 0.000000
 -0.237500 0.000000 0.000000
 -0.235000 0.000000 0.000000
 -0.232500 0.000000 0.000000
 -0.230000 0.000000 0.000000
 -0.227500 0.000000 0.000000
 -0.225000 0.000000 0.000000
 -0.222500 0.000000 0.000000
 -0.220000 0.000000 0.000000
 -0.217500 0.000000 0.000000
 -0.215000 0.000000 0.000000
 -0.212500 0.000000 0.000000
 -0.210000 0.000000 0.000000
 -0.207500 0.000000 0.000000
 -0.205000 0.000000 0.000000
 -0.202500 0.000000 0.000000
 -0.200000 0.000000 0.000000
 -0.197500 0.000000 0.000000
 -0.195000 0.000000 0.000000
 -0.192500 0.000000 0.000000
 -0.190000 0.000000 0.000000
 -0.187500 0.000000 0.000000
 -0.185000 0.000000 0.000000
 -0.182500 0.000000 0.000000
 -0.180000 0.000000 0.000000
 -0.177500 0.000000 0.000000
 -0.175000 0.000000 0.000000
 -0.172500 0.000000 0.000000
 -0.170000 0.000000 0.000000
 -0.167500 0.000000 0.000000
 -0.165000 0.000000 0.000000
 -0.162500 0.000000 0.000000
 -0.160000 0.000000 0.000000
 -0.157500 0.000000 0.000000
 -0.155000 0.000000 0.000000
 -0.152500 0.000000 0.000000
 -0.150000 0.000000 0.000000
 -0.147500 0.000000 0.000000
 -0.145000 0.000000 0.000000
 -0.142500 0.000000 0.000000
 -0.140000 0.000000 0.000000
 -0.137500 0.000000 0.000000
 -0.135000 0.000000 0.000000
 -0.132500 0.000000 0.000000
 -0.130000 0.000000 0.000000
 -0.127500 0.000000 0.000000
 -0.125000 0.000000 0.000000
 -0.122500 0.000000 0.000000
 -0.120000 0.000000 0.000000
 -0.117500 0.000000 0.000000
 -0.115000 0.000000 0.000000
 -0.112500 0.000000 0.000000
 -0.110000 0.000000 0.000000
 -0.107500 0.000000 0.000000
 -0.105000 0.000000 0.000000
 -0.102500 0.000000 0.000000
 -0.100000 0.000000 0.000000
 -0.097500 0.000000 0.000000
 -0.095000 0.000000 0.000000
 -0.092500 0.000000 0.000000
 -0.090000 0.000000 0.000000
 -0.087500 0.000000 0.000000
 -0.085000 0.000000 0.000000
 -0.082500 0.000000 0.000000
 -0.080000 0.000000 0.000000
 -0.077500 0.000000 0.000000
 -0.075000 0.000000 0.000000
 -0.072500 0.000000 0.000000
 -0.070000 0.000000 0.000000
 -0.067500 0.000000 0.000000
 -0.065000 0.000000 0.000000
 -0.062500 0.000000 0.000000
 -0.060000 0.000000 0.000000
 -0.057500 0.000000 0.000000
 -0.055000 0.000000 0.000000
 -0.052500 0.000000 0.000000
 -0.050000 0.000000 0.000000
 -0.047500 0.000000 0.000000
 -0.045000 0.000000 0.000000
 -0.042500 0.000000 0.000000
 -0.040000 0.000000 0.000000
 -0.037500 0.000000 0.000000
 -0.035000 0.000000 0.000000
 -0.032500 0.000000 0.000000
 -0.030000 0.000000 0.000000
 -0.027500 0.000000 0.000000
 -0.025000 0.000000 0.000000
 -0.022500 0.000000 0.000000
 -0.020000 0.000000 0.000000
 -0.017500 0.000000 0.000000
 -0.015000 0.000000 0.000000
 -0.012500 0.000000 0.000000
 -0.010000 0.000000 0.000000
 -0.007500 0.000000 0.000000
 -0.005000 0.000000 0.000000
 -0.002500 0.000000 0.000000
 0.000000 0.000000 0.000000
 0.002500 0.000000 0.000000
 0.005000 0.000000 0.000000
 0.007500 0.000000 0.000000
 0.010000 0.000000 0.000000
 0.012500 0.000000 0.000000
 0.015000 0.000000 0.000000
 0.017500 0.000000 0.000000
 0.020000 0.000000 0.000000
 0.022500 0.000000 0.000000
 0.025000 0.000000 0.000000
 0.027500 0.000000 0.000000
 0.030000 0.000000 0.000000
 0.032500 0.000000 0.000000
 0.035000 0.000000 0.000000
 0.037500 0.000000 0.000000
 0.040000 0.000000 0.000000
 0.042500 0.000000 0.000000
 0.045000 0.000000 0.000000
 0.047500 0.000000 0.000000
 0.050000 0.000000 0.000000
 0.052500 0.000000 0.000000
 0.055000 0.000000 0.000000
 0.057500 0.000000 0.000000
 0.060000 0.000000 0.000000
 0.062500 0.000000 0.000000
 0.065000 0.000000 0.000000
 0.067500 0.000000 0.000000
 0.070000 0.000000 0.000000
 0.072500 0.000000 0.000000
 0.075000 0.000000 0.000000
 0.077500 0.000000 0.000000
 0.080000 0.000000 0.000000
 0.082500 0.000000 0.000000
 0.085000 0.000000 0.000000
 0.087500 0.000000 0.000000
 0.090000 0.000000 0.000000
 0.092500 0.000000 0.000000
 0.095000 0.000000 0.000000
 0.097500 0.000000 0.000000
 0.100000 0.000000 0.000000
 0.102500 0.000000 0.000000
 0.105000 0.000000 0.000000
 0.107500 0.000000 0.000000
 0.110000 0.000000 0.000000
 0.112500 0.000000 0.000000
 0.115000 0.000000 0.000000
 0.117500 0.000000 0.000000
 0.120000 0.000000 0.000000
 0.122500 0.000000 0.000000
 0.125000 0.000000 0.000000
 0.127500 0.000000 0.000000
 0.130000 0.000000 0.000000
 0.132500 0.000000 0.000000
 0.135000 0.000000 0.000000
 0.137500 0.000000 0.000000
 0.140000 0.000000 0.000000
 0.142500 0.000000 0.000000
 0.145000 0.000000 0.000000
 0.147500 0.000000 0.000000
 0.150000 0.000000 0.000000
 0.152500 0.000000 0.000000
 0.155000 0.000000 0.000000
 0.157500 0.000000 0.000000
 0.160000 0.000000 0.000000
 0.162500 0.000000 0.000000
 0.165000 0.000000 0.000000
 0.167500 0.000000 0.000000
 0.170000 0.000000 0.000000
 0.172500 0.000000 0.000000
 0.175000 0.000000 0.000000
 0.177500 0.000000 0.000000
 0.180000 0.000000 0.000000
 0.182500 0.000000 0.000000
 0.185000 0.000000 0.000000
 0.187500 0.000000 0.000000
 0.190000 0.000000 0.000000
 0.192500 0.000000 0.000000
 0.195000 0.000000 0.000000
 0.197500 0.000000 0.000000
 0.200000 0.000000 0.000000
 0.202500 0.000000 0.000000
 0.205000 0.000000 0.000000
 0.207500 0.000000 0.000000
 0.210000 0.000000 0.000000
 0.212500 0.000000 0.000000
 0.215000 0.000000 0.000000
 0.217500 0.000000 0.000000
 0.220000 0.000000 0.000000
 0.222500 0.000000 0.000000
 0.225000 0.000000 0.000000
 0.227500 0.000000 0.000000
 0.230000 0.000000 0.000000
 0.232500 0.000000 0.000000
 0.235000 0.000000 0.000000
 0.237500 0.000000 0.000000
 0.240000 0.000000 0.000000
 0.242500 0.000000 0.000000
 0.245000 0.000000 0.000000
 0.247500 0.000000 0.000000
 0.250000 0.000000 0.000000
 0.252500 0.000000 0.000087
 0.255000 0.000001 0.000201
 0.257500 0.000001 0.000435
 0.260000 0.000003 0.000877
 0.262500 0.000006 0.001652
 0.265000 0.000012 0.002899
 0.267500 0.000021 0.004731
 0.270000 0.000036 0.007164
 0.272500 0.000057 0.010032
 0.275000 0.000086 0.012929
 0.277500 0.000121 0.015221
 0.280000 0.000161 0.016165
 0.282500 0.000201 0.015194
 0.285000 0.000235 0.011996
 0.287500 0.000259 0.006912
 0.290000 0.000269 0.000830
 0.292500 0.000263 -0.004983
 0.295000 0.000245 -0.009147
 0.297500 0.000220 -0.010765
 0.300000 0.000194 -0.009403
 0.302500 0.000175 -0.005324
 0.305000 0.000169 0.000641
 0.307500 0.000179 0.007321
 0.310000 0.000205 0.013542
 0.312500 0.000245 0.018159
 0.315000 0.000294 0.020517
 0.317500 0.000346 0.020400
 0.320000 0.000394 0.018062
 0.322500 0.000435 0.014117
 0.325000 0.000464 0.009363
 0.327500 0.000482 0.004597
 0.330000 0.000488 0.000483
 0.332500 0.000485 -0.002725
 0.335000 0.000475 -0.004940
 0.337500 0.000461 -0.006472
 0.340000 0.000443 -0.007737
 0.342500 0.000422 -0.009252
 0.345000 0.000397 -0.011159
 0.347500 0.000366 -0.013234
 0.350000 0.000331 -0.014552
 0.352500 0.000295 -0.014176
 0.355000 0.000263 -0.010978
 0.357500 0.000244 -0.004022
 0.360000 0.000246 0.007195
 0.362500 0.000283 0.022567
 0.365000 0.000362 0.041532
 0.367500 0.000493 0.063059
 0.370000 0.000679 0.085377
 0.372500 0.000919 0.106266
 0.375000 0.001207 0.122994
 0.377500 0.001528 0.133161
 0.380000 0.001866 0.134838
 0.382500 0.002195 0.127114
 0.385000 0.002494 0.110678
 0.387500 0.002743 0.087815
 0.390000 0.002930 0.061787
 0.392500 0.003052 0.036294
 0.395000 0.003116 0.014560
 0.397500 0.003130 -0.002100
 0.400000 0.003110 -0.013256
 0.402500 0.003068 -0.019956
 0.405000 0.003013 -0.023175
 0.407500 0.002955 -0.023457
 0.410000 0.002899 -0.020445
 0.412500 0.002857 -0.012768
 0.415000 0.002840 0.000832
 0.417500 0.002867 0.021132
 0.420000 0.002951 0.047017
 0.422500 0.003104 0.075410
 0.425000 0.003328 0.102252
 0.427500 0.003611 0.123865
 0.430000 0.003940 0.137682
 0.432500 0.004293 0.143934
 0.435000 0.004656 0.145760
 0.437500 0.005022 0.147888
 0.440000 0.005399 0.154378
 0.442500 0.005801 0.167386
 0.445000 0.006241 0.185578
 0.447500 0.006728 0.203880
 0.450000 0.007255 0.215713
 0.452500 0.007797 0.215269
 0.455000 0.008321 0.200395
 0.457500 0.008790 0.172912
 0.460000 0.009181 0.140107
 0.462500 0.009495 0.111978
 0.465000 0.009754 0.098347
 0.467500 0.010004 0.105281
 0.470000 0.010300 0.133671
 0.472500 0.010687 0.179133
 0.475000 0.011202 0.233055
 0.477500 0.011853 0.287001
 0.480000 0.012631 0.332164
 0.482500 0.013503 0.362436
 0.485000 0.014427 0.373595
 0.487500 0.015355 0.365250
 0.490000 0.016242 0.341696
 0.492500 0.017059 0.310196
 0.495000 0.017798 0.282911
 0.497500 0.018487 0.271037
 0.500000 0.019174 0.282452
 0.502500 0.019922 0.319132
 0.505000 0.020788 0.375828
 0.507500 0.021811 0.443040
 0.510000 0.023004 0.509781
 0.512500 0.024356 0.569694
 0.515000 0.025847 0.621283
 0.517500 0.027458 0.665483
 0.520000 0.029172 0.705000
 0.522500 0.030979 0.739468
 0.525000 0.032863 0.764622
 0.527500 0.034791 0.773736
 0.530000 0.036716 0.760908
 0.532500 0.038575 0.724101
 0.535000 0.040319 0.667548
 0.537500 0.041909 0.603457
 0.540000 0.043346 0.547437
 0.542500 0.044669 0.515029
 0.545000 0.045956 0.518418
 0.547500 0.047301 0.563450
 0.550000 0.048810 0.648149
 0.552500 0.050575 0.767249
 0.555000 0.052670 0.911610
 0.557500 0.055149 1.072662
 0.560000 0.058043 1.242582
 0.562500 0.061366 1.414644
 0.565000 0.065118 1.583734
 0.567500 0.069280 1.742480
 0.570000 0.073818 1.881205
 0.572500 0.078666 1.988134
 0.575000 0.083727 2.051291
 0.577500 0.088880 2.061629
 0.580000 0.093996 2.021420
 0.582500 0.098964 1.946004
 0.585000 0.103725 1.863495
 0.587500 0.108310 1.809301
 0.590000 0.112834 1.819409
 0.592500 0.117483 1.913918
 0.595000 0.122479 2.092256
 0.597500 0.128005 2.331258
 0.600000 0.134161 2.590011
 0.602500 0.140941 2.823389
 0.605000 0.148237 2.996687
 0.607500 0.155871 3.095843
 0.610000 0.163670 3.129890
 0.612500 0.171501 3.128847
 0.615000 0.179324 3.128835
 0.617500 0.187187 3.166557
 0.620000 0.195220 3.267186
 0.622500 0.203595 3.443114
 0.625000 0.212502 3.689467
 0.627500 0.222094 3.989966
 0.630000 0.232484 4.320243
 0.632500 0.243712 4.654438
 0.635000 0.255749 4.965893
 0.637500 0.268523 5.241159
 0.640000 0.281934 5.473631
 0.642500 0.295877 5.669360
 0.645000 0.310272 5.838171
 0.647500 0.325066 5.992239
 0.650000 0.340238 6.141311
 0.652500 0.355785 6.293273
 0.655000 0.371727 6.454428
 0.657500 0.388087 6.629404
 0.660000 0.404900 6.818656
 0.662500 0.422217 7.025897
 0.665000 0.440068 7.248068
 0.667500 0.458492 7.485246
 0.670000 0.477536 7.745126
 0.672500 0.497280 8.049478
 0.675000 0.517864 8.426018
 0.677500 0.539524 8.915050
 0.680000 0.562590 9.554449
 0.682500 0.587466 10.365146
 0.685000 0.614571 11.330158
 0.687500 0.644231 12.394912
 0.690000 0.676568 13.454492
 0.692500 0.711435 14.396954
 0.695000 0.748401 15.125660
 0.697500 0.786865 15.594254
 0.700000 0.826206 15.830410
 0.702500 0.865931 15.919325
 0.705000 0.905806 15.966068
 0.707500 0.945846 16.069320
 0.710000 0.986289 16.292310
 0.712500 1.027457 16.641227
 0.715000 1.069641 17.107697
 0.717500 1.113115 17.668820
 0.720000 1.158108 18.327164
 0.722500 1.204889 19.101982
 0.725000 1.253797 20.029397
 0.727500 1.305244 21.139177
 0.730000 1.359696 22.426993
 0.732500 1.417552 23.852936
 0.735000 1.479057 25.331270
 0.737500 1.544206 26.754217
 0.740000 1.612736 28.031856
 0.742500 1.684220 29.094414
 0.745000 1.758087 29.942499
 0.747500 1.833857 30.633547
 0.750000 1.911256 31.265078
 0.752500 1.990264 31.937019
 0.755000 2.071098 32.738630
 0.757500 2.154121 33.694973
 0.760000 2.239739 34.792829
 0.762500 2.328219 35.969193
 0.765000 2.419655 37.157635
 0.767500 2.513996 38.276319
 0.770000 2.610993 39.281053
 0.772500 2.710329 40.139840
 0.775000 2.811635 40.854946
 0.777500 2.914583 41.468059
 0.780000 3.018987 42.038580
 0.782500 3.124839 42.647239
 0.785000 3.232366 43.379616
 0.787500 3.341943 44.304957
 0.790000 3.454078 45.423201
 0.792500 3.569213 46.698893
 0.795000 3.687681 48.063723
 0.797500 3.809599 49.453434
 0.800000 3.934952 50.817850
 0.802500 4.063685 52.173808
 0.805000 4.195817 53.541515
 0.807500 4.331438 54.973927
 0.810000 4.470738 56.489759
 0.812500 4.613905 58.060955
 0.815000 4.760980 59.598122
 0.817500 4.911696 60.953663
 0.820000 5.065371 61.942502
 0.822500 5.220839 62.353814
 0.825000 5.376441 62.027195
 0.827500 5.530195 60.884481
 0.830000 5.680095 58.963902
 0.832500 5.824372 56.436015
 0.835000 5.961840 53.556260
 0.837500 6.091954 50.636707
 0.840000 6.214963 47.910942
 0.842500 6.331567 45.533474
 0.845000 6.442670 43.509401
 0.847500 6.549014 41.718303
 0.850000 6.650945 39.945974
 0.852500 6.748182 37.934190
 0.855000 6.839796 35.429713
 0.857500 6.924280 32.213157
 0.860000 6.999657 28.123352
 0.862500 7.063573 23.060668
 0.865000 7.113522 16.969205
 0.867500 7.146927 9.855556
 0.870000 7.161343 1.809556
 0.872500 7.154619 -6.969715
 0.875000 7.125285 -16.217273
 0.877500 7.072599 -25.598966
 0.880000 6.996594 -34.782688
 0.882500 6.898104 -43.557402
 0.885000 6.778268 -51.845553
 0.887500 6.638213 -59.749108
 0.890000 6.478632 -67.487060
 0.892500 6.299630 -75.310803
 0.895000 6.100777 -83.376217
 0.897500 5.881425 -91.663627
 0.900000 5.641261 -99.958223
 0.902500 5.380731 -107.876237
 0.905000 5.101341 -114.969577
 0.907500 4.805679 -120.816530
 0.910000 4.497250 -125.144971
 0.912500 4.180033 -127.840011
 0.915000 3.858099 -128.939659
 0.917500 3.535273 -128.573707
 0.920000 3.215026 -126.920190
 0.922500 2.900376 -124.124866
 0.925000 2.594049 -120.304701
 0.927500 2.298496 -115.509176
 0.930000 2.016113 -109.783354
 0.932500 1.749184 -103.160832
 0.935000 1.499887 -95.710349
 0.937500 1.270150 -87.549115
 0.940000 1.061535 -78.864914
 0.942500 0.875064 -69.902670
 0.945000 0.711096 -60.931826
 0.947500 0.569322 -52.220875
 0.950000 0.448793 -43.994969
 0.952500 0.348066 -36.426459
 0.955000 0.265338 -29.622407
 0.957500 0.198633 -23.646485
 0.960000 0.145857 -18.504701
 0.962500 0.104939 -14.175767
 0.965000 0.073897 -10.615289
 0.967500 0.050885 -7.760153
 0.970000 0.034237 -5.531432
 0.972500 0.022490 -3.839592
 0.975000 0.014424 -2.595914
 0.977500 0.009030 -1.708851
 0.980000 0.005510 -1.091724
 0.982500 0.003283 -0.679707
 0.985000 0.001905 -0.410664
 0.987500 0.001078 -0.241427
 0.990000 0.000593 -0.137602
 0.992500 0.000316 -0.076068
 0.995000 0.000164 -0.041252
 0.997500 0.000083 -0.021712
 1.000000 0.000040 -0.011037
 1.002500 0.000018 -0.005053
 1.005000 0.000008 -0.002362
 1.007500 0.000003 -0.001112
 1.010000 0.000001 -0.000483
 1.012500 0.000000 -0.000156
 1.015000 0.000000 0.000000
 1.017500 0.000000 0.000000
 1.020000 0.000000 0.000000
 1.022500 0.000000 0.000000
 1.025000 0.000000 0.000000
 1.027500 0.000000 0.000000
 1.030000 0.000000 0.000000
 1.032500 0.000000 0.000000
 1.035000 0.000000 0.000000
 1.037500 0.000000 0.000000
 1.040000 0.000000 0.000000
 1.042500 0.000000 0.000000
 1.045000 0.000000 0.000000
 1.047500 0.000000 0.000000
 1.050000 0.000000 0.000000
 1.052500 0.000000 0.000000
 1.055000 0.000000 0.000000
 1.057500 0.000000 0.000000
 1.060000 0.000000 0.000000
 1.062500 0.000000 0.000000
 1.065000 0.000000 0.000000
 1.067500 0.000000 0.000000
 1.070000 0.000000 0.000000
 1.072500 0.000000 0.000000
 1.075000 0.000000 0.000000
 1.077500 0.000000 0.000000
 1.080000 0.000000 0.000000
 1.082500 0.000000 0.000000
 1.085000 0.000000 0.000000
 1.087500 0.000000 0.000000
 1.090000 0.000000 0.000000
 1.092500 0.000000 0.000000
 1.095000 0.000000 0.000000
 1.097500 0.000000 0.000000
 1.100000 0.000000 0.000000
 1.102500 0.000000 0.000000
 1.105000 0.000000 0.000000
 1.107500 0.000000 0.000000
 1.110000 0.000000 0.000000
 1.112500 0.000000 0.000000
 1.115000 0.000000 0.000000
 1.117500 0.000000 0.000000
 1.120000 0.000000 0.000000
 1.122500 0.000000 0.000000
 1.125000 0.000000 0.000000
 1.127500 0.000000 0.000000
 1.130000 0.000000 0.000000
 1.132500 0.000000 0.000000
 1.135000 0.000000 0.000000
 1.137500 0.000000 0.000000
 1.140000 0.000000 0.000000
 1.142500 0.000000 0.000000
 1.145000 0.000000 0.000000
 1.147500 0.000000 0.000000
 1.150000 0.000000 0.000000
 1.152500 0.000000 0.000000
 1.155000 0.000000 0.000000
 1.157500 0.000000 0.000000
 1.160000 0.000000 0.000000
 1.162500 0.000000 0.000000
 1.165000 0.000000 0.000000
 1.167500 0.000000 0.000000
 1.170000 0.000000 0.000000
 1.172500 0.000000 0.000000
 1.175000 0.000000 0.000000
 1.177500 0.000000 0.000000
 1.180000 0.000000 0.000000
 1.182500 0.000000 0.000000
 1.185000 0.000000 0.000000
 1.187500 0.000000 0.000000
 1.190000 0.000000 0.000000
 1.192500 0.000000 0.000000
 1.195000 0.000000 0.000000
 1.197500 0.000000 0.000000
 1.200000 0.000000 0.000000
 1.202500 0.000000 0.000000
 1.205000 0.000000 0.000000
 1.207500 0.000000 0.000000
 1.210000 0.000000 0.000000
 1.212500 0.000000 0.000000
 1.215000 0.000000 0.000000
 1.217500 0.000000 0.000000
 1.220000 0.000000 0.000000
 1.222500 0.000000 0.000000
 1.225000 0.000000 0.000000
 1.227500 0.000000 0.000000
 1.230000 0.000000 0.000000
 1.232500 0.000000 0.000000
 1.235000 0.000000 0.000000
 1.237500 0.000000 0.000000
 1.240000 0.000000 0.000000
 1.242500 0.000000 0.000000
 1.245000 0.000000 0.000000
 1.247500 0.000000 0.000000
 1.250000 0.000000 0.000000
 1.252500 0.000000 0.000000
 1.255000 0.000000 0.000000
 1.257500 0.000000 0.000000
 1.260000 0.000000 0.000000
 1.262500 0.000000 0.000000
 1.265000 0.000000 0.000000
 1.267500 0.000000 0.000000
 1.270000 0.000000 0.000000
 1.272500 0.000000 0.000000
 1.275000 0.000000 0.000000
 1.277500 0.000000 0.000000
 1.280000 0.000000 0.000000
 1.282500 0.000000 0.000000
 1.285000 0.000000 0.000000
 1.287500 0.000000 0.000000
 1.290000 0.000000 0.000000
 1.292500 0.000000 0.000000
 1.295000 0.000000 0.000000
 1.297500 0.000000 0.000000
 1.300000 0.000000 0.000000
 1.302500 0.000000 0.000000
 1.305000 0.000000 0.000000
 1.307500 0.000000 0.000000
 1.310000 0.000000 0.000000
 1.312500 0.000000 0.000000
 1.315000 0.000000 0.000000
 1.317500 0.000000 0.000000
 1.320000 0.000000 0.000000
 1.322500 0.000000 0.000000
 1.325000 0.000000 0.000000
 1.327500 0.000000 0.000000
 1.330000 0.000000 0.000000
 1.332500 0.000000 0.000000
 1.335000 0.000000 0.000000
 1.337500 0.000000 0.000000
 1.340000 0.000000 0.000000
 1.342500 0.000000 0.000000
 1.345000 0.000000 0.000000
 1.347500 0.000000 0.000000
 1.350000 0.000000 0.000000
 1.352500 0.000000 0.000000
 1.355000 0.000000 0.000000
 1.357500 0.000000 0.000000
 1.360000 0.000000 0.000000
 1.362500 0.000000 0.000000
 1.365000 0.000000 0.000000
 1.367500 0.000000 0.000000
 1.370000 0.000000 0.000000
 1.372500 0.000000 0.000000
 1.375000 0.000000 0.000000
 1.377500 0.000000 0.000000
 1.380000 0.000000 0.000000
 1.382500 0.000000 0.000000
 1.385000 0.000000 0.000000
 1.387500 0.000000 0.000000
 1.390000 0.000000 0.000000
 1.392500 0.000000 0.000000
 1.395000 0.000000 0.000000
 1.397500 0.000000 0.000000
 1.400000 0.000000 0.000000
 1.402500 0.000000 0.000000
 1.405000 0.000000 0.000000
 1.407500 0.000000 0.000000
 1.410000 0.000000 0.000000
 1.412500 0.000000 0.000000
 1.415000 0.000000 0.000000
 1.417500 0.000000 0.000000
 1.420000 0.000000 0.000000
 1.422500 0.000000 0.000000
 1.425000 0.000000 0.000000
 1.427500 0.000000 0.000000
 1.430000 0.000000 0.000000
 1.432500 0.000000 0.000000
 1.435000 0.000000 0.000000
 1.437500 0.000000 0.000000
 1.440000 0.000000 0.000000
 1.442500 0.000000 0.000000
 1.445000 0.000000 0.000000
 1.447500 0.000000 0.000000
 1.450000 0.000000 0.000000
 1.452500 0.000000 0.000000
 1.455000 0.000000 0.000000
 1.457500 0.000000 0.000000
 1.460000 0.000000 0.000000
 1.462500 0.000000 0.000000
 1.465000 0.000000 0.000000
 1.467500 0.000000 0.000000
 1.470000 0.000000 0.000000
 1.472500 0.000000 0.000000
 1.475000 0.000000 0.000000
 1.477500 0.000000 0.000000
 1.480000 0.000000 0.000000
 1.482500 0.000000 0.000000
 1.485000 0.000000 0.000000
 1.487500 0.000000 0.000000
 1.490000 0.000000 0.000000
 1.492500 0.000000 0.000000
 1.495000 0.000000 0.000000
 1.497500 0.000000 0.000000
 1.500000 0.000000 0.000000
 1.502500 0.000000 0.000000
 1.505000 0.000000 0.000000
 1.507500 0.000000 0.000000
 1.510000 0.000000 0.000000
 1.512500 0.000000 0.000000
 1.515000 0.000000 0.000000
 1.517500 0.000000 0.000000
 1.520000 0.000000 0.000000
 1.522500 0.000000 0.000000
 1.525000 0.000000 0.000000
 1.527500 0.000000 0.000000
 1.530000 0.000000 0.000000
 1.532500 0.000000 0.000000
 1.535000 0.000000 0.000000
 1.537500 0.000000 0.000000
 1.540000 0.000000 0.000000
 1.542500 0.000000 0.000000
 1.545000 0.000000 0.000000
 1.547500 0.000000 0.000000
 1.550000 0.000000 0.000000
 1.552500 0.000000 0.000000
 1.555000 0.000000 0.000000
 1.557500 0.000000 0.000000
 1.560000 0.000000 0.000000
 1.562500 0.000000 0.000000
 1.565000 0.000000 0.000000
 1.567500 0.000000 0.000000
 1.570000 0.000000 0.000000
 1.572500 0.000000 0.000000
 1.575000 0.000000 0.000000
 1.577500 0.000000 0.000000
 1.580000 0.000000 0.000000
 1.582500 0.000000 0.000000
 1.585000 0.000000 0.000000
 1.587500 0.000000 0.000000
 1.590000 0.000000 0.000000
 1.592500 0.000000 0.000000
 1.595000 0.000000 0.000000
 1.597500 0.000000 0.000000
 1.600000 0.000000 0.000000
 1.602500 0.000000 0.000000
 1.605000 0.000000 0.000000
 1.607500 0.000000 0.000000
 1.610000 0.000000 0.000000
 1.612500 0.000000 0.000000
 1.615000 0.000000 0.000000
 1.617500 0.000000 0.000000
 1.620000 0.000000 0.000000
 1.622500 0.000000 0.000000
 1.625000 0.000000 0.000000
 1.627500 0.000000 0.000000
 1.630000 0.000000 0.000000
 1.632500 0.000000 0.000000
 1.635000 0.000000 0.000000
 1.637500 0.000000 0.000000
 1.640000 0.000000 0.000000
 1.642500 0.000000 0.000000
 1.645000 0.000000 0.000000
 1.647500 0.000000 0.000000
 1.650000 0.000000 0.000000
 1.652500 0.000000 0.000000
 1.655000 0.000000 0.000000
 1.657500 0.000000 0.000000
 1.660000 0.000000 0.000000
 1.662500 0.000000 0.000000
 1.665000 0.000000 0.000000
 1.667500 0.000000 0.000000
 1.670000 0.000000 0.000000
 1.672500 0.000000 0.000000
 1.675000 0.000000 0.000000
 1.677500 0.000000 0.000000
 1.680000 0.000000 0.000000
 1.682500 0.000000 0.000000
 1.685000 0.000000 0.000000
 1.687500 0.000000 0.000000
 1.690000 0.000000 0.000000
 1.692500 0.000000 0.000000
 1.695000 0.000000 0.000000
 1.697500 0.000000 0.000000
 1.700000 0.000000 0.000000
 1.702500 0.000000 0.000000
 1.705000 0.000000 0.000000
 1.707500 0.000000 0.000000
 1.710000 0.000000 0.000000
 1.712500 0.000000 0.000000
 1.715000 0.000000 0.000000
 1.717500 0.000000 0.000000
 1.720000 0.000000 0.000000
 1.722500 0.000000 0.000000
 1.725000 0.000000 0.000000
 1.727500 0.000000 0.000000
 1.730000 0.000000 0.000000
 1.732500 0.000000 0.000000
 1.735000 0.000000 0.000000
 1.737500 0.000000 0.000000
 1.740000 0.000000 0.000000
 1.742500 0.000000 0.000000
 1.745000 0.000000 0.000000
 1.747500 0.000000 0.000000
 1.750000 0.000000 0.000000
 1.752500 0.000000 0.000000
 1.755000 0.000000 0.000000
 1.757500 0.000000 0.000000
 1.760000 0.000000 0.000000
 1.762500 0.000000 0.000000
 1.765000 0.000000 0.000000
 1.767500 0.000000 0.000000
 1.770000 0.000000 0.000000
 1.772500 0.000000 0.000000
 1.775000 0.000000 0.000000
 1.777500 0.000000 0.000000
 1.780000 0.000000 0.000000
 1.782500 0.000000 0.000000
 1.785000 0.000000 0.000000
 1.787500 0.000000 0.000000
 1.790000 0.000000 0.000000
 1.792500 0.000000 0.000000
 1.795000 0.000000 0.000000
 1.797500 0.000000 0.000000
 1.800000 0.000000 0.000000
 1.802500 0.000000 0.000000
 1.805000 0.000000 0.000000
 1.807500 0.000000 0.000000
 1.810000 0.000000 0.000000
 1.812500 0.000000 0.000000
 1.815000 0.000000 0.000000
 1.817500 0.000000 0.000000
 1.820000 0.000000 0.000000
 1.822500 0.000000 0.000000
 1.825000 0.000000 0.000000
 1.827500 0.000000 0.000000
 1.830000 0.000000 0.000000
 1.832500 0.000000 0.000000
 1.835000 0.000000 0.000000
 1.837500 0.000000 0.000000
 1.840000 0.000000 0.000000
 1.842500 0.000000 0.000000
 1.845000 0.000000 0.000000
 1.847500 0.000000 0.000000
 1.850000 0.000000 0.000000
 1.852500 0.000000 0.000000
 1.855000 0.000000 0.000000
 1.857500 0.000000 0.000000
 1.860000 0.000000 0.000000
 1.862500 0.000000 0.000000
 1.865000 0.000000 0.000000
 1.867500 0.000000 0.000000
 1.870000 0.000000 0.000000
 1.872500 0.000000 0.000000
 1.875000 0.000000 0.000000
 1.877500 0.000000 0.000000
 1.880000 0.000000 0.000000
 1.882500 0.000000 0.000000
 1.885000 0.000000 0.000000
 1.887500 0.000000 0.000000
 1.890000 0.000000 0.000000
 1.892500 0.000000 0.000000
 1.895000 0.000000 0.000000
 1.897500 0.000000 0.000000
 1.900000 0.000000 0.000000
 1.902500 0.000000 0.000000
 1.905000 0.000000 0.000000
 1.907500 0.000000 0.000000
 1.910000 0.000000 0.000000
 1.912500 0.000000 0.000000
 1.915000 0.000000 0.000000
 1.917500 0.000000 0.000000
 1.920000 0.000000 0.000000
 1.922500 0.000000 0.000000
 1.925000 0.000000 0.000000
 1.927500 0.000000 0.000000
 1.930000 0.000000 0.000000
 1.932500 0.000000 0.000000
 1.935000 0.000000 0.000000
 1.937500 0.000000 0.000000
 1.940000 0.000000 0.000000
 1.942500 0.000000 0.000000
 1.945000 0.000000 0.000000
 1.947500 0.000000 0.000000
 1.950000 0.000000 0.000000
 1.952500 0.000000 0.000000
 1.955000 0.000000 0.000000
 1.957500 0.000000 0.000000
 1.960000 0.000000 0.000000
 1.962500 0.000000 0.000000
 1.965000 0.000000 0.000000
 1.967500 0.000000 0.000000
 1.970000 0.000000 0.000000
 1.972500 0.000000 0.000000
 1.975000 0.000000 0.000000
 1.977500 0.000000 0.000000
 1.980000 0.000000 0.000000
 1.982500 0.000000 0.000000
 1.985000 0.000000 0.000000
 1.987500 0.000000 0.000000
 1.990000 0.000000 0.000000
 1.992500 0.000000 0.000000
 1.995000 0.000000 0.000000
 1.997500 0.000000 0.000000
 2.000000 0.000000 0.000000
