#! FIELDS refcv hh dhh_refcv
#! SET normalisation  462.000000
#! SET min_refcv -0.5
#! SET max_refcv 2
#! SET nbins_refcv  1000
#! SET periodic_refcv false
 -0.500000 0.000000 0.000000
 -0.497500 0.000000 0.000000
 -0.495000 0.000000 0.000000
 -0.492500 0.000000 0.000000
 -0.490000 0.000000 0.000000
 -0.487500 0.000000 0.000000
 -0.485000 0.000000 0.000000
 -0.482500 0.000000 0.000000
 -0.480000 0.000000 0.000000
 -0.477500 0.000000 0.000000
 -0.475000 0.000000 0.000000
 -0.472500 0.000000 0.000000
 -0.470000 0.000000 0.000000
 -0.467500 0.000000 0.000000
 -0.465000 0.000000 0.000000
 -0.462500 0.000000 0.000000
 -0.460000 0.000000 0.000000
 -0.457500 0.000000 0.000000
 -0.455000 0.000000 0.000000
 -0.452500 0.000000 0.000000
 -0.450000 0.000000 0.000000
 -0.447500 0.000000 0.000000
 -0.445000 0.000000 0.000000
 -0.442500 0.000000 0.000000
 -0.440000 0.000000 0.000000
 -0.437500 0.000000 0.000000
 -0.435000 0.000000 0.000000
 -0.432500 0.000000 0.000000
 -0.430000 0.000000 0.000000
 -0.427500 0.000000 0.000000
 -0.425000 0.000000 0.000000
 -0.422500 0.000000 0.000000
 -0.420000 0.000000 0.000000
 -0.417500 0.000000 0.000000
 -0.415000 0.000000 0.000000
 -0.412500 0.000000 0.000000
 -0.410000 0.000000 0.000000
 -0.407500 0.000000 0.000000
 -0.405000 0.000000 0.000000
 -0.402500 0.000000 0.000000
 -0.400000 0.000000 0.000000
 -0.397500 0.000000 0.000000
 -0.395000 0.000000 0.000000
 -0.392500 0.000000 0.000000
 -0.390000 0.000000 0.000000
 -0.387500 0.000000 0.000000
 -0.385000 0.000000 0.000000
 -0.382500 0.000000 0.000000
 -0.380000 0.000000 0.000000
 -0.377500 0.000000 0.000000
 -0.375000 0.000000 0.000000
 -0.372500 0.000000 0.000000
 -0.370000 0.000000 0.000000
 -0.367500 0.000000 0.000000
 -0.365000 0.000000 0.000000
 -0.362500 0.000000 0.000000
 -0.360000 0.000000 0.000000
 -0.357500 0.000000 0.000000
 -0.355000 0.000000 0.000000
 -0.352500 0.000000 0.000000
 -0.350000 0.000000 0.000000
 -0.347500 0.000000 0.000000
 -0.345000 0.000000 0.000000
 -0.342500 0.000000 0.000000
 -0.340000 0.000000 0.000000
 -0.337500 0.000000 0.000000
 -0.335000 0.000000 0.000000
 -0.332500 0.000000 0.000000
 -0.330000 0.000000 0.000000
 -0.327500 0.000000 0.000000
 -0.325000 0.000000 0.000000
 -0.322500 0.000000 0.000000
 -0.320000 0.000000 0.000000
 -0.317500 0.000000 0.000000
 -0.315000 0.000000 0.000000
 -0.312500 0.000000 0.000000
 -0.310000 0.000000 0.000000
 -0.307500 0.000000 0.000000
 -0.305000 0.000000 0.000000
 -0.302500 0.000000 0.000000
 -0.300000 0.000000 0.000000
 -0.297500 0.000000 0.000000
 -0.295000 0.000000 0.000000
 -0.292500 0.000000 0.000000
 -0.290000 0.000000 0.000000
 -0.287500 0.000000 0.000000
 -0.285000 0.000000 0.000000
 -0.282500 0.000000 0.000000
 -0.280000 0.000000 0.000000
 -0.277500 0.000000 0.000000
 -0.275000 0.000000 0.000000
 -0.272500 0.000000 0.000000
 -0.270000 0.000000 0.000000
 -0.267500 0.000000 0.000000
 -0.265000 0.000000 0.000000
 -0.262500 0.000000 0.000000
 -0.260000 0.000000 0.000000
 -0.257500 0.000000 0.000000
 -0.255000 0.000000 0.000000
 -0.252500 0.000000 0.000000
 -0.250000 0.000000 0.000000
 -0.247500 0.000000 0.000000
 -0.245000 0.000000 0.000000
 -0.242500 0.000000 0.000000
 -0.240000 0.000000 0.000000
 -0.237500 0.000000 0.000000
 -0.235000 0.000000 0.000000
 -0.232500 0.000000 0.000000
 -0.230000 0.000000 0.000000
 -0.227500 0.000000 0.000000
 -0.225000 0.000000 0.000000
 -0.222500 0.000000 0.000000
 -0.220000 0.000000 0.000000
 -0.217500 0.000000 0.000000
 -0.215000 0.000000 0.000000
 -0.212500 0.000000 0.000000
 -0.210000 0.000000 0.000000
 -0.207500 0.000000 0.000000
 -0.205000 0.000000 0.000000
 -0.202500 0.000000 0.000000
 -0.200000 0.000000 0.000000
 -0.197500 0.000000 0.000000
 -0.195000 0.000000 0.000000
 -0.192500 0.000000 0.000000
 -0.190000 0.000000 0.000000
 -0.187500 0.000000 0.000000
 -0.185000 0.000000 0.000000
 -0.182500 0.000000 0.000000
 -0.180000 0.000000 0.000000
 -0.177500 0.000000 0.000000
 -0.175000 0.000000 0.000000
 -0.172500 0.000000 0.000000
 -0.170000 0.000000 0.000000
 -0.167500 0.000000 0.000000
 -0.165000 0.000000 0.000000
 -0.162500 0.000000 0.000000
 -0.160000 0.000000 0.000000
 -0.157500 0.000000 0.000000
 -0.155000 0.000000 0.000000
 -0.152500 0.000000 0.000000
 -0.150000 0.000000 0.000000
 -0.147500 0.000000 0.000000
 -0.145000 0.000000 0.000000
 -0.142500 0.000000 0.000000
 -0.140000 0.000000 0.000000
 -0.137500 0.000000 0.000000
 -0.135000 0.000000 0.000000
 -0.132500 0.000000 0.000000
 -0.130000 0.000000 0.000000
 -0.127500 0.000000 0.000000
 -0.125000 0.000000 0.000000
 -0.122500 0.000000 0.000000
 -0.120000 0.000000 0.000000
 -0.117500 0.000000 0.000000
 -0.115000 0.000000 0.000000
 -0.112500 0.000000 0.000000
 -0.110000 0.000000 0.000000
 -0.107500 0.000000 0.000000
 -0.105000 0.000000 0.000000
 -0.102500 0.000000 0.000000
 -0.100000 0.000000 0.000000
 -0.097500 0.000000 0.000000
 -0.095000 0.000000 0.000000
 -0.092500 0.000000 0.000000
 -0.090000 0.000000 0.000000
 -0.087500 0.000000 0.000000
 -0.085000 0.000000 0.000000
 -0.082500 0.000000 0.000000
 -0.080000 0.000000 0.000000
 -0.077500 0.000000 0.000000
 -0.075000 0.000000 0.000000
 -0.072500 0.000000 0.000000
 -0.070000 0.000000 0.000000
 -0.067500 0.000000 0.000000
 -0.065000 0.000000 0.000000
 -0.062500 0.000000 0.000000
 -0.060000 0.000000 0.000000
 -0.057500 0.000000 0.000000
 -0.055000 0.000000 0.000000
 -0.052500 0.000000 0.000000
 -0.050000 0.000000 0.000000
 -0.047500 0.000000 0.000000
 -0.045000 0.000000 0.000000
 -0.042500 0.000000 0.000000
 -0.040000 0.000000 0.000000
 -0.037500 0.000000 0.000000
 -0.035000 0.000000 0.000000
 -0.032500 0.000000 0.000000
 -0.030000 0.000000 0.000000
 -0.027500 0.000000 0.000000
 -0.025000 0.000000 0.000000
 -0.022500 0.000000 0.000000
 -0.020000 0.000000 0.000000
 -0.017500 0.000000 0.000000
 -0.015000 0.000000 0.000000
 -0.012500 0.000000 0.000000
 -0.010000 0.000000 0.000000
 -0.007500 0.000000 0.000000
 -0.005000 0.000000 0.000000
 -0.002500 0.000000 0.000000
 0.000000 0.000000 0.000000
 0.002500 0.000000 0.000000
 0.005000 0.000000 0.000000
 0.007500 0.000000 0.000000
 0.010000 0.000000 0.000000
 0.012500 0.000000 0.000000
 0.015000 0.000000 0.000000
 0.017500 0.000000 0.000000
 0.020000 0.000000 0.000000
 0.022500 0.000000 0.000000
 0.025000 0.000000 0.000000
 0.027500 0.000000 0.000000
 0.030000 0.000000 0.000000
 0.032500 0.000000 0.000000
 0.035000 0.000000 0.000000
 0.037500 0.000000 0.000000
 0.040000 0.000000 0.000000
 0.042500 0.000000 0.000000
 0.045000 0.000000 0.000000
 0.047500 0.000000 0.000000
 0.050000 0.000000 0.000000
 0.052500 0.000000 0.000000
 0.055000 0.000000 0.000000
 0.057500 0.000000 0.000000
 0.060000 0.000000 0.000000
 0.062500 0.000000 0.000000
 0.065000 0.000000 0.000000
 0.067500 0.000000 0.000000
 0.070000 0.000000 0.000000
 0.072500 0.000000 0.000000
 0.075000 0.000000 0.000000
 0.077500 0.000000 0.000000
 0.080000 0.000000 0.000000
 0.082500 0.000000 0.000000
 0.085000 0.000000 0.000000
 0.087500 0.000000 0.000000
 0.090000 0.000000 0.000000
 0.092500 0.000000 0.000000
 0.095000 0.000000 0.000000
 0.097500 0.000000 0.000000
 0.100000 0.000000 0.000000
 0.102500 0.000000 0.000000
 0.105000 0.000000 0.000000
 0.107500 0.000000 0.000000
 0.110000 0.000000 0.000000
 0.112500 0.000000 0.000000
 0.115000 0.000000 0.000000
 0.117500 0.000000 0.000000
 0.120000 0.000000 0.000000
 0.122500 0.000000 0.000000
 0.125000 0.000000 0.000000
 0.127500 0.000000 0.000000
 0.130000 0.000000 0.000000
 0.132500 0.000000 0.000000
 0.135000 0.000000 0.000000
 0.137500 0.000000 0.000000
 0.140000 0.000000 0.000000
 0.142500 0.000000 0.000000
 0.145000 0.000000 0.000000
 0.147500 0.000000 0.000000
 0.150000 0.000000 0.000000
 0.152500 0.000000 0.000000
 0.155000 0.000000 0.000000
 0.157500 0.000000 0.000000
 0.160000 0.000000 0.000000
 0.162500 0.000000 0.000000
 0.165000 0.000000 0.000000
 0.167500 0.000000 0.000000
 0.170000 0.000000 0.000000
 0.172500 0.000000 0.000000
 0.175000 0.000000 0.000000
 0.177500 0.000000 0.000000
 0.180000 0.000000 0.000000
 0.182500 0.000000 0.000000
 0.185000 0.000000 0.000000
 0.187500 0.000000 0.000000
 0.190000 0.000000 0.000000
 0.192500 0.000000 0.000000
 0.195000 0.000000 0.000000
 0.197500 0.000000 0.000000
 0.200000 0.000000 0.000000
 0.202500 0.000000 0.000000
 0.205000 0.000000 0.000000
 0.207500 0.000000 0.000000
 0.210000 0.000000 0.000000
 0.212500 0.000000 0.000060
 0.215000 0.000000 0.000144
 0.217500 0.000001 0.000319
 0.220000 0.000002 0.000663
 0.222500 0.000004 0.001285
 0.225000 0.000009 0.002322
 0.227500 0.000017 0.003905
 0.230000 0.000029 0.006099
 0.232500 0.000048 0.008823
 0.235000 0.000073 0.011773
 0.237500 0.000106 0.014401
 0.240000 0.000144 0.015986
 0.242500 0.000185 0.015874
 0.245000 0.000222 0.013583
 0.247500 0.000251 0.009213
 0.250000 0.000267 0.003432
 0.252500 0.000268 -0.002540
 0.255000 0.000255 -0.007411
 0.257500 0.000233 -0.009972
 0.260000 0.000208 -0.009539
 0.262500 0.000188 -0.006093
 0.265000 0.000179 -0.000260
 0.267500 0.000187 0.006851
 0.270000 0.000214 0.013964
 0.272500 0.000256 0.019675
 0.275000 0.000310 0.022954
 0.277500 0.000368 0.023198
 0.280000 0.000424 0.020386
 0.282500 0.000468 0.015097
 0.285000 0.000498 0.008393
 0.287500 0.000510 0.001573
 0.290000 0.000506 -0.004100
 0.292500 0.000491 -0.007974
 0.295000 0.000468 -0.009787
 0.297500 0.000443 -0.010003
 0.300000 0.000419 -0.009575
 0.302500 0.000395 -0.009358
 0.305000 0.000372 -0.009962
 0.307500 0.000345 -0.011149
 0.310000 0.000316 -0.012136
 0.312500 0.000286 -0.011625
 0.315000 0.000261 -0.008220
 0.317500 0.000248 -0.000889
 0.320000 0.000260 0.011144
 0.322500 0.000308 0.027598
 0.325000 0.000402 0.047946
 0.327500 0.000550 0.070729
 0.330000 0.000756 0.093906
 0.332500 0.001017 0.114581
 0.335000 0.001324 0.129813
 0.337500 0.001660 0.137007
 0.340000 0.002001 0.134285
 0.342500 0.002323 0.121409
 0.345000 0.002601 0.100063
 0.347500 0.002819 0.073451
 0.350000 0.002967 0.045711
 0.352500 0.003050 0.020826
 0.355000 0.003077 0.001551
 0.357500 0.003064 -0.011107
 0.360000 0.003026 -0.017975
 0.362500 0.002977 -0.020706
 0.365000 0.002925 -0.020774
 0.367500 0.002876 -0.018704
 0.370000 0.002834 -0.013998
 0.372500 0.002810 -0.004919
 0.375000 0.002815 0.009867
 0.377500 0.002864 0.030470
 0.380000 0.002971 0.055824
 0.382500 0.003144 0.082087
 0.385000 0.003379 0.105576
 0.387500 0.003666 0.122583
 0.390000 0.003985 0.131030
 0.392500 0.004315 0.132059
 0.395000 0.004641 0.128800
 0.397500 0.004960 0.126509
 0.400000 0.005278 0.129458
 0.402500 0.005614 0.140537
 0.405000 0.005987 0.158841
 0.407500 0.006412 0.180492
 0.410000 0.006887 0.198644
 0.412500 0.007397 0.206992
 0.415000 0.007912 0.201801
 0.417500 0.008396 0.183039
 0.420000 0.008821 0.155722
 0.422500 0.009175 0.128766
 0.425000 0.009473 0.111624
 0.427500 0.009748 0.111349
 0.430000 0.010046 0.129851
 0.432500 0.010411 0.164143
 0.435000 0.010874 0.207409
 0.437500 0.011449 0.251544
 0.440000 0.012127 0.288859
 0.442500 0.012885 0.314352
 0.445000 0.013688 0.325362
 0.447500 0.014500 0.321530
 0.450000 0.015287 0.305782
 0.452500 0.016025 0.283235
 0.455000 0.016705 0.261641
 0.457500 0.017342 0.250449
 0.460000 0.017972 0.256987
 0.462500 0.018646 0.285008
 0.465000 0.019414 0.332227
 0.467500 0.020317 0.390720
 0.470000 0.021372 0.452080
 0.472500 0.022575 0.508094
 0.475000 0.023906 0.555059
 0.477500 0.025343 0.593817
 0.480000 0.026871 0.627548
 0.482500 0.028478 0.658044
 0.485000 0.030161 0.685712
 0.487500 0.031901 0.704513
 0.490000 0.033674 0.708790
 0.492500 0.035429 0.691998
 0.495000 0.037114 0.652139
 0.497500 0.038673 0.592666
 0.500000 0.040073 0.525631
 0.502500 0.041310 0.465558
 0.505000 0.042423 0.428132
 0.507500 0.043482 0.425092
 0.510000 0.044586 0.463832
 0.512500 0.045838 0.542016
 0.515000 0.047327 0.652582
 0.517500 0.049118 0.782558
 0.520000 0.051248 0.920856
 0.522500 0.053727 1.060112
 0.525000 0.056549 1.196496
 0.527500 0.059709 1.330702
 0.530000 0.063204 1.465145
 0.532500 0.067038 1.599145
 0.535000 0.071199 1.727164
 0.537500 0.075663 1.837007
 0.540000 0.080358 1.911940
 0.542500 0.085183 1.937134
 0.545000 0.090000 1.905710
 0.547500 0.094676 1.826962
 0.550000 0.099117 1.722614
 0.552500 0.103304 1.629615
 0.555000 0.107311 1.584299
 0.557500 0.111296 1.616535
 0.560000 0.115469 1.733650
 0.562500 0.120033 1.925605
 0.565000 0.125137 2.157914
 0.567500 0.130832 2.392452
 0.570000 0.137077 2.590918
 0.572500 0.143746 2.730985
 0.575000 0.150685 2.808223
 0.577500 0.157751 2.835685
 0.580000 0.164852 2.838949
 0.582500 0.171956 2.844721
 0.585000 0.179106 2.877907
 0.587500 0.186391 2.958912
 0.590000 0.193951 3.095299
 0.592500 0.201922 3.289715
 0.595000 0.210445 3.531509
 0.597500 0.219618 3.806153
 0.600000 0.229491 4.089770
 0.602500 0.240069 4.362831
 0.605000 0.251296 4.607561
 0.607500 0.263091 4.818746
 0.610000 0.275374 4.999039
 0.612500 0.288073 5.153260
 0.615000 0.301132 5.289651
 0.617500 0.314518 5.413072
 0.620000 0.328201 5.529858
 0.622500 0.342171 5.643914
 0.625000 0.356435 5.763908
 0.627500 0.371009 5.893810
 0.630000 0.385922 6.037136
 0.632500 0.401216 6.192760
 0.635000 0.416915 6.357418
 0.637500 0.433030 6.524947
 0.640000 0.449568 6.700899
 0.642500 0.466562 6.894882
 0.645000 0.484099 7.139251
 0.647500 0.502347 7.473811
 0.650000 0.521597 7.945457
 0.652500 0.542243 8.592328
 0.655000 0.564729 9.418311
 0.657500 0.589472 10.392175
 0.660000 0.616752 11.425076
 0.662500 0.646570 12.400604
 0.665000 0.678625 13.195371
 0.667500 0.712343 13.721337
 0.670000 0.746999 13.947361
 0.672500 0.781896 13.927237
 0.675000 0.816541 13.769537
 0.677500 0.850764 13.603623
 0.680000 0.884676 13.546003
 0.682500 0.918656 13.655210
 0.685000 0.953141 13.948055
 0.687500 0.988558 14.395430
 0.690000 1.025237 14.951449
 0.692500 1.063409 15.584125
 0.695000 1.103243 16.279815
 0.697500 1.144898 17.044082
 0.700000 1.188569 17.895211
 0.702500 1.234511 18.860431
 0.705000 1.282989 19.927810
 0.707500 1.334247 21.071642
 0.710000 1.388401 22.237820
 0.712500 1.445401 23.340108
 0.715000 1.504992 24.294950
 0.717500 1.566745 25.059875
 0.720000 1.630163 25.628160
 0.722500 1.694806 26.054914
 0.725000 1.760425 26.427000
 0.727500 1.827014 26.849258
 0.730000 1.894806 27.411485
 0.732500 1.964227 28.138886
 0.735000 2.035674 29.027406
 0.737500 2.109468 30.011402
 0.740000 2.185778 31.017441
 0.742500 2.264542 31.971689
 0.745000 2.345570 32.825673
 0.747500 2.428592 33.555481
 0.750000 2.513279 34.164089
 0.752500 2.599341 34.661805
 0.755000 2.686525 35.072911
 0.757500 2.774679 35.439006
 0.760000 2.863763 35.830020
 0.762500 2.953907 36.308231
 0.765000 3.045419 36.933982
 0.767500 3.138721 37.727950
 0.770000 3.234204 38.680202
 0.772500 3.332200 39.728982
 0.775000 3.432861 40.801853
 0.777500 3.536195 41.850451
 0.780000 3.642092 42.871914
 0.782500 3.750500 43.860992
 0.785000 3.861397 44.882290
 0.787500 3.974928 45.976712
 0.790000 4.091318 47.167458
 0.792500 4.210796 48.442658
 0.795000 4.333503 49.754695
 0.797500 4.459438 51.006280
 0.800000 4.588274 52.058691
 0.802500 4.719313 52.744258
 0.805000 4.851452 52.902583
 0.807500 4.983182 52.411571
 0.810000 5.112794 51.215283
 0.812500 5.238576 49.372399
 0.815000 5.359097 47.043804
 0.817500 5.473427 44.482136
 0.820000 5.581314 41.933696
 0.822500 5.683084 39.621090
 0.825000 5.779498 37.672621
 0.827500 5.871525 36.108413
 0.830000 5.960007 34.837401
 0.832500 6.045512 33.698939
 0.835000 6.128110 32.498639
 0.837500 6.207418 31.054557
 0.840000 6.282623 29.184088
 0.842500 6.352470 26.768768
 0.845000 6.415454 23.706503
 0.847500 6.469890 19.923235
 0.850000 6.513881 15.369298
 0.852500 6.545488 10.014144
 0.855000 6.562694 3.894305
 0.857500 6.563702 -2.904549
 0.860000 6.547047 -10.203983
 0.862500 6.511770 -17.725941
 0.865000 6.457718 -25.172351
 0.867500 6.385423 -32.257924
 0.870000 6.296035 -38.819433
 0.872500 6.190933 -44.829890
 0.875000 6.071335 -50.428043
 0.877500 5.937980 -55.873951
 0.880000 5.790893 -61.451061
 0.882500 5.629442 -67.369633
 0.885000 5.452661 -73.696325
 0.887500 5.259661 -80.308677
 0.890000 5.050057 -86.909461
 0.892500 4.824356 -93.104206
 0.895000 4.584081 -98.495282
 0.897500 4.331648 -102.783138
 0.900000 4.070064 -105.805698
 0.902500 3.802543 -107.552389
 0.905000 3.532139 -108.115057
 0.907500 3.261652 -107.675450
 0.910000 2.993361 -106.374320
 0.912500 2.729282 -104.358750
 0.915000 2.471062 -101.684902
 0.917500 2.220306 -98.400825
 0.920000 1.978525 -94.505324
 0.922500 1.747286 -89.996186
 0.925000 1.528106 -84.847261
 0.927500 1.322587 -79.091817
 0.930000 1.132171 -72.789735
 0.932500 0.958099 -66.069969
 0.935000 0.801200 -59.101224
 0.937500 0.661852 -52.093221
 0.940000 0.539888 -45.246394
 0.942500 0.434676 -38.737695
 0.945000 0.345193 -32.693268
 0.947500 0.270181 -27.197102
 0.950000 0.208205 -22.279296
 0.952500 0.157810 -17.954161
 0.955000 0.117523 -14.212169
 0.957500 0.085902 -11.032816
 0.960000 0.061580 -8.389576
 0.962500 0.043254 -6.238287
 0.965000 0.029754 -4.533184
 0.967500 0.020042 -3.218744
 0.970000 0.013218 -2.232677
 0.972500 0.008525 -1.508246
 0.975000 0.005388 -0.996090
 0.977500 0.003330 -0.640347
 0.980000 0.002015 -0.401862
 0.982500 0.001194 -0.246681
 0.985000 0.000693 -0.148298
 0.987500 0.000392 -0.087098
 0.990000 0.000217 -0.050151
 0.992500 0.000117 -0.028294
 0.995000 0.000060 -0.015425
 0.997500 0.000029 -0.007748
 1.000000 0.000014 -0.003783
 1.002500 0.000006 -0.001891
 1.005000 0.000003 -0.000873
 1.007500 0.000001 -0.000409
 1.010000 0.000000 -0.000135
 1.012500 0.000000 0.000000
 1.015000 0.000000 0.000000
 1.017500 0.000000 0.000000
 1.020000 0.000000 0.000000
 1.022500 0.000000 0.000000
 1.025000 0.000000 0.000000
 1.027500 0.000000 0.000000
 1.030000 0.000000 0.000000
 1.032500 0.000000 0.000000
 1.035000 0.000000 0.000000
 1.037500 0.000000 0.000000
 1.040000 0.000000 0.000000
 1.042500 0.000000 0.000000
 1.045000 0.000000 0.000000
 1.047500 0.000000 0.000000
 1.050000 0.000000 0.000000
 1.052500 0.000000 0.000000
 1.055000 0.000000 0.000000
 1.057500 0.000000 0.000000
 1.060000 0.000000 0.000000
 1.062500 0.000000 0.000000
 1.065000 0.000000 0.000000
 1.067500 0.000000 0.000000
 1.070000 0.000000 0.000000
 1.072500 0.000000 0.000000
 1.075000 0.000000 0.000000
 1.077500 0.000000 0.000000
 1.080000 0.000000 0.000000
 1.082500 0.000000 0.000000
 1.085000 0.000000 0.000000
 1.087500 0.000000 0.000000
 1.090000 0.000000 0.000000
 1.092500 0.000000 0.000000
 1.095000 0.000000 0.000000
 1.097500 0.000000 0.000000
 1.100000 0.000000 0.000000
 1.102500 0.000000 0.000000
 1.105000 0.000000 0.000000
 1.107500 0.000000 0.000000
 1.110000 0.000000 0.000000
 1.112500 0.000000 0.000000
 1.115000 0.000000 0.000000
 1.117500 0.000000 0.000000
 1.120000 0.000000 0.000000
 1.122500 0.000000 0.000000
 1.125000 0.000000 0.000000
 1.127500 0.000000 0.000000
 1.130000 0.000000 0.000000
 1.132500 0.000000 0.000000
 1.135000 0.000000 0.000000
 1.137500 0.000000 0.000000
 1.140000 0.000000 0.000000
 1.142500 0.000000 0.000000
 1.145000 0.000000 0.000000
 1.147500 0.000000 0.000000
 1.150000 0.000000 0.000000
 1.152500 0.000000 0.000000
 1.155000 0.000000 0.000000
 1.157500 0.000000 0.000000
 1.160000 0.000000 0.000000
 1.162500 0.000000 0.000000
 1.165000 0.000000 0.000000
 1.167500 0.000000 0.000000
 1.170000 0.000000 0.000000
 1.172500 0.000000 0.000000
 1.175000 0.000000 0.000000
 1.177500 0.000000 0.000000
 1.180000 0.000000 0.000000
 1.182500 0.000000 0.000000
 1.185000 0.000000 0.000000
 1.187500 0.000000 0.000000
 1.190000 0.000000 0.000000
 1.192500 0.000000 0.000000
 1.195000 0.000000 0.000000
 1.197500 0.000000 0.000000
 1.200000 0.000000 0.000000
 1.202500 0.000000 0.000000
 1.205000 0.000000 0.000000
 1.207500 0.000000 0.000000
 1.210000 0.000000 0.000000
 1.212500 0.000000 0.000000
 1.215000 0.000000 0.000000
 1.217500 0.000000 0.000000
 1.220000 0.000000 0.000000
 1.222500 0.000000 0.000000
 1.225000 0.000000 0.000000
 1.227500 0.000000 0.000000
 1.230000 0.000000 0.000000
 1.232500 0.000000 0.000000
 1.235000 0.000000 0.000000
 1.237500 0.000000 0.000000
 1.240000 0.000000 0.000000
 1.242500 0.000000 0.000000
 1.245000 0.000000 0.000000
 1.247500 0.000000 0.000000
 1.250000 0.000000 0.000000
 1.252500 0.000000 0.000000
 1.255000 0.000000 0.000000
 1.257500 0.000000 0.000000
 1.260000 0.000000 0.000000
 1.262500 0.000000 0.000000
 1.265000 0.000000 0.000000
 1.267500 0.000000 0.000000
 1.270000 0.000000 0.000000
 1.272500 0.000000 0.000000
 1.275000 0.000000 0.000000
 1.277500 0.000000 0.000000
 1.280000 0.000000 0.000000
 1.282500 0.000000 0.000000
 1.285000 0.000000 0.000000
 1.287500 0.000000 0.000000
 1.290000 0.000000 0.000000
 1.292500 0.000000 0.000000
 1.295000 0.000000 0.000000
 1.297500 0.000000 0.000000
 1.300000 0.000000 0.000000
 1.302500 0.000000 0.000000
 1.305000 0.000000 0.000000
 1.307500 0.000000 0.000000
 1.310000 0.000000 0.000000
 1.312500 0.000000 0.000000
 1.315000 0.000000 0.000000
 1.317500 0.000000 0.000000
 1.320000 0.000000 0.000000
 1.322500 0.000000 0.000000
 1.325000 0.000000 0.000000
 1.327500 0.000000 0.000000
 1.330000 0.000000 0.000000
 1.332500 0.000000 0.000000
 1.335000 0.000000 0.000000
 1.337500 0.000000 0.000000
 1.340000 0.000000 0.000000
 1.342500 0.000000 0.000000
 1.345000 0.000000 0.000000
 1.347500 0.000000 0.000000
 1.350000 0.000000 0.000000
 1.352500 0.000000 0.000000
 1.355000 0.000000 0.000000
 1.357500 0.000000 0.000000
 1.360000 0.000000 0.000000
 1.362500 0.000000 0.000000
 1.365000 0.000000 0.000000
 1.367500 0.000000 0.000000
 1.370000 0.000000 0.000000
 1.372500 0.000000 0.000000
 1.375000 0.000000 0.000000
 1.377500 0.000000 0.000000
 1.380000 0.000000 0.000000
 1.382500 0.000000 0.000000
 1.385000 0.000000 0.000000
 1.387500 0.000000 0.000000
 1.390000 0.000000 0.000000
 1.392500 0.000000 0.000000
 1.395000 0.000000 0.000000
 1.397500 0.000000 0.000000
 1.400000 0.000000 0.000000
 1.402500 0.000000 0.000000
 1.405000 0.000000 0.000000
 1.407500 0.000000 0.000000
 1.410000 0.000000 0.000000
 1.412500 0.000000 0.000000
 1.415000 0.000000 0.000000
 1.417500 0.000000 0.000000
 1.420000 0.000000 0.000000
 1.422500 0.000000 0.000000
 1.425000 0.000000 0.000000
 1.427500 0.000000 0.000000
 1.430000 0.000000 0.000000
 1.432500 0.000000 0.000000
 1.435000 0.000000 0.000000
 1.437500 0.000000 0.000000
 1.440000 0.000000 0.000000
 1.442500 0.000000 0.000000
 1.445000 0.000000 0.000000
 1.447500 0.000000 0.000000
 1.450000 0.000000 0.000000
 1.452500 0.000000 0.000000
 1.455000 0.000000 0.000000
 1.457500 0.000000 0.000000
 1.460000 0.000000 0.000000
 1.462500 0.000000 0.000000
 1.465000 0.000000 0.000000
 1.467500 0.000000 0.000000
 1.470000 0.000000 0.000000
 1.472500 0.000000 0.000000
 1.475000 0.000000 0.000000
 1.477500 0.000000 0.000000
 1.480000 0.000000 0.000000
 1.482500 0.000000 0.000000
 1.485000 0.000000 0.000000
 1.487500 0.000000 0.000000
 1.490000 0.000000 0.000000
 1.492500 0.000000 0.000000
 1.495000 0.000000 0.000000
 1.497500 0.000000 0.000000
 1.500000 0.000000 0.000000
 1.502500 0.000000 0.000000
 1.505000 0.000000 0.000000
 1.507500 0.000000 0.000000
 1.510000 0.000000 0.000000
 1.512500 0.000000 0.000000
 1.515000 0.000000 0.000000
 1.517500 0.000000 0.000000
 1.520000 0.000000 0.000000
 1.522500 0.000000 0.000000
 1.525000 0.000000 0.000000
 1.527500 0.000000 0.000000
 1.530000 0.000000 0.000000
 1.532500 0.000000 0.000000
 1.535000 0.000000 0.000000
 1.537500 0.000000 0.000000
 1.540000 0.000000 0.000000
 1.542500 0.000000 0.000000
 1.545000 0.000000 0.000000
 1.547500 0.000000 0.000000
 1.550000 0.000000 0.000000
 1.552500 0.000000 0.000000
 1.555000 0.000000 0.000000
 1.557500 0.000000 0.000000
 1.560000 0.000000 0.000000
 1.562500 0.000000 0.000000
 1.565000 0.000000 0.000000
 1.567500 0.000000 0.000000
 1.570000 0.000000 0.000000
 1.572500 0.000000 0.000000
 1.575000 0.000000 0.000000
 1.577500 0.000000 0.000000
 1.580000 0.000000 0.000000
 1.582500 0.000000 0.000000
 1.585000 0.000000 0.000000
 1.587500 0.000000 0.000000
 1.590000 0.000000 0.000000
 1.592500 0.000000 0.000000
 1.595000 0.000000 0.000000
 1.597500 0.000000 0.000000
 1.600000 0.000000 0.000000
 1.602500 0.000000 0.000000
 1.605000 0.000000 0.000000
 1.607500 0.000000 0.000000
 1.610000 0.000000 0.000000
 1.612500 0.000000 0.000000
 1.615000 0.000000 0.000000
 1.617500 0.000000 0.000000
 1.620000 0.000000 0.000000
 1.622500 0.000000 0.000000
 1.625000 0.000000 0.000000
 1.627500 0.000000 0.000000
 1.630000 0.000000 0.000000
 1.632500 0.000000 0.000000
 1.635000 0.000000 0.000000
 1.637500 0.000000 0.000000
 1.640000 0.000000 0.000000
 1.642500 0.000000 0.000000
 1.645000 0.000000 0.000000
 1.647500 0.000000 0.000000
 1.650000 0.000000 0.000000
 1.652500 0.000000 0.000000
 1.655000 0.000000 0.000000
 1.657500 0.000000 0.000000
 1.660000 0.000000 0.000000
 1.662500 0.000000 0.000000
 1.665000 0.000000 0.000000
 1.667500 0.000000 0.000000
 1.670000 0.000000 0.000000
 1.672500 0.000000 0.000000
 1.675000 0.000000 0.000000
 1.677500 0.000000 0.000000
 1.680000 0.000000 0.000000
 1.682500 0.000000 0.000000
 1.685000 0.000000 0.000000
 1.687500 0.000000 0.000000
 1.690000 0.000000 0.000000
 1.692500 0.000000 0.000000
 1.695000 0.000000 0.000000
 1.697500 0.000000 0.000000
 1.700000 0.000000 0.000000
 1.702500 0.000000 0.000000
 1.705000 0.000000 0.000000
 1.707500 0.000000 0.000000
 1.710000 0.000000 0.000000
 1.712500 0.000000 0.000000
 1.715000 0.000000 0.000000
 1.717500 0.000000 0.000000
 1.720000 0.000000 0.000000
 1.722500 0.000000 0.000000
 1.725000 0.000000 0.000000
 1.727500 0.000000 0.000000
 1.730000 0.000000 0.000000
 1.732500 0.000000 0.000000
 1.735000 0.000000 0.000000
 1.737500 0.000000 0.000000
 1.740000 0.000000 0.000000
 1.742500 0.000000 0.000000
 1.745000 0.000000 0.000000
 1.747500 0.000000 0.000000
 1.750000 0.000000 0.000000
 1.752500 0.000000 0.000000
 1.755000 0.000000 0.000000
 1.757500 0.000000 0.000000
 1.760000 0.000000 0.000000
 1.762500 0.000000 0.000000
 1.765000 0.000000 0.000000
 1.767500 0.000000 0.000000
 1.770000 0.000000 0.000000
 1.772500 0.000000 0.000000
 1.775000 0.000000 0.000000
 1.777500 0.000000 0.000000
 1.780000 0.000000 0.000000
 1.782500 0.000000 0.000000
 1.785000 0.000000 0.000000
 1.787500 0.000000 0.000000
 1.790000 0.000000 0.000000
 1.792500 0.000000 0.000000
 1.795000 0.000000 0.000000
 1.797500 0.000000 0.000000
 1.800000 0.000000 0.000000
 1.802500 0.000000 0.000000
 1.805000 0.000000 0.000000
 1.807500 0.000000 0.000000
 1.810000 0.000000 0.000000
 1.812500 0.000000 0.000000
 1.815000 0.000000 0.000000
 1.817500 0.000000 0.000000
 1.820000 0.000000 0.000000
 1.822500 0.000000 0.000000
 1.825000 0.000000 0.000000
 1.827500 0.000000 0.000000
 1.830000 0.000000 0.000000
 1.832500 0.000000 0.000000
 1.835000 0.000000 0.000000
 1.837500 0.000000 0.000000
 1.840000 0.000000 0.000000
 1.842500 0.000000 0.000000
 1.845000 0.000000 0.000000
 1.847500 0.000000 0.000000
 1.850000 0.000000 0.000000
 1.852500 0.000000 0.000000
 1.855000 0.000000 0.000000
 1.857500 0.000000 0.000000
 1.860000 0.000000 0.000000
 1.862500 0.000000 0.000000
 1.865000 0.000000 0.000000
 1.867500 0.000000 0.000000
 1.870000 0.000000 0.000000
 1.872500 0.000000 0.000000
 1.875000 0.000000 0.000000
 1.877500 0.000000 0.000000
 1.880000 0.000000 0.000000
 1.882500 0.000000 0.000000
 1.885000 0.000000 0.000000
 1.887500 0.000000 0.000000
 1.890000 0.000000 0.000000
 1.892500 0.000000 0.000000
 1.895000 0.000000 0.000000
 1.897500 0.000000 0.000000
 1.900000 0.000000 0.000000
 1.902500 0.000000 0.000000
 1.905000 0.000000 0.000000
 1.907500 0.000000 0.000000
 1.910000 0.000000 0.000000
 1.912500 0.000000 0.000000
 1.915000 0.000000 0.000000
 1.917500 0.000000 0.000000
 1.920000 0.000000 0.000000
 1.922500 0.000000 0.000000
 1.925000 0.000000 0.000000
 1.927500 0.000000 0.000000
 1.930000 0.000000 0.000000
 1.932500 0.000000 0.000000
 1.935000 0.000000 0.000000
 1.937500 0.000000 0.000000
 1.940000 0.000000 0.000000
 1.942500 0.000000 0.000000
 1.945000 0.000000 0.000000
 1.947500 0.000000 0.000000
 1.950000 0.000000 0.000000
 1.952500 0.000000 0.000000
 1.955000 0.000000 0.000000
 1.957500 0.000000 0.000000
 1.960000 0.000000 0.000000
 1.962500 0.000000 0.000000
 1.965000 0.000000 0.000000
 1.967500 0.000000 0.000000
 1.970000 0.000000 0.000000
 1.972500 0.000000 0.000000
 1.975000 0.000000 0.000000
 1.977500 0.000000 0.000000
 1.980000 0.000000 0.000000
 1.982500 0.000000 0.000000
 1.985000 0.000000 0.000000
 1.987500 0.000000 0.000000
 1.990000 0.000000 0.000000
 1.992500 0.000000 0.000000
 1.995000 0.000000 0.000000
 1.997500 0.000000 0.000000
 2.000000 0.000000 0.000000
