# Time-averaged data for fix AVG
# TimeStep v_Vol v_H
11000000 8.47886 1.04341
11001000 8.48856 -4.56569
11002000 8.43351 -4.33017
11003000 8.42455 -4.28188
11004000 8.49106 -4.54533
11005000 8.47258 -4.4909
11006000 8.42778 -4.34986
11007000 8.45642 -4.43588
11008000 8.52111 -4.59531
11009000 8.48002 -4.50144
11010000 8.45263 -4.41658
11011000 8.46928 -4.50043
11012000 8.47919 -4.34755
11013000 8.46155 -4.40709
11014000 8.44255 -4.37213
11015000 8.41713 -4.29518
11016000 8.4248 -4.36146
11017000 8.46497 -4.43623
11018000 8.41998 -4.32662
11019000 8.46362 -4.53024
11020000 8.50472 -4.54972
11021000 8.42902 -4.3388
11022000 8.40221 -4.27617
11023000 8.41134 -4.27836
11024000 8.50389 -4.42445
11025000 8.4888 -4.42609
11026000 8.40838 -4.23452
11027000 8.4792 -4.45362
11028000 8.45066 -4.39932
11029000 8.42337 -4.34968
11030000 8.47261 -4.44267
11031000 8.48588 -4.51993
11032000 8.51632 -4.57305
11033000 8.4715 -4.46724
11034000 8.43057 -4.34494
11035000 8.49129 -4.53039
11036000 8.44716 -4.46186
11037000 8.43172 -4.36679
11038000 8.47609 -4.52386
11039000 8.49399 -4.54311
11040000 8.43171 -4.35321
11041000 8.45898 -4.4149
11042000 8.50928 -4.57795
11043000 8.50077 -4.48995
11044000 8.41628 -4.27631
11045000 8.47447 -4.53684
11046000 8.44737 -4.3631
11047000 8.4328 -4.35729
11048000 8.50337 -4.51149
11049000 8.47404 -4.45759
11050000 8.42311 -4.337
11051000 8.47322 -4.47131
11052000 8.4486 -4.44201
11053000 8.43489 -4.3914
11054000 8.47637 -4.44213
11055000 8.41684 -4.3094
11056000 8.50285 -4.5301
11057000 8.46356 -4.4106
11058000 8.41717 -4.22429
11059000 8.44039 -4.32429
11060000 8.47424 -4.52436
11061000 8.42097 -4.29412
11062000 8.41397 -4.24785
11063000 8.44753 -4.26751
11064000 8.42189 -4.3403
11065000 8.48058 -4.601
11066000 8.43332 -4.2946
11067000 8.39046 -4.28566
11068000 8.45889 -4.42327
11069000 8.44258 -4.45659
11070000 8.45268 -4.42636
11071000 8.42298 -4.35665
11072000 8.44312 -4.32552
11073000 8.46537 -4.54309
11074000 8.42493 -4.43404
11075000 8.43268 -4.43099
11076000 8.45015 -4.43603
11077000 8.41389 -4.35493
11078000 8.45602 -4.38488
11079000 8.45087 -4.394
11080000 8.48659 -4.42808
11081000 8.43775 -4.44722
11082000 8.4933 -4.54922
11083000 8.41331 -4.35864
11084000 8.43932 -4.30443
11085000 8.46123 -4.41365
11086000 8.42672 -4.37687
11087000 8.38766 -4.30091
11088000 8.48314 -4.51
11089000 8.40093 -4.34139
11090000 8.41248 -4.29559
11091000 8.46721 -4.57404
11092000 8.42445 -4.30139
11093000 8.42908 -4.34272
11094000 8.49898 -4.53982
11095000 8.43281 -4.43538
11096000 8.45634 -4.40568
11097000 8.43113 -4.44706
11098000 8.42646 -4.40903
11099000 8.48196 -4.57213
11100000 8.44292 -4.40324
11101000 8.38029 -4.19299
11102000 8.46791 -4.4692
11103000 8.4536 -4.41606
11104000 8.45913 -4.48204
11105000 8.48365 -4.47022
11106000 8.4678 -4.43431
11107000 8.44989 -4.47012
11108000 8.45292 -4.37602
11109000 8.44813 -4.40209
11110000 8.44657 -4.37923
11111000 8.43527 -4.33583
11112000 8.46446 -4.48267
11113000 8.4801 -4.4803
11114000 8.41596 -4.307
11115000 8.49226 -4.5098
11116000 8.39037 -4.31057
11117000 8.44558 -4.45578
11118000 8.47207 -4.57388
11119000 8.39955 -4.28148
11120000 8.43287 -4.37458
11121000 8.42992 -4.31535
11122000 8.42562 -4.25597
11123000 8.51502 -4.57711
11124000 8.43675 -4.41852
11125000 8.45979 -4.42213
11126000 8.45334 -4.46886
11127000 8.42345 -4.33489
11128000 8.47104 -4.43963
11129000 8.4081 -4.16849
11130000 8.41378 -4.37767
11131000 8.43129 -4.34614
11132000 8.46173 -4.41727
11133000 8.43636 -4.33822
11134000 8.44083 -4.42257
11135000 8.41362 -4.33604
11136000 8.4496 -4.38867
11137000 8.43227 -4.37194
11138000 8.45518 -4.52938
11139000 8.44968 -4.48499
11140000 8.44084 -4.38601
11141000 8.42988 -4.33442
11142000 8.43953 -4.36581
11143000 8.44738 -4.386
11144000 8.42078 -4.31158
11145000 8.45797 -4.39439
11146000 8.4831 -4.47412
11147000 8.43332 -4.39032
11148000 8.37296 -4.20155
11149000 8.43557 -4.30595
11150000 8.45004 -4.40727
11151000 8.44406 -4.34095
11152000 8.48241 -4.5552
11153000 8.48518 -4.45006
11154000 8.39588 -4.23252
11155000 8.43038 -4.45283
11156000 8.41909 -4.39505
11157000 8.4446 -4.39278
11158000 8.41235 -4.42045
11159000 8.45008 -4.40499
11160000 8.43621 -4.36907
11161000 8.41525 -4.39417
11162000 8.49673 -4.52158
11163000 8.47359 -4.56831
11164000 8.43256 -4.37037
11165000 8.42327 -4.38387
11166000 8.50357 -4.53585
11167000 8.43758 -4.36607
11168000 8.41755 -4.24975
11169000 8.47345 -4.39359
11170000 8.41814 -4.30902
11171000 8.46037 -4.41256
11172000 8.43259 -4.36332
11173000 8.39621 -4.31096
11174000 8.47087 -4.5487
11175000 8.45854 -4.50758
11176000 8.42698 -4.41674
11177000 8.44699 -4.45512
11178000 8.44253 -4.3978
11179000 8.47042 -4.47723
11180000 8.38514 -4.18016
11181000 8.42227 -4.34315
11182000 8.43587 -4.34153
11183000 8.45862 -4.47435
11184000 8.39116 -4.28486
11185000 8.45495 -4.3525
11186000 8.47223 -4.4658
11187000 8.41906 -4.33231
11188000 8.46315 -4.41522
11189000 8.4372 -4.40456
11190000 8.46515 -4.36948
11191000 8.4423 -4.3256
11192000 8.36783 -4.11422
11193000 8.45967 -4.41024
11194000 8.46274 -4.37604
11195000 8.42414 -4.23904
11196000 8.44374 -4.39145
11197000 8.4352 -4.27289
11198000 8.4399 -4.2654
11199000 8.42413 -4.27048
11200000 8.47072 -4.46253
11201000 8.42278 -4.33465
11202000 8.43275 -4.4241
11203000 8.43459 -4.40968
11204000 8.45448 -4.38074
11205000 8.44185 -4.43787
11206000 8.45283 -4.42957
11207000 8.42207 -4.38604
11208000 8.44662 -4.37652
11209000 8.43296 -4.35317
11210000 8.43961 -4.38798
11211000 8.46218 -4.366
11212000 8.45621 -4.45018
11213000 8.45619 -4.43134
11214000 8.42395 -4.32846
11215000 8.45562 -4.52603
11216000 8.46459 -4.41909
11217000 8.44625 -4.40012
11218000 8.41948 -4.30224
11219000 8.45267 -4.44565
11220000 8.47474 -4.547
11221000 8.40002 -4.20239
11222000 8.3841 -4.23423
11223000 8.49376 -4.47762
11224000 8.40146 -4.18509
11225000 8.43291 -4.37484
11226000 8.46468 -4.38209
11227000 8.50335 -4.47191
11228000 8.50646 -4.51118
11229000 8.43586 -4.34948
11230000 8.44112 -4.41083
11231000 8.49509 -4.49892
11232000 8.36801 -4.20626
11233000 8.42304 -4.37891
11234000 8.4777 -4.5199
11235000 8.43597 -4.37915
11236000 8.43531 -4.35093
11237000 8.48236 -4.56432
11238000 8.46398 -4.43497
11239000 8.46847 -4.54087
11240000 8.46341 -4.43704
11241000 8.44362 -4.44441
11242000 8.48898 -4.5676
11243000 8.40915 -4.25304
11244000 8.46489 -4.45084
11245000 8.48311 -4.48701
11246000 8.40724 -4.287
11247000 8.42371 -4.34093
11248000 8.48864 -4.46295
11249000 8.4793 -4.46422
11250000 8.44677 -4.26833
