#! FIELDS time refcv.mean refcv.morethan uwall.bias uwall.force2 lwall.bias lwall.force2 refcv2.mean refcv2.morethan
 0.000000 0.786525 391.420534 0.000000 0.000000 0.000000 0.000000 0.786525 406.000000
 1.000000 0.776041 378.302978 0.000000 0.000000 0.000000 0.000000 0.776041 409.000000
 2.000000 0.774691 373.876290 0.000000 0.000000 0.000000 0.000000 0.774691 404.000000
 3.000000 0.780707 387.821880 0.000000 0.000000 0.000000 0.000000 0.780707 414.000000
 4.000000 0.780945 386.953647 0.000000 0.000000 0.000000 0.000000 0.780945 417.000000
 5.000000 0.785585 392.239709 0.000000 0.000000 0.000000 0.000000 0.785585 416.000000
 6.000000 0.783707 388.607405 0.000000 0.000000 0.000000 0.000000 0.783707 420.000000
 7.000000 0.784471 387.171818 0.000000 0.000000 0.000000 0.000000 0.784471 417.000000
 8.000000 0.788201 395.376990 0.000000 0.000000 0.000000 0.000000 0.788201 421.000000
 9.000000 0.785832 391.859326 0.000000 0.000000 0.000000 0.000000 0.785832 413.000000
 10.000000 0.782564 390.049110 0.000000 0.000000 0.000000 0.000000 0.782564 418.000000
 11.000000 0.780752 382.755262 0.000000 0.000000 0.000000 0.000000 0.780752 412.000000
 12.000000 0.782014 388.038306 0.000000 0.000000 0.000000 0.000000 0.782014 420.000000
 13.000000 0.786678 392.710823 0.000000 0.000000 0.000000 0.000000 0.786678 414.000000
 14.000000 0.786614 391.844297 0.000000 0.000000 0.000000 0.000000 0.786614 408.000000
 15.000000 0.782512 388.998921 0.000000 0.000000 0.000000 0.000000 0.782512 417.000000
 16.000000 0.785578 390.936520 0.000000 0.000000 0.000000 0.000000 0.785578 412.000000
 17.000000 0.782342 382.621904 0.000000 0.000000 0.000000 0.000000 0.782342 411.000000
 18.000000 0.779693 383.972525 0.000000 0.000000 0.000000 0.000000 0.779693 413.000000
 19.000000 0.782397 384.228525 0.000000 0.000000 0.000000 0.000000 0.782397 410.000000
 20.000000 0.791189 397.069429 0.000000 0.000000 0.000000 0.000000 0.791189 415.000000
 21.000000 0.783355 387.408515 0.000000 0.000000 0.000000 0.000000 0.783355 413.000000
 22.000000 0.785913 394.008814 0.000000 0.000000 0.000000 0.000000 0.785913 416.869962
 23.000000 0.791383 396.274478 0.000000 0.000000 0.000000 0.000000 0.791383 411.000000
 24.000000 0.784299 384.759008 0.000000 0.000000 0.000000 0.000000 0.784299 412.000000
 25.000000 0.787633 390.079096 0.000000 0.000000 0.000000 0.000000 0.787633 413.000000
 26.000000 0.785023 388.452467 0.000000 0.000000 0.000000 0.000000 0.785023 416.000000
 27.000000 0.784607 381.109207 0.000000 0.000000 0.000000 0.000000 0.784607 405.000000
 28.000000 0.794670 402.483073 0.000000 0.000000 0.000000 0.000000 0.794670 418.000000
 29.000000 0.787290 389.268693 0.000000 0.000000 0.000000 0.000000 0.787290 411.000000
 30.000000 0.786573 384.546365 0.000000 0.000000 0.000000 0.000000 0.786573 405.000000
 31.000000 0.788055 394.118880 0.000000 0.000000 0.000000 0.000000 0.788055 413.000000
 32.000000 0.780512 382.686027 0.000000 0.000000 0.000000 0.000000 0.780512 409.000000
 33.000000 0.777816 376.645763 0.000000 0.000000 0.000000 0.000000 0.777816 397.000000
 34.000000 0.782048 379.909973 0.000000 0.000000 0.000000 0.000000 0.782048 408.000000
 35.000000 0.787787 390.619160 0.000000 0.000000 0.000000 0.000000 0.787787 410.000000
 36.000000 0.781899 380.846492 0.000000 0.000000 0.000000 0.000000 0.781899 405.000000
 37.000000 0.780734 382.125413 0.000000 0.000000 0.000000 0.000000 0.780734 406.000000
 38.000000 0.778742 374.993536 0.000000 0.000000 0.000000 0.000000 0.778742 398.000000
 39.000000 0.774679 373.690649 0.000000 0.000000 0.000000 0.000000 0.774679 403.000000
 40.000000 0.774857 369.852789 0.000000 0.000000 0.000000 0.000000 0.774857 391.000000
 41.000000 0.777914 379.418111 0.000000 0.000000 0.000000 0.000000 0.777914 405.000000
 42.000000 0.774034 364.991104 0.000000 0.000000 0.000000 0.000000 0.774034 387.000000
 43.000000 0.781948 382.488553 0.000000 0.000000 0.000000 0.000000 0.781948 401.000000
 44.000000 0.782160 385.082253 0.000000 0.000000 0.000000 0.000000 0.782160 408.000000
 45.000000 0.779169 382.354202 0.000000 0.000000 0.000000 0.000000 0.779169 409.000000
 46.000000 0.782475 386.692053 0.000000 0.000000 0.000000 0.000000 0.782475 409.000000
 47.000000 0.774023 375.174950 0.000000 0.000000 0.000000 0.000000 0.774023 408.000000
 48.000000 0.776667 377.057280 0.000000 0.000000 0.000000 0.000000 0.776667 407.000000
 49.000000 0.782917 387.515293 0.000000 0.000000 0.000000 0.000000 0.782917 411.000000
 50.000000 0.775309 381.530050 0.000000 0.000000 0.000000 0.000000 0.775309 409.000000
 51.000000 0.774134 377.461389 0.000000 0.000000 0.000000 0.000000 0.774134 399.000000
 52.000000 0.777405 374.600332 0.000000 0.000000 0.000000 0.000000 0.777405 399.000000
 53.000000 0.770478 367.880325 0.000000 0.000000 0.000000 0.000000 0.770478 398.000000
 54.000000 0.778665 380.575877 0.000000 0.000000 0.000000 0.000000 0.778665 407.000000
 55.000000 0.773688 371.198398 0.000000 0.000000 0.000000 0.000000 0.773688 399.000000
 56.000000 0.766100 361.602857 0.000000 0.000000 0.000000 0.000000 0.766100 392.000000
 57.000000 0.763550 354.684782 0.000000 0.000000 0.000000 0.000000 0.763550 396.000000
 58.000000 0.782484 383.333446 0.000000 0.000000 0.000000 0.000000 0.782484 400.000000
 59.000000 0.772154 370.627643 0.000000 0.000000 0.000000 0.000000 0.772154 395.000000
 60.000000 0.770306 360.962489 0.000000 0.000000 0.000000 0.000000 0.770306 392.000000
 61.000000 0.772249 362.176501 0.000000 0.000000 0.000000 0.000000 0.772249 393.000000
 62.000000 0.779128 379.895137 0.000000 0.000000 0.000000 0.000000 0.779128 408.000000
 63.000000 0.780855 381.704362 0.000000 0.000000 0.000000 0.000000 0.780855 410.000000
 64.000000 0.780723 377.091982 0.000000 0.000000 0.000000 0.000000 0.780723 394.000000
 65.000000 0.773251 368.609847 0.000000 0.000000 0.000000 0.000000 0.773251 393.000000
 66.000000 0.775760 369.635899 0.000000 0.000000 0.000000 0.000000 0.775760 391.000000
 67.000000 0.770697 362.822312 0.000000 0.000000 0.000000 0.000000 0.770697 384.000000
 68.000000 0.775260 370.340466 0.000000 0.000000 0.000000 0.000000 0.775260 395.000000
 69.000000 0.772596 364.235612 0.000000 0.000000 0.000000 0.000000 0.772596 388.000000
 70.000000 0.774444 373.372767 0.000000 0.000000 0.000000 0.000000 0.774444 394.000000
 71.000000 0.780778 379.705635 0.000000 0.000000 0.000000 0.000000 0.780778 407.000000
 72.000000 0.784174 384.033702 0.000000 0.000000 0.000000 0.000000 0.784174 407.000000
 73.000000 0.776059 374.155080 0.000000 0.000000 0.000000 0.000000 0.776059 402.000000
 74.000000 0.780450 374.469051 0.000000 0.000000 0.000000 0.000000 0.780450 393.000000
 75.000000 0.780287 372.594937 0.000000 0.000000 0.000000 0.000000 0.780287 391.000000
 76.000000 0.774359 367.365708 0.000000 0.000000 0.000000 0.000000 0.774359 393.000000
 77.000000 0.779271 376.855521 0.000000 0.000000 0.000000 0.000000 0.779271 396.000000
 78.000000 0.781130 378.073562 0.000000 0.000000 0.000000 0.000000 0.781130 397.000000
 79.000000 0.780650 376.953083 0.000000 0.000000 0.000000 0.000000 0.780650 402.000000
 80.000000 0.781619 379.306206 0.000000 0.000000 0.000000 0.000000 0.781619 401.000000
 81.000000 0.786603 386.829699 0.000000 0.000000 0.000000 0.000000 0.786603 410.000000
 82.000000 0.789925 396.659026 0.000000 0.000000 0.000000 0.000000 0.789925 424.000000
 83.000000 0.780064 375.342273 0.000000 0.000000 0.000000 0.000000 0.780064 402.000000
 84.000000 0.782722 381.986113 0.000000 0.000000 0.000000 0.000000 0.782722 407.000000
 85.000000 0.783312 384.447580 0.000000 0.000000 0.000000 0.000000 0.783312 414.000000
 86.000000 0.778325 374.881152 0.000000 0.000000 0.000000 0.000000 0.778325 405.000000
 87.000000 0.781027 378.900579 0.000000 0.000000 0.000000 0.000000 0.781027 406.000000
 88.000000 0.780020 380.805031 0.000000 0.000000 0.000000 0.000000 0.780020 414.000000
 89.000000 0.789109 388.837499 0.000000 0.000000 0.000000 0.000000 0.789109 415.000000
 90.000000 0.785108 386.305252 0.000000 0.000000 0.000000 0.000000 0.785108 409.000000
 91.000000 0.781797 381.222955 0.000000 0.000000 0.000000 0.000000 0.781797 414.000000
 92.000000 0.772239 367.332452 0.000000 0.000000 0.000000 0.000000 0.772239 403.000000
 93.000000 0.784827 383.798942 0.000000 0.000000 0.000000 0.000000 0.784827 399.000000
 94.000000 0.775829 368.651194 0.000000 0.000000 0.000000 0.000000 0.775829 395.000000
 95.000000 0.783044 382.733545 0.000000 0.000000 0.000000 0.000000 0.783044 411.000000
 96.000000 0.779524 380.340951 0.000000 0.000000 0.000000 0.000000 0.779524 401.000000
 97.000000 0.786001 389.707457 0.000000 0.000000 0.000000 0.000000 0.786001 406.000000
 98.000000 0.780911 381.647124 0.000000 0.000000 0.000000 0.000000 0.780911 411.000000
 99.000000 0.772567 371.642123 0.000000 0.000000 0.000000 0.000000 0.772567 399.000000
 100.000000 0.779092 379.146377 0.000000 0.000000 0.000000 0.000000 0.779092 408.000000
 101.000000 0.774835 368.241486 0.000000 0.000000 0.000000 0.000000 0.774835 388.000000
 102.000000 0.774309 369.380813 0.000000 0.000000 0.000000 0.000000 0.774309 395.000000
 103.000000 0.772742 367.408161 0.000000 0.000000 0.000000 0.000000 0.772742 394.000000
 104.000000 0.776967 374.218834 0.000000 0.000000 0.000000 0.000000 0.776967 398.000000
 105.000000 0.771029 361.181579 0.000000 0.000000 0.000000 0.000000 0.771029 388.000000
 106.000000 0.772463 360.689287 0.000000 0.000000 0.000000 0.000000 0.772463 391.000000
 107.000000 0.770082 362.984963 0.000000 0.000000 0.000000 0.000000 0.770082 394.000000
 108.000000 0.776082 370.469803 0.000000 0.000000 0.000000 0.000000 0.776082 395.000000
 109.000000 0.778796 374.335273 0.000000 0.000000 0.000000 0.000000 0.778796 400.000000
 110.000000 0.777772 374.682639 0.000000 0.000000 0.000000 0.000000 0.777772 396.000000
 111.000000 0.780245 379.695832 0.000000 0.000000 0.000000 0.000000 0.780245 404.000000
 112.000000 0.774352 371.213660 0.000000 0.000000 0.000000 0.000000 0.774352 395.000000
 113.000000 0.775792 371.812013 0.000000 0.000000 0.000000 0.000000 0.775792 398.000000
 114.000000 0.776807 373.474473 0.000000 0.000000 0.000000 0.000000 0.776807 398.000000
 115.000000 0.783815 385.431182 0.000000 0.000000 0.000000 0.000000 0.783815 402.000000
 116.000000 0.772468 369.080245 0.000000 0.000000 0.000000 0.000000 0.772468 390.000000
 117.000000 0.768102 358.820289 0.000000 0.000000 0.000000 0.000000 0.768102 385.000000
 118.000000 0.776086 372.600777 0.000000 0.000000 0.000000 0.000000 0.776086 395.000000
 119.000000 0.778592 373.198118 0.000000 0.000000 0.000000 0.000000 0.778592 396.000000
 120.000000 0.782419 383.218968 0.000000 0.000000 0.000000 0.000000 0.782419 401.000000
 121.000000 0.780301 377.929178 0.000000 0.000000 0.000000 0.000000 0.780301 398.000000
 122.000000 0.780093 375.464350 0.000000 0.000000 0.000000 0.000000 0.780093 399.000000
 123.000000 0.780600 375.388508 0.000000 0.000000 0.000000 0.000000 0.780600 398.000000
 124.000000 0.772846 362.248813 0.000000 0.000000 0.000000 0.000000 0.772846 386.000000
 125.000000 0.772807 360.656378 0.000000 0.000000 0.000000 0.000000 0.772807 380.000000
 126.000000 0.773602 364.169230 0.000000 0.000000 0.000000 0.000000 0.773602 396.000000
 127.000000 0.775923 370.850347 0.000000 0.000000 0.000000 0.000000 0.775923 390.000000
 128.000000 0.776834 368.347406 0.000000 0.000000 0.000000 0.000000 0.776834 393.000000
 129.000000 0.776084 370.849231 0.000000 0.000000 0.000000 0.000000 0.776084 400.000000
 130.000000 0.778614 374.240096 0.000000 0.000000 0.000000 0.000000 0.778614 403.000000
 131.000000 0.774193 370.677339 0.000000 0.000000 0.000000 0.000000 0.774193 402.000000
 132.000000 0.776436 375.110995 0.000000 0.000000 0.000000 0.000000 0.776436 405.000000
 133.000000 0.779254 380.214141 0.000000 0.000000 0.000000 0.000000 0.779254 399.000000
 134.000000 0.788600 390.905230 0.000000 0.000000 0.000000 0.000000 0.788600 410.000000
 135.000000 0.784449 384.987789 0.000000 0.000000 0.000000 0.000000 0.784449 401.000000
 136.000000 0.779690 377.864398 0.000000 0.000000 0.000000 0.000000 0.779690 404.000000
 137.000000 0.770217 361.880817 0.000000 0.000000 0.000000 0.000000 0.770217 389.000000
 138.000000 0.776546 373.276328 0.000000 0.000000 0.000000 0.000000 0.776546 398.000000
 139.000000 0.777505 370.560248 0.000000 0.000000 0.000000 0.000000 0.777505 396.000000
 140.000000 0.778913 379.270927 0.000000 0.000000 0.000000 0.000000 0.778913 402.000000
 141.000000 0.770960 366.852594 0.000000 0.000000 0.000000 0.000000 0.770960 392.000000
 142.000000 0.769002 366.730005 0.000000 0.000000 0.000000 0.000000 0.769002 388.000000
 143.000000 0.772087 367.759790 0.000000 0.000000 0.000000 0.000000 0.772087 399.000000
 144.000000 0.772106 364.037494 0.000000 0.000000 0.000000 0.000000 0.772106 396.000000
 145.000000 0.764978 353.018131 0.000000 0.000000 0.000000 0.000000 0.764978 379.000000
 146.000000 0.769587 361.123780 0.000000 0.000000 0.000000 0.000000 0.769587 385.000000
 147.000000 0.766979 359.564725 0.000000 0.000000 0.000000 0.000000 0.766979 391.000000
 148.000000 0.775110 371.567999 0.000000 0.000000 0.000000 0.000000 0.775110 394.000000
 149.000000 0.772871 364.345305 0.000000 0.000000 0.000000 0.000000 0.772871 392.000000
 150.000000 0.762959 351.760161 0.000000 0.000000 0.000000 0.000000 0.762959 392.000000
 151.000000 0.776281 370.444696 0.000000 0.000000 0.000000 0.000000 0.776281 397.000000
 152.000000 0.769688 357.703265 0.000000 0.000000 0.000000 0.000000 0.769688 383.000000
 153.000000 0.776024 372.668937 0.000000 0.000000 0.000000 0.000000 0.776024 401.000000
 154.000000 0.770666 357.142863 0.000000 0.000000 0.000000 0.000000 0.770666 384.000000
 155.000000 0.769403 360.158930 0.000000 0.000000 0.000000 0.000000 0.769403 392.000000
 156.000000 0.776787 372.089431 0.000000 0.000000 0.000000 0.000000 0.776787 398.000000
 157.000000 0.766790 359.303852 0.000000 0.000000 0.000000 0.000000 0.766790 393.000000
 158.000000 0.772612 369.780893 0.000000 0.000000 0.000000 0.000000 0.772612 393.000000
 159.000000 0.777236 379.457086 0.000000 0.000000 0.000000 0.000000 0.777236 406.000000
 160.000000 0.776407 371.410274 0.000000 0.000000 0.000000 0.000000 0.776407 397.000000
 161.000000 0.780166 380.499372 0.000000 0.000000 0.000000 0.000000 0.780166 399.000000
 162.000000 0.777705 369.836925 0.000000 0.000000 0.000000 0.000000 0.777705 389.000000
 163.000000 0.775044 368.330247 0.000000 0.000000 0.000000 0.000000 0.775044 391.000000
 164.000000 0.781829 377.690254 0.000000 0.000000 0.000000 0.000000 0.781829 402.000000
 165.000000 0.773950 363.485774 0.000000 0.000000 0.000000 0.000000 0.773950 390.000000
 166.000000 0.779356 379.785651 0.000000 0.000000 0.000000 0.000000 0.779356 402.000000
 167.000000 0.775961 367.561815 0.000000 0.000000 0.000000 0.000000 0.775961 388.000000
 168.000000 0.776382 372.343620 0.000000 0.000000 0.000000 0.000000 0.776382 398.000000
 169.000000 0.775555 368.553823 0.000000 0.000000 0.000000 0.000000 0.775555 383.000000
 170.000000 0.779487 371.959921 0.000000 0.000000 0.000000 0.000000 0.779487 393.000000
 171.000000 0.774403 362.943493 0.000000 0.000000 0.000000 0.000000 0.774403 396.000000
 172.000000 0.779806 371.429666 0.000000 0.000000 0.000000 0.000000 0.779806 392.000000
 173.000000 0.777496 362.679222 0.000000 0.000000 0.000000 0.000000 0.777496 381.000000
 174.000000 0.780010 369.483504 0.000000 0.000000 0.000000 0.000000 0.780010 390.000000
 175.000000 0.774720 366.132506 0.000000 0.000000 0.000000 0.000000 0.774720 389.000000
 176.000000 0.781122 374.786004 0.000000 0.000000 0.000000 0.000000 0.781122 396.000000
 177.000000 0.782797 375.447488 0.000000 0.000000 0.000000 0.000000 0.782797 392.000000
 178.000000 0.781300 374.127272 0.000000 0.000000 0.000000 0.000000 0.781300 391.000000
 179.000000 0.780010 371.050793 0.000000 0.000000 0.000000 0.000000 0.780010 385.000000
 180.000000 0.783630 382.361212 0.000000 0.000000 0.000000 0.000000 0.783630 407.000000
 181.000000 0.778464 372.261881 0.000000 0.000000 0.000000 0.000000 0.778464 393.000000
 182.000000 0.779871 378.863560 0.000000 0.000000 0.000000 0.000000 0.779871 404.000000
 183.000000 0.775899 372.502384 0.000000 0.000000 0.000000 0.000000 0.775899 402.000000
 184.000000 0.783638 382.608581 0.000000 0.000000 0.000000 0.000000 0.783638 407.000000
 185.000000 0.777508 373.930966 0.000000 0.000000 0.000000 0.000000 0.777508 400.000000
 186.000000 0.775515 373.399329 0.000000 0.000000 0.000000 0.000000 0.775515 396.000000
 187.000000 0.776786 369.168413 0.000000 0.000000 0.000000 0.000000 0.776786 390.000000
 188.000000 0.769658 361.554629 0.000000 0.000000 0.000000 0.000000 0.769658 386.000000
 189.000000 0.775516 374.493019 0.000000 0.000000 0.000000 0.000000 0.775516 408.000000
 190.000000 0.773698 368.798191 0.000000 0.000000 0.000000 0.000000 0.773698 403.000000
 191.000000 0.773972 371.657187 0.000000 0.000000 0.000000 0.000000 0.773972 398.000000
 192.000000 0.776698 372.759001 0.000000 0.000000 0.000000 0.000000 0.776698 393.000000
 193.000000 0.780127 378.109730 0.000000 0.000000 0.000000 0.000000 0.780127 406.000000
 194.000000 0.784440 377.981228 0.000000 0.000000 0.000000 0.000000 0.784440 397.000000
 195.000000 0.778957 377.401941 0.000000 0.000000 0.000000 0.000000 0.778957 400.000000
 196.000000 0.778569 380.759615 0.000000 0.000000 0.000000 0.000000 0.778569 415.000000
 197.000000 0.782254 381.165445 0.000000 0.000000 0.000000 0.000000 0.782254 397.000000
 198.000000 0.781942 381.963349 0.000000 0.000000 0.000000 0.000000 0.781942 408.000000
 199.000000 0.773899 374.941532 0.000000 0.000000 0.000000 0.000000 0.773899 404.000000
 200.000000 0.772762 367.099898 0.000000 0.000000 0.000000 0.000000 0.772762 395.000000
 201.000000 0.774516 369.943297 0.000000 0.000000 0.000000 0.000000 0.774516 396.000000
 202.000000 0.780043 381.393093 0.000000 0.000000 0.000000 0.000000 0.780043 404.000000
 203.000000 0.777340 376.587981 0.000000 0.000000 0.000000 0.000000 0.777340 399.000000
 204.000000 0.779894 379.350736 0.000000 0.000000 0.000000 0.000000 0.779894 404.000000
 205.000000 0.775907 378.145264 0.000000 0.000000 0.000000 0.000000 0.775907 397.000000
 206.000000 0.783133 383.546460 0.000000 0.000000 0.000000 0.000000 0.783133 402.000000
 207.000000 0.774597 372.574622 0.000000 0.000000 0.000000 0.000000 0.774597 395.000000
 208.000000 0.783468 378.903212 0.000000 0.000000 0.000000 0.000000 0.783468 402.000000
 209.000000 0.781269 378.078681 0.000000 0.000000 0.000000 0.000000 0.781269 398.000000
 210.000000 0.772504 367.704240 0.000000 0.000000 0.000000 0.000000 0.772504 396.000000
 211.000000 0.775795 373.505023 0.000000 0.000000 0.000000 0.000000 0.775795 403.000000
 212.000000 0.768925 360.508430 0.000000 0.000000 0.000000 0.000000 0.768925 386.000000
 213.000000 0.769128 365.224138 0.000000 0.000000 0.000000 0.000000 0.769128 397.000000
 214.000000 0.770645 363.782297 0.000000 0.000000 0.000000 0.000000 0.770645 392.000000
 215.000000 0.783763 388.057313 0.000000 0.000000 0.000000 0.000000 0.783763 414.000000
 216.000000 0.776065 372.524355 0.000000 0.000000 0.000000 0.000000 0.776065 404.000000
 217.000000 0.776149 373.795149 0.000000 0.000000 0.000000 0.000000 0.776149 400.000000
 218.000000 0.782361 381.142145 0.000000 0.000000 0.000000 0.000000 0.782361 405.000000
 219.000000 0.778151 377.780587 0.000000 0.000000 0.000000 0.000000 0.778151 400.000000
 220.000000 0.785434 388.928225 0.000000 0.000000 0.000000 0.000000 0.785434 412.000000
 221.000000 0.785864 388.729914 0.000000 0.000000 0.000000 0.000000 0.785864 412.000000
 222.000000 0.784694 389.251165 0.000000 0.000000 0.000000 0.000000 0.784694 423.000000
 223.000000 0.786799 390.421830 0.000000 0.000000 0.000000 0.000000 0.786799 418.000000
 224.000000 0.793689 399.005317 0.000000 0.000000 0.000000 0.000000 0.793689 419.000000
 225.000000 0.779923 379.596716 0.000000 0.000000 0.000000 0.000000 0.779923 413.000000
 226.000000 0.780571 379.344152 0.000000 0.000000 0.000000 0.000000 0.780571 404.000000
 227.000000 0.783597 384.348781 0.000000 0.000000 0.000000 0.000000 0.783597 414.000000
 228.000000 0.782473 380.212944 0.000000 0.000000 0.000000 0.000000 0.782473 405.000000
 229.000000 0.780777 374.664917 0.000000 0.000000 0.000000 0.000000 0.780777 406.000000
 230.000000 0.783940 384.619753 0.000000 0.000000 0.000000 0.000000 0.783940 401.000000
 231.000000 0.782161 379.218262 0.000000 0.000000 0.000000 0.000000 0.782161 402.000000
 232.000000 0.787601 390.887987 0.000000 0.000000 0.000000 0.000000 0.787601 407.000000
 233.000000 0.779403 381.030106 0.000000 0.000000 0.000000 0.000000 0.779403 406.000000
 234.000000 0.788960 398.669727 0.000000 0.000000 0.000000 0.000000 0.788960 428.000000
 235.000000 0.790464 394.463158 0.000000 0.000000 0.000000 0.000000 0.790464 414.000000
 236.000000 0.789131 393.281867 0.000000 0.000000 0.000000 0.000000 0.789131 419.000000
 237.000000 0.790028 396.984767 0.000000 0.000000 0.000000 0.000000 0.790028 419.000000
 238.000000 0.785854 393.159500 0.000000 0.000000 0.000000 0.000000 0.785854 417.000000
 239.000000 0.786363 392.977235 0.000000 0.000000 0.000000 0.000000 0.786363 421.000000
 240.000000 0.776822 376.216519 0.000000 0.000000 0.000000 0.000000 0.776822 403.000000
 241.000000 0.772364 373.385175 0.000000 0.000000 0.000000 0.000000 0.772364 414.000000
 242.000000 0.781743 386.266585 0.000000 0.000000 0.000000 0.000000 0.781743 416.000000
 243.000000 0.786317 393.455806 0.000000 0.000000 0.000000 0.000000 0.786317 415.000000
 244.000000 0.787153 399.850612 0.000000 0.000000 0.000000 0.000000 0.787153 427.000000
 245.000000 0.784549 394.461032 0.000000 0.000000 0.000000 0.000000 0.784549 425.000000
 246.000000 0.788753 397.955470 0.000000 0.000000 0.000000 0.000000 0.788753 430.000000
 247.000000 0.782143 394.242243 0.000000 0.000000 0.000000 0.000000 0.782143 429.000000
 248.000000 0.788811 398.171944 0.000000 0.000000 0.000000 0.000000 0.788811 424.000000
 249.000000 0.789969 401.894804 0.000000 0.000000 0.000000 0.000000 0.789969 428.000000
 250.000000 0.775439 371.220974 0.000000 0.000000 0.000000 0.000000 0.775439 406.000000
 251.000000 0.786682 395.727178 0.000000 0.000000 0.000000 0.000000 0.786682 418.000000
 252.000000 0.788574 397.029458 0.000000 0.000000 0.000000 0.000000 0.788574 426.000000
 253.000000 0.781947 392.070424 0.000000 0.000000 0.000000 0.000000 0.781947 426.000000
 254.000000 0.785287 391.725188 0.000000 0.000000 0.000000 0.000000 0.785287 425.000000
 255.000000 0.783308 391.029749 0.000000 0.000000 0.000000 0.000000 0.783308 423.000000
 256.000000 0.786583 396.472211 0.000000 0.000000 0.000000 0.000000 0.786583 429.000000
 257.000000 0.785095 393.419017 0.000000 0.000000 0.000000 0.000000 0.785095 420.000000
 258.000000 0.789947 397.521231 0.000000 0.000000 0.000000 0.000000 0.789947 429.000000
 259.000000 0.778562 381.960189 0.000000 0.000000 0.000000 0.000000 0.778562 417.000000
 260.000000 0.783400 391.775546 0.000000 0.000000 0.000000 0.000000 0.783400 420.000000
 261.000000 0.779835 385.600414 0.000000 0.000000 0.000000 0.000000 0.779835 417.000000
 262.000000 0.782651 386.521836 0.000000 0.000000 0.000000 0.000000 0.782651 418.000000
 263.000000 0.794232 404.963321 0.000000 0.000000 0.000000 0.000000 0.794232 425.000000
 264.000000 0.787114 393.551389 0.000000 0.000000 0.000000 0.000000 0.787114 417.000000
 265.000000 0.788173 398.350642 0.000000 0.000000 0.000000 0.000000 0.788173 421.000000
 266.000000 0.789518 399.038339 0.000000 0.000000 0.000000 0.000000 0.789518 421.000000
 267.000000 0.792627 401.079515 0.000000 0.000000 0.000000 0.000000 0.792627 429.000000
 268.000000 0.784791 392.224172 0.000000 0.000000 0.000000 0.000000 0.784791 424.000000
 269.000000 0.778113 382.000752 0.000000 0.000000 0.000000 0.000000 0.778113 410.000000
 270.000000 0.775576 376.526689 0.000000 0.000000 0.000000 0.000000 0.775576 411.000000
 271.000000 0.788385 391.163320 0.000000 0.000000 0.000000 0.000000 0.788385 411.000000
 272.000000 0.783404 392.065067 0.000000 0.000000 0.000000 0.000000 0.783404 418.000000
 273.000000 0.783667 393.305364 0.000000 0.000000 0.000000 0.000000 0.783667 426.000000
 274.000000 0.784161 386.553431 0.000000 0.000000 0.000000 0.000000 0.784161 415.000000
 275.000000 0.784256 386.802741 0.000000 0.000000 0.000000 0.000000 0.784256 419.000000
 276.000000 0.791340 393.631473 0.000000 0.000000 0.000000 0.000000 0.791340 414.000000
 277.000000 0.789190 396.682303 0.000000 0.000000 0.000000 0.000000 0.789190 423.000000
 278.000000 0.786193 393.064057 0.000000 0.000000 0.000000 0.000000 0.786193 415.000000
 279.000000 0.782395 388.763511 0.000000 0.000000 0.000000 0.000000 0.782395 416.000000
 280.000000 0.782802 387.695955 0.000000 0.000000 0.000000 0.000000 0.782802 416.000000
 281.000000 0.789619 400.763327 0.000000 0.000000 0.000000 0.000000 0.789619 427.000000
 282.000000 0.786618 391.580308 0.000000 0.000000 0.000000 0.000000 0.786618 418.000000
 283.000000 0.780993 375.931092 0.000000 0.000000 0.000000 0.000000 0.780993 406.000000
 284.000000 0.784311 385.549675 0.000000 0.000000 0.000000 0.000000 0.784311 411.000000
 285.000000 0.779923 378.921107 0.000000 0.000000 0.000000 0.000000 0.779923 408.000000
 286.000000 0.781116 385.576478 0.000000 0.000000 0.000000 0.000000 0.781116 413.000000
 287.000000 0.779563 384.792508 0.000000 0.000000 0.000000 0.000000 0.779563 416.000000
 288.000000 0.776584 372.159932 0.000000 0.000000 0.000000 0.000000 0.776584 400.000000
 289.000000 0.785932 389.093081 0.000000 0.000000 0.000000 0.000000 0.785932 411.000000
 290.000000 0.777047 375.915837 0.000000 0.000000 0.000000 0.000000 0.777047 407.000000
 291.000000 0.781950 385.000462 0.000000 0.000000 0.000000 0.000000 0.781950 413.000000
 292.000000 0.777331 376.178090 0.000000 0.000000 0.000000 0.000000 0.777331 409.000000
 293.000000 0.780411 374.963829 0.000000 0.000000 0.000000 0.000000 0.780411 407.000000
 294.000000 0.786662 390.104366 0.000000 0.000000 0.000000 0.000000 0.786662 421.000000
 295.000000 0.784608 389.257272 0.000000 0.000000 0.000000 0.000000 0.784608 416.000000
 296.000000 0.788622 395.996607 0.000000 0.000000 0.000000 0.000000 0.788622 421.000000
 297.000000 0.781821 386.256868 0.000000 0.000000 0.000000 0.000000 0.781821 416.000000
 298.000000 0.784175 391.336480 0.000000 0.000000 0.000000 0.000000 0.784175 421.000000
 299.000000 0.781885 385.523140 0.000000 0.000000 0.000000 0.000000 0.781885 413.000000
 300.000000 0.776628 376.171334 0.000000 0.000000 0.000000 0.000000 0.776628 408.000000
 301.000000 0.779752 380.888712 0.000000 0.000000 0.000000 0.000000 0.779752 408.000000
 302.000000 0.781499 383.344820 0.000000 0.000000 0.000000 0.000000 0.781499 410.000000
 303.000000 0.779712 376.825286 0.000000 0.000000 0.000000 0.000000 0.779712 408.000000
 304.000000 0.788742 391.325733 0.000000 0.000000 0.000000 0.000000 0.788742 407.000000
 305.000000 0.789064 396.774409 0.000000 0.000000 0.000000 0.000000 0.789064 420.000000
 306.000000 0.793181 403.923816 0.000000 0.000000 0.000000 0.000000 0.793181 422.000000
 307.000000 0.786680 393.966123 0.000000 0.000000 0.000000 0.000000 0.786680 416.000000
 308.000000 0.791674 403.431248 0.000000 0.000000 0.000000 0.000000 0.791674 424.000000
 309.000000 0.786931 388.219350 0.000000 0.000000 0.000000 0.000000 0.786931 414.000000
 310.000000 0.778922 377.866425 0.000000 0.000000 0.000000 0.000000 0.778922 410.000000
 311.000000 0.787807 393.909740 0.000000 0.000000 0.000000 0.000000 0.787807 419.000000
 312.000000 0.790919 400.105401 0.000000 0.000000 0.000000 0.000000 0.790919 426.000000
 313.000000 0.784124 385.186891 0.000000 0.000000 0.000000 0.000000 0.784124 410.000000
 314.000000 0.786731 391.192644 0.000000 0.000000 0.000000 0.000000 0.786731 414.000000
 315.000000 0.780274 385.018144 0.000000 0.000000 0.000000 0.000000 0.780274 422.000000
 316.000000 0.783815 390.077921 0.000000 0.000000 0.000000 0.000000 0.783815 414.000000
 317.000000 0.788284 396.160966 0.000000 0.000000 0.000000 0.000000 0.788284 417.000000
 318.000000 0.781802 384.069423 0.000000 0.000000 0.000000 0.000000 0.781802 411.000000
 319.000000 0.779872 380.121796 0.000000 0.000000 0.000000 0.000000 0.779872 407.000000
 320.000000 0.785392 388.155242 0.000000 0.000000 0.000000 0.000000 0.785392 405.000000
 321.000000 0.784123 386.791255 0.000000 0.000000 0.000000 0.000000 0.784123 410.000000
 322.000000 0.792124 402.327917 0.000000 0.000000 0.000000 0.000000 0.792124 417.000000
 323.000000 0.789408 398.804165 0.000000 0.000000 0.000000 0.000000 0.789408 422.000000
 324.000000 0.791669 399.009045 0.000000 0.000000 0.000000 0.000000 0.791669 418.000000
 325.000000 0.787997 396.418391 0.000000 0.000000 0.000000 0.000000 0.787997 420.000000
 326.000000 0.788560 394.354333 0.000000 0.000000 0.000000 0.000000 0.788560 420.000000
 327.000000 0.791952 397.656524 0.000000 0.000000 0.000000 0.000000 0.791952 415.000000
 328.000000 0.787620 392.155192 0.000000 0.000000 0.000000 0.000000 0.787620 410.000000
 329.000000 0.788702 397.814612 0.000000 0.000000 0.000000 0.000000 0.788702 422.000000
 330.000000 0.788473 394.869606 0.000000 0.000000 0.000000 0.000000 0.788473 421.000000
 331.000000 0.788588 393.472640 0.000000 0.000000 0.000000 0.000000 0.788588 416.000000
 332.000000 0.785059 386.005979 0.000000 0.000000 0.000000 0.000000 0.785059 406.000000
 333.000000 0.784570 387.751654 0.000000 0.000000 0.000000 0.000000 0.784570 409.000000
 334.000000 0.786669 389.213484 0.000000 0.000000 0.000000 0.000000 0.786669 405.000000
 335.000000 0.787575 393.084985 0.000000 0.000000 0.000000 0.000000 0.787575 412.000000
 336.000000 0.782959 382.090070 0.000000 0.000000 0.000000 0.000000 0.782959 406.000000
 337.000000 0.786958 393.238101 0.000000 0.000000 0.000000 0.000000 0.786958 411.000000
 338.000000 0.791151 394.195927 0.000000 0.000000 0.000000 0.000000 0.791151 405.000000
 339.000000 0.790368 393.386317 0.000000 0.000000 0.000000 0.000000 0.790368 410.000000
 340.000000 0.786979 388.338817 0.000000 0.000000 0.000000 0.000000 0.786979 412.000000
 341.000000 0.788106 388.022581 0.000000 0.000000 0.000000 0.000000 0.788106 412.000000
 342.000000 0.779377 374.272487 0.000000 0.000000 0.000000 0.000000 0.779377 398.000000
 343.000000 0.783242 382.136959 0.000000 0.000000 0.000000 0.000000 0.783242 403.000000
 344.000000 0.797153 405.060723 0.003687 0.014749 0.000000 0.000000 0.797153 418.000000
 345.000000 0.788504 394.398822 0.000000 0.000000 0.000000 0.000000 0.788504 410.000000
 346.000000 0.785625 390.825322 0.000000 0.000000 0.000000 0.000000 0.785625 417.000000
 347.000000 0.782370 382.775490 0.000000 0.000000 0.000000 0.000000 0.782370 410.000000
 348.000000 0.784961 386.808877 0.000000 0.000000 0.000000 0.000000 0.784961 407.000000
 349.000000 0.782164 383.384249 0.000000 0.000000 0.000000 0.000000 0.782164 405.000000
 350.000000 0.789301 398.128088 0.000000 0.000000 0.000000 0.000000 0.789301 420.000000
 351.000000 0.785754 388.755450 0.000000 0.000000 0.000000 0.000000 0.785754 412.000000
 352.000000 0.784036 388.625744 0.000000 0.000000 0.000000 0.000000 0.784036 417.000000
 353.000000 0.785602 389.274902 0.000000 0.000000 0.000000 0.000000 0.785602 406.000000
 354.000000 0.790520 399.898325 0.000000 0.000000 0.000000 0.000000 0.790520 425.000000
 355.000000 0.788191 393.041307 0.000000 0.000000 0.000000 0.000000 0.788191 411.000000
 356.000000 0.785857 389.658963 0.000000 0.000000 0.000000 0.000000 0.785857 414.000000
 357.000000 0.789240 394.538468 0.000000 0.000000 0.000000 0.000000 0.789240 425.000000
 358.000000 0.781305 392.894383 0.000000 0.000000 0.000000 0.000000 0.781305 422.000000
 359.000000 0.783709 390.448053 0.000000 0.000000 0.000000 0.000000 0.783709 419.000000
 360.000000 0.777675 386.345426 0.000000 0.000000 0.000000 0.000000 0.777675 408.000000
 361.000000 0.785240 390.994483 0.000000 0.000000 0.000000 0.000000 0.785240 421.000000
 362.000000 0.785676 390.943030 0.000000 0.000000 0.000000 0.000000 0.785676 411.000000
 363.000000 0.786287 390.190483 0.000000 0.000000 0.000000 0.000000 0.786287 416.000000
 364.000000 0.782978 389.519328 0.000000 0.000000 0.000000 0.000000 0.782978 414.000000
 365.000000 0.784740 392.045953 0.000000 0.000000 0.000000 0.000000 0.784740 425.000000
 366.000000 0.786512 392.666420 0.000000 0.000000 0.000000 0.000000 0.786512 420.000000
 367.000000 0.785207 394.029402 0.000000 0.000000 0.000000 0.000000 0.785207 418.000000
 368.000000 0.785114 393.020272 0.000000 0.000000 0.000000 0.000000 0.785114 422.000000
 369.000000 0.784884 392.210541 0.000000 0.000000 0.000000 0.000000 0.784884 414.000000
 370.000000 0.788578 399.087377 0.000000 0.000000 0.000000 0.000000 0.788578 424.000000
 371.000000 0.785223 387.132399 0.000000 0.000000 0.000000 0.000000 0.785223 419.000000
 372.000000 0.785114 388.634095 0.000000 0.000000 0.000000 0.000000 0.785114 414.000000
 373.000000 0.789215 398.150281 0.000000 0.000000 0.000000 0.000000 0.789215 426.000000
 374.000000 0.775924 374.930470 0.000000 0.000000 0.000000 0.000000 0.775924 402.000000
 375.000000 0.779705 386.255227 0.000000 0.000000 0.000000 0.000000 0.779705 407.000000
 376.000000 0.784355 393.336075 0.000000 0.000000 0.000000 0.000000 0.784355 422.000000
 377.000000 0.783840 385.994128 0.000000 0.000000 0.000000 0.000000 0.783840 407.000000
 378.000000 0.790215 398.509898 0.000000 0.000000 0.000000 0.000000 0.790215 426.000000
 379.000000 0.787412 392.636202 0.000000 0.000000 0.000000 0.000000 0.787412 410.000000
 380.000000 0.785227 391.197683 0.000000 0.000000 0.000000 0.000000 0.785227 406.000000
 381.000000 0.780901 388.943220 0.000000 0.000000 0.000000 0.000000 0.780901 418.000000
 382.000000 0.778620 377.210057 0.000000 0.000000 0.000000 0.000000 0.778620 408.000000
 383.000000 0.780352 378.402592 0.000000 0.000000 0.000000 0.000000 0.780352 403.000000
 384.000000 0.779458 372.198521 0.000000 0.000000 0.000000 0.000000 0.779458 391.000000
 385.000000 0.780069 380.612065 0.000000 0.000000 0.000000 0.000000 0.780069 409.000000
 386.000000 0.774909 374.278797 0.000000 0.000000 0.000000 0.000000 0.774909 401.000000
 387.000000 0.778155 374.585339 0.000000 0.000000 0.000000 0.000000 0.778155 401.000000
 388.000000 0.783151 385.577134 0.000000 0.000000 0.000000 0.000000 0.783151 411.000000
 389.000000 0.774672 369.456970 0.000000 0.000000 0.000000 0.000000 0.774672 401.000000
 390.000000 0.769556 362.097119 0.000000 0.000000 0.000000 0.000000 0.769556 401.000000
 391.000000 0.773923 369.995281 0.000000 0.000000 0.000000 0.000000 0.773923 403.000000
 392.000000 0.781038 383.788164 0.000000 0.000000 0.000000 0.000000 0.781038 407.000000
 393.000000 0.773499 368.083079 0.000000 0.000000 0.000000 0.000000 0.773499 400.000000
 394.000000 0.766915 355.260974 0.000000 0.000000 0.000000 0.000000 0.766915 393.000000
 395.000000 0.777807 372.184740 0.000000 0.000000 0.000000 0.000000 0.777807 398.000000
 396.000000 0.776117 376.980623 0.000000 0.000000 0.000000 0.000000 0.776117 405.000000
 397.000000 0.774789 369.316208 0.000000 0.000000 0.000000 0.000000 0.774789 399.000000
 398.000000 0.775928 369.522472 0.000000 0.000000 0.000000 0.000000 0.775928 396.000000
 399.000000 0.772425 362.251480 0.000000 0.000000 0.000000 0.000000 0.772425 389.000000
 400.000000 0.779618 371.938151 0.000000 0.000000 0.000000 0.000000 0.779618 394.000000
 401.000000 0.779371 372.085858 0.000000 0.000000 0.000000 0.000000 0.779371 395.000000
 402.000000 0.776285 366.874041 0.000000 0.000000 0.000000 0.000000 0.776285 387.000000
 403.000000 0.783529 379.702627 0.000000 0.000000 0.000000 0.000000 0.783529 404.000000
 404.000000 0.784257 378.550585 0.000000 0.000000 0.000000 0.000000 0.784257 397.000000
 405.000000 0.784519 382.680153 0.000000 0.000000 0.000000 0.000000 0.784519 403.000000
 406.000000 0.786303 385.238181 0.000000 0.000000 0.000000 0.000000 0.786303 404.000000
 407.000000 0.781648 381.433756 0.000000 0.000000 0.000000 0.000000 0.781648 405.000000
 408.000000 0.791235 389.933589 0.000000 0.000000 0.000000 0.000000 0.791235 405.000000
 409.000000 0.780032 372.303457 0.000000 0.000000 0.000000 0.000000 0.780032 394.000000
 410.000000 0.777325 367.322902 0.000000 0.000000 0.000000 0.000000 0.777325 391.000000
 411.000000 0.772676 366.022498 0.000000 0.000000 0.000000 0.000000 0.772676 388.000000
 412.000000 0.781741 379.705737 0.000000 0.000000 0.000000 0.000000 0.781741 403.000000
 413.000000 0.774938 365.860845 0.000000 0.000000 0.000000 0.000000 0.774938 393.000000
 414.000000 0.770697 363.711038 0.000000 0.000000 0.000000 0.000000 0.770697 392.000000
 415.000000 0.768704 355.727689 0.000000 0.000000 0.000000 0.000000 0.768704 381.000000
 416.000000 0.765542 352.953104 0.000000 0.000000 0.000000 0.000000 0.765542 385.000000
 417.000000 0.775332 365.915286 0.000000 0.000000 0.000000 0.000000 0.775332 386.000000
 418.000000 0.768689 357.670598 0.000000 0.000000 0.000000 0.000000 0.768689 385.000000
 419.000000 0.766141 353.615890 0.000000 0.000000 0.000000 0.000000 0.766141 379.000000
 420.000000 0.770583 361.340717 0.000000 0.000000 0.000000 0.000000 0.770583 380.000000
 421.000000 0.765971 354.872051 0.000000 0.000000 0.000000 0.000000 0.765971 374.000000
 422.000000 0.764932 351.419657 0.000000 0.000000 0.000000 0.000000 0.764932 373.000000
 423.000000 0.770351 356.660636 0.000000 0.000000 0.000000 0.000000 0.770351 377.000000
 424.000000 0.767523 350.233823 0.000000 0.000000 0.587028 2.348111 0.767523 372.000000
 425.000000 0.771872 361.252820 0.000000 0.000000 0.000000 0.000000 0.771872 389.000000
 426.000000 0.768435 354.654947 0.000000 0.000000 0.000000 0.000000 0.768435 374.000000
 427.000000 0.773090 363.108319 0.000000 0.000000 0.000000 0.000000 0.773090 385.000000
 428.000000 0.768653 354.333573 0.000000 0.000000 0.000000 0.000000 0.768653 376.000000
 429.000000 0.764044 352.624692 0.000000 0.000000 0.000000 0.000000 0.764044 378.000000
 430.000000 0.773076 364.511629 0.000000 0.000000 0.000000 0.000000 0.773076 382.000000
 431.000000 0.771072 359.233177 0.000000 0.000000 0.000000 0.000000 0.771072 375.000000
 432.000000 0.761685 351.437371 0.000000 0.000000 0.000000 0.000000 0.761685 370.000000
 433.000000 0.769879 358.461387 0.000000 0.000000 0.000000 0.000000 0.769879 380.000000
 434.000000 0.765703 353.039578 0.000000 0.000000 0.000000 0.000000 0.765703 383.000000
 435.000000 0.767840 355.203591 0.000000 0.000000 0.000000 0.000000 0.767840 384.000000
 436.000000 0.775653 364.071035 0.000000 0.000000 0.000000 0.000000 0.775653 379.000000
 437.000000 0.766741 353.142315 0.000000 0.000000 0.000000 0.000000 0.766741 376.000000
 438.000000 0.765937 354.512300 0.000000 0.000000 0.000000 0.000000 0.765937 387.000000
 439.000000 0.771515 365.430846 0.000000 0.000000 0.000000 0.000000 0.771515 394.000000
 440.000000 0.774593 364.499252 0.000000 0.000000 0.000000 0.000000 0.774593 388.000000
 441.000000 0.773569 366.023376 0.000000 0.000000 0.000000 0.000000 0.773569 396.000000
 442.000000 0.775747 370.857242 0.000000 0.000000 0.000000 0.000000 0.775747 394.000000
 443.000000 0.770772 359.464146 0.000000 0.000000 0.000000 0.000000 0.770772 385.000000
 444.000000 0.774892 366.830180 0.000000 0.000000 0.000000 0.000000 0.774892 390.000000
 445.000000 0.770716 362.514724 0.000000 0.000000 0.000000 0.000000 0.770716 399.000000
 446.000000 0.775298 363.258882 0.000000 0.000000 0.000000 0.000000 0.775298 388.000000
 447.000000 0.776887 368.970048 0.000000 0.000000 0.000000 0.000000 0.776887 388.000000
 448.000000 0.774867 372.702081 0.000000 0.000000 0.000000 0.000000 0.774867 402.000000
 449.000000 0.770832 363.215429 0.000000 0.000000 0.000000 0.000000 0.770832 385.000000
 450.000000 0.769444 358.904978 0.000000 0.000000 0.000000 0.000000 0.769444 384.000000
 451.000000 0.765279 350.268962 0.000000 0.000000 0.534416 2.137665 0.765279 382.000000
 452.000000 0.773286 363.766126 0.000000 0.000000 0.000000 0.000000 0.773286 392.000000
 453.000000 0.774924 364.810085 0.000000 0.000000 0.000000 0.000000 0.774924 391.000000
 454.000000 0.776294 361.617870 0.000000 0.000000 0.000000 0.000000 0.776294 384.000000
 455.000000 0.773078 358.363646 0.000000 0.000000 0.000000 0.000000 0.773078 388.000000
 456.000000 0.778848 375.453036 0.000000 0.000000 0.000000 0.000000 0.778848 398.000000
 457.000000 0.772629 364.245593 0.000000 0.000000 0.000000 0.000000 0.772629 385.000000
 458.000000 0.774104 371.060473 0.000000 0.000000 0.000000 0.000000 0.774104 398.000000
 459.000000 0.776479 369.502325 0.000000 0.000000 0.000000 0.000000 0.776479 395.000000
 460.000000 0.779397 376.492515 0.000000 0.000000 0.000000 0.000000 0.779397 407.000000
 461.000000 0.779840 377.442922 0.000000 0.000000 0.000000 0.000000 0.779840 402.000000
 462.000000 0.775282 363.560716 0.000000 0.000000 0.000000 0.000000 0.775282 385.000000
 463.000000 0.775309 366.961516 0.000000 0.000000 0.000000 0.000000 0.775309 393.000000
 464.000000 0.769749 356.192801 0.000000 0.000000 0.000000 0.000000 0.769749 380.000000
 465.000000 0.774655 365.384433 0.000000 0.000000 0.000000 0.000000 0.774655 392.000000
 466.000000 0.777309 371.625867 0.000000 0.000000 0.000000 0.000000 0.777309 393.000000
 467.000000 0.766718 356.368900 0.000000 0.000000 0.000000 0.000000 0.766718 380.000000
 468.000000 0.772145 364.612573 0.000000 0.000000 0.000000 0.000000 0.772145 391.000000
 469.000000 0.780732 372.511194 0.000000 0.000000 0.000000 0.000000 0.780732 387.000000
 470.000000 0.772400 367.131896 0.000000 0.000000 0.000000 0.000000 0.772400 394.000000
 471.000000 0.764196 350.512696 0.000000 0.000000 0.237465 0.949860 0.764196 383.000000
 472.000000 0.772926 364.878851 0.000000 0.000000 0.000000 0.000000 0.772926 388.000000
 473.000000 0.774149 368.462111 0.000000 0.000000 0.000000 0.000000 0.774149 395.000000
 474.000000 0.771302 360.190946 0.000000 0.000000 0.000000 0.000000 0.771302 386.000000
 475.000000 0.774899 369.854470 0.000000 0.000000 0.000000 0.000000 0.774899 388.000000
 476.000000 0.772140 366.625875 0.000000 0.000000 0.000000 0.000000 0.772140 390.000000
 477.000000 0.767257 359.718403 0.000000 0.000000 0.000000 0.000000 0.767257 389.000000
 478.000000 0.765696 351.252492 0.000000 0.000000 0.000000 0.000000 0.765696 378.000000
 479.000000 0.763460 352.322687 0.000000 0.000000 0.000000 0.000000 0.763460 387.000000
 480.000000 0.772954 366.307950 0.000000 0.000000 0.000000 0.000000 0.772954 389.000000
 481.000000 0.771930 362.009294 0.000000 0.000000 0.000000 0.000000 0.771930 389.000000
 482.000000 0.767903 354.325876 0.000000 0.000000 0.000000 0.000000 0.767903 384.000000
 483.000000 0.766569 355.724458 0.000000 0.000000 0.000000 0.000000 0.766569 387.000000
 484.000000 0.765959 358.619024 0.000000 0.000000 0.000000 0.000000 0.765959 395.000000
 485.000000 0.765804 357.116580 0.000000 0.000000 0.000000 0.000000 0.765804 388.000000
 486.000000 0.779523 380.359915 0.000000 0.000000 0.000000 0.000000 0.779523 404.000000
 487.000000 0.774202 364.972861 0.000000 0.000000 0.000000 0.000000 0.774202 387.000000
 488.000000 0.774497 370.316901 0.000000 0.000000 0.000000 0.000000 0.774497 399.000000
 489.000000 0.770847 359.692760 0.000000 0.000000 0.000000 0.000000 0.770847 389.000000
 490.000000 0.773161 361.767313 0.000000 0.000000 0.000000 0.000000 0.773161 385.000000
 491.000000 0.769943 361.911697 0.000000 0.000000 0.000000 0.000000 0.769943 400.000000
 492.000000 0.777228 370.932764 0.000000 0.000000 0.000000 0.000000 0.777228 382.000000
 493.000000 0.772896 363.101539 0.000000 0.000000 0.000000 0.000000 0.772896 386.000000
 494.000000 0.779574 368.090355 0.000000 0.000000 0.000000 0.000000 0.779574 389.000000
 495.000000 0.775624 369.046929 0.000000 0.000000 0.000000 0.000000 0.775624 393.000000
 496.000000 0.774720 369.491600 0.000000 0.000000 0.000000 0.000000 0.774720 389.000000
 497.000000 0.768489 353.999111 0.000000 0.000000 0.000000 0.000000 0.768489 377.000000
 498.000000 0.769421 358.496667 0.000000 0.000000 0.000000 0.000000 0.769421 391.000000
 499.000000 0.769893 353.969306 0.000000 0.000000 0.000000 0.000000 0.769893 381.000000
 500.000000 0.772169 360.796105 0.000000 0.000000 0.000000 0.000000 0.772169 380.000000
