# Time-averaged data for fix AVG
# TimeStep v_Vol v_H
14000000 10.6002 2.29789
14001000 10.5376 -3.96668
14002000 10.515 -3.78899
14003000 10.63 -4.17007
14004000 10.6335 -4.29346
14005000 10.6874 -4.28984
14006000 10.5688 -4.04484
14007000 10.6494 -4.11451
14008000 10.6807 -4.37176
14009000 10.5196 -3.84895
14010000 10.5111 -3.96445
14011000 10.6487 -4.22763
14012000 10.5236 -3.93845
14013000 10.5104 -3.90095
14014000 10.5964 -4.04299
14015000 10.5742 -4.14958
14016000 10.6299 -4.23476
14017000 10.5821 -4.03723
14018000 10.6076 -4.25158
14019000 10.5735 -4.04336
14020000 10.5851 -4.07141
14021000 10.5812 -4.05109
14022000 10.6329 -4.02784
14023000 10.6605 -4.33948
14024000 10.6223 -4.07228
14025000 10.4957 -3.72219
14026000 10.6788 -4.238
14027000 10.5817 -4.19663
14028000 10.5244 -3.86453
14029000 10.5876 -4.07865
14030000 10.518 -3.82871
14031000 10.5672 -4.09088
14032000 10.598 -4.16125
14033000 10.6248 -4.15796
14034000 10.649 -4.2084
14035000 10.65 -4.24332
14036000 10.6167 -4.2181
14037000 10.5983 -4.11996
14038000 10.6095 -4.14977
14039000 10.5382 -3.88614
14040000 10.6511 -4.20995
14041000 10.657 -4.17516
14042000 10.6361 -4.10913
14043000 10.6593 -4.23247
14044000 10.6426 -4.23051
14045000 10.5734 -4.18399
14046000 10.62 -4.07543
14047000 10.5189 -4.08966
14048000 10.5879 -4.23475
14049000 10.5832 -4.20674
14050000 10.4842 -3.7887
14051000 10.5171 -4.09107
14052000 10.5983 -4.08827
14053000 10.7241 -4.39377
14054000 10.6103 -4.04637
14055000 10.6639 -4.23851
14056000 10.5347 -3.80907
14057000 10.5736 -3.97281
14058000 10.5617 -3.99766
14059000 10.5398 -3.95651
14060000 10.6308 -4.27253
14061000 10.5316 -3.97868
14062000 10.5737 -4.07754
14063000 10.5267 -3.81022
14064000 10.5975 -4.06989
14065000 10.6243 -4.21281
14066000 10.6941 -4.19825
14067000 10.6011 -4.15602
14068000 10.6545 -4.22269
14069000 10.6766 -4.38649
14070000 10.6724 -4.27802
14071000 10.5352 -3.91468
14072000 10.6358 -4.0649
14073000 10.6089 -4.0985
14074000 10.5376 -3.9462
14075000 10.5458 -3.97617
14076000 10.5735 -3.9594
14077000 10.6587 -4.17507
14078000 10.5535 -3.93039
14079000 10.5348 -4.00818
14080000 10.5575 -3.94662
14081000 10.5311 -3.94045
14082000 10.5474 -3.98913
14083000 10.6585 -4.26968
14084000 10.6171 -4.10636
14085000 10.5815 -4.06205
14086000 10.621 -4.13969
14087000 10.5772 -4.12317
14088000 10.5693 -4.06675
14089000 10.5744 -4.14958
14090000 10.6164 -4.13117
14091000 10.5975 -4.12471
14092000 10.5825 -4.15002
14093000 10.6459 -4.17699
14094000 10.5697 -4.08659
14095000 10.5264 -4.00577
14096000 10.5772 -4.07121
14097000 10.549 -3.96949
14098000 10.6244 -4.13815
14099000 10.5488 -4.15834
14100000 10.5953 -4.15884
14101000 10.5492 -3.99319
14102000 10.5812 -4.01161
14103000 10.6633 -4.36997
14104000 10.5459 -4.06605
14105000 10.5814 -4.07176
14106000 10.5266 -4.02258
14107000 10.5428 -4.17342
14108000 10.59 -4.26271
14109000 10.4879 -3.91217
14110000 10.6385 -4.20833
14111000 10.5652 -4.15632
14112000 10.5805 -4.20053
14113000 10.6185 -4.22093
14114000 10.5942 -3.94194
14115000 10.545 -4.00369
14116000 10.655 -4.10772
14117000 10.5803 -4.08791
14118000 10.5918 -4.07459
14119000 10.6369 -4.07869
14120000 10.6294 -4.19191
14121000 10.5821 -4.05854
14122000 10.5831 -4.04193
14123000 10.6009 -4.16075
14124000 10.6056 -4.11866
14125000 10.5542 -3.94106
14126000 10.619 -4.06377
14127000 10.6486 -4.19124
14128000 10.622 -4.24803
14129000 10.5747 -4.10477
14130000 10.5693 -4.12055
14131000 10.6504 -4.28896
14132000 10.576 -4.09047
14133000 10.6062 -4.09467
14134000 10.5991 -4.16618
14135000 10.6629 -4.37629
14136000 10.6213 -4.19697
14137000 10.5846 -4.08375
14138000 10.5367 -3.95797
14139000 10.5635 -4.19077
14140000 10.5681 -4.01699
14141000 10.6003 -4.16727
14142000 10.5883 -4.13766
14143000 10.5527 -4.04964
14144000 10.5279 -3.91503
14145000 10.6095 -4.13948
14146000 10.5831 -4.1026
14147000 10.5042 -3.9074
14148000 10.5015 -3.94957
14149000 10.5708 -3.98457
14150000 10.6037 -4.12387
14151000 10.7134 -4.33751
14152000 10.6764 -4.22378
14153000 10.575 -4.01146
14154000 10.6145 -4.16043
14155000 10.6259 -4.24571
14156000 10.6261 -4.24906
14157000 10.5415 -3.90119
14158000 10.6484 -4.24056
14159000 10.6156 -4.12369
14160000 10.5888 -3.92598
14161000 10.5285 -4.0471
14162000 10.6164 -4.30772
14163000 10.6187 -4.18474
14164000 10.6422 -4.08811
14165000 10.5716 -4.01234
14166000 10.6021 -4.14639
14167000 10.5788 -4.13863
14168000 10.6287 -4.16022
14169000 10.6409 -4.16893
14170000 10.6271 -4.17207
14171000 10.6063 -4.22169
14172000 10.5603 -3.97647
14173000 10.6168 -4.08658
14174000 10.4887 -3.92703
14175000 10.63 -4.2184
14176000 10.55 -4.11399
14177000 10.5876 -4.03347
14178000 10.529 -3.74568
14179000 10.5813 -4.08785
14180000 10.625 -4.07827
14181000 10.6254 -4.01632
14182000 10.6403 -4.01669
14183000 10.5775 -4.02078
14184000 10.5656 -4.0699
14185000 10.6015 -4.064
14186000 10.585 -4.03502
14187000 10.642 -4.14716
14188000 10.5938 -4.05821
14189000 10.5451 -4.01441
14190000 10.6326 -4.15261
14191000 10.6221 -4.20352
14192000 10.5332 -3.941
14193000 10.5249 -3.94956
14194000 10.6062 -4.25792
14195000 10.6136 -4.05975
14196000 10.5936 -4.12143
14197000 10.6362 -4.21155
14198000 10.5835 -4.12628
14199000 10.5495 -3.98558
14200000 10.6024 -4.15768
14201000 10.5677 -4.01103
14202000 10.642 -4.22073
14203000 10.5596 -4.01396
14204000 10.6207 -4.10112
14205000 10.5549 -4.0037
14206000 10.5609 -4.00711
14207000 10.5841 -4.20932
14208000 10.7093 -4.36971
14209000 10.6639 -4.24885
14210000 10.6071 -4.06404
14211000 10.583 -3.98173
14212000 10.6762 -4.28725
14213000 10.5964 -3.96434
14214000 10.6071 -4.06107
14215000 10.6321 -4.16471
14216000 10.6153 -4.07608
14217000 10.5706 -3.93196
14218000 10.5477 -4.00019
14219000 10.6047 -4.11952
14220000 10.5668 -4.05049
14221000 10.6358 -4.19853
14222000 10.513 -3.98424
14223000 10.6679 -4.30663
14224000 10.5042 -4.00631
14225000 10.5528 -3.96281
14226000 10.5833 -4.04949
14227000 10.6149 -4.03
14228000 10.5722 -4.05859
14229000 10.6122 -3.96515
14230000 10.5049 -3.93148
14231000 10.5785 -4.02795
14232000 10.6601 -4.25743
14233000 10.5869 -3.99282
14234000 10.5923 -3.98467
14235000 10.6832 -4.32022
14236000 10.6216 -4.11317
14237000 10.6169 -4.08243
14238000 10.6448 -4.13203
14239000 10.6684 -4.18724
14240000 10.6245 -4.14427
14241000 10.6386 -4.16556
14242000 10.6248 -4.26341
14243000 10.5854 -3.94785
14244000 10.6018 -3.99038
14245000 10.5958 -4.02001
14246000 10.6169 -4.17231
14247000 10.5627 -3.99252
14248000 10.6959 -4.33103
14249000 10.6876 -4.22881
14250000 10.629 -4.06888
