# Time-averaged data for fix AVG
# TimeStep v_Vol v_H
1500000 8.26847 2.15332
1501000 8.37453 -3.24305
1502000 8.3217 -3.11403
1503000 8.31573 -2.83676
1504000 8.27572 -3.25365
1505000 8.19324 -3.08773
1506000 8.28696 -2.9826
1507000 8.37406 -3.2887
1508000 8.45085 -3.30039
1509000 8.38558 -2.94572
1510000 8.32425 -3.05414
1511000 8.3842 -3.10856
1512000 8.50635 -3.24278
1513000 8.37484 -3.15154
1514000 8.34808 -3.22776
1515000 8.27246 -2.97399
1516000 8.36097 -3.26823
1517000 8.27116 -3.17471
1518000 8.24254 -3.20531
1519000 8.33301 -3.25724
1520000 8.31704 -3.30729
1521000 8.28522 -3.06699
1522000 8.36038 -3.21556
1523000 8.40027 -3.33291
1524000 8.40068 -2.91928
1525000 8.4096 -3.302
1526000 8.33598 -3.06953
1527000 8.40571 -3.0768
1528000 8.47191 -3.30047
1529000 8.38446 -3.17287
1530000 8.44094 -3.23227
1531000 8.39342 -3.24698
1532000 8.28193 -3.1779
1533000 8.35532 -3.44266
1534000 8.31654 -3.53057
1535000 8.21587 -3.01353
1536000 8.25102 -3.15499
1537000 8.3449 -3.17991
1538000 8.20798 -2.87417
1539000 8.37357 -3.2702
1540000 8.32604 -3.44083
1541000 8.34466 -3.02389
1542000 8.26703 -2.89465
1543000 8.35622 -3.14682
1544000 8.34628 -2.92078
1545000 8.36169 -3.26911
1546000 8.29492 -3.14066
1547000 8.33217 -3.31258
1548000 8.40667 -3.19691
1549000 8.30419 -3.05611
1550000 8.19996 -3.03003
1551000 8.3777 -3.19603
1552000 8.3283 -2.96783
1553000 8.1256 -2.81345
1554000 8.27301 -3.12074
1555000 8.35341 -3.40371
1556000 8.4511 -3.43168
1557000 8.32727 -3.36128
1558000 8.32774 -3.19328
1559000 8.31997 -3.17118
1560000 8.37866 -3.31198
1561000 8.25797 -3.12857
1562000 8.3481 -3.41221
1563000 8.38313 -3.21878
1564000 8.30076 -3.21462
1565000 8.35625 -3.39406
1566000 8.28996 -2.89681
1567000 8.32449 -3.14962
1568000 8.38935 -3.2678
1569000 8.43361 -3.34762
1570000 8.44127 -3.24897
1571000 8.4606 -3.34456
1572000 8.49287 -3.15106
1573000 8.48101 -3.28649
1574000 8.3299 -3.16119
1575000 8.40768 -3.16616
1576000 8.45182 -3.20637
1577000 8.32787 -3.04941
1578000 8.4499 -3.15644
1579000 8.48116 -3.22346
1580000 8.5063 -2.98628
1581000 8.52416 -3.03739
1582000 8.41803 -3.07054
1583000 8.54559 -3.47047
1584000 8.34074 -3.00903
1585000 8.3673 -3.00852
1586000 8.41211 -3.20326
1587000 8.37793 -3.30302
1588000 8.3662 -3.08004
1589000 8.43647 -3.25186
1590000 8.41341 -3.18975
1591000 8.36102 -3.21642
1592000 8.38429 -3.0354
1593000 8.33377 -3.42112
1594000 8.47797 -3.36773
1595000 8.3239 -3.1702
1596000 8.25379 -3.11449
1597000 8.48421 -3.19666
1598000 8.48654 -3.36273
1599000 8.55897 -3.34456
1600000 8.48739 -3.16175
1601000 8.59205 -3.47309
1602000 8.50476 -3.42751
1603000 8.50499 -3.29801
1604000 8.48804 -3.17347
1605000 8.39641 -3.07356
1606000 8.34641 -3.07749
1607000 8.27219 -3.26859
1608000 8.46134 -3.353
1609000 8.32409 -3.0877
1610000 8.45878 -3.23145
1611000 8.39842 -3.18234
1612000 8.437 -3.1074
1613000 8.40995 -3.33501
1614000 8.37155 -2.91833
1615000 8.31236 -3.17216
1616000 8.32412 -3.24327
1617000 8.20015 -3.08585
1618000 8.27203 -3.24494
1619000 8.29502 -3.39617
1620000 8.2033 -3.28815
1621000 8.20703 -2.9908
1622000 8.29493 -3.16047
1623000 8.20214 -3.15285
1624000 8.22338 -3.08094
1625000 8.19839 -2.82495
1626000 8.26479 -3.19403
1627000 8.27932 -3.10858
1628000 8.26513 -3.02866
1629000 8.3636 -2.87191
1630000 8.31257 -3.07261
1631000 8.34458 -3.11603
1632000 8.37482 -3.16318
1633000 8.40159 -3.19424
1634000 8.44539 -3.33763
1635000 8.29525 -3.25523
1636000 8.21501 -3.21528
1637000 8.42149 -3.31068
1638000 8.46196 -3.45321
1639000 8.40845 -3.20557
1640000 8.48131 -3.22638
1641000 8.41996 -3.06723
1642000 8.32089 -3.11395
1643000 8.35766 -2.93853
1644000 8.50862 -3.42707
1645000 8.40686 -3.171
1646000 8.55337 -3.34921
1647000 8.41388 -3.24704
1648000 8.26598 -3.11575
1649000 8.3627 -3.27158
1650000 8.33275 -3.38201
1651000 8.40125 -3.23017
1652000 8.28718 -3.24612
1653000 8.39837 -3.43415
1654000 8.31404 -3.19426
1655000 8.28949 -2.97975
1656000 8.38497 -3.29616
1657000 8.30737 -3.40003
1658000 8.28052 -3.01689
1659000 8.31623 -3.13309
1660000 8.29879 -3.02031
1661000 8.29476 -3.42274
1662000 8.33169 -3.22514
1663000 8.22411 -3.22598
1664000 8.26628 -2.98071
1665000 8.25806 -3.10539
1666000 8.22426 -3.15256
1667000 8.27567 -3.26713
1668000 8.33321 -3.33263
1669000 8.26457 -3.05952
1670000 8.25861 -3.22299
1671000 8.37187 -3.31224
1672000 8.32542 -3.14383
1673000 8.33291 -3.26619
1674000 8.28012 -3.11189
1675000 8.26157 -3.07711
1676000 8.29332 -3.01979
1677000 8.29665 -3.01777
1678000 8.36559 -3.33997
1679000 8.32322 -3.16121
1680000 8.38613 -3.33955
1681000 8.28654 -3.01401
1682000 8.33123 -3.13619
1683000 8.31915 -3.19762
1684000 8.31896 -3.10534
1685000 8.42462 -3.07622
1686000 8.33517 -3.15782
1687000 8.35005 -3.21519
1688000 8.39574 -3.02024
1689000 8.42847 -3.47113
1690000 8.39261 -3.35545
1691000 8.35689 -3.07785
1692000 8.34629 -3.08216
1693000 8.34307 -3.06066
1694000 8.32702 -3.17654
1695000 8.32619 -2.99439
1696000 8.3179 -3.10392
1697000 8.26855 -3.10823
1698000 8.35678 -3.19746
1699000 8.26869 -3.02769
1700000 8.40993 -3.26949
1701000 8.3073 -3.18268
1702000 8.40671 -3.36614
1703000 8.27832 -3.2819
1704000 8.22618 -3.03677
1705000 8.1958 -3.22915
1706000 8.26897 -3.29007
1707000 8.30213 -3.41536
1708000 8.28395 -3.24216
1709000 8.26393 -3.25777
1710000 8.22501 -2.98761
1711000 8.29833 -3.18317
1712000 8.20651 -3.16818
1713000 8.18498 -2.99121
1714000 8.35265 -3.51028
1715000 8.20335 -3.15059
1716000 8.25399 -3.18323
1717000 8.40034 -3.36327
1718000 8.32409 -3.22984
1719000 8.38545 -3.13099
1720000 8.276 -3.06239
1721000 8.42545 -3.4314
1722000 8.42568 -3.41055
1723000 8.3018 -3.13006
1724000 8.39003 -3.4495
1725000 8.28419 -3.28009
1726000 8.34097 -3.19864
1727000 8.43248 -3.23838
1728000 8.18981 -2.99691
1729000 8.34464 -3.14151
1730000 8.36881 -3.33166
1731000 8.35895 -2.99981
1732000 8.33348 -3.00263
1733000 8.33063 -3.15613
1734000 8.36281 -3.19789
1735000 8.29295 -3.24177
1736000 8.31889 -3.21245
1737000 8.38673 -3.30161
1738000 8.28758 -2.95582
1739000 8.45685 -3.25231
1740000 8.46113 -3.15145
1741000 8.33742 -3.20432
1742000 8.34086 -3.24133
1743000 8.43502 -3.23616
1744000 8.36824 -2.99895
1745000 8.32273 -2.94003
1746000 8.48344 -3.31268
1747000 8.45812 -3.31872
1748000 8.44824 -3.23778
1749000 8.34342 -3.38612
1750000 8.33967 -3.1286
