# Time-averaged data for fix AVG
# TimeStep v_Vol v_H
24500000 8.56579 1.6692
24501000 8.60831 -4.67124
24502000 8.54898 -4.64224
24503000 8.602 -4.7941
24504000 8.62581 -4.80814
24505000 8.59546 -4.75922
24506000 8.51931 -4.52528
24507000 8.63618 -4.82098
24508000 8.53775 -4.59037
24509000 8.61809 -4.61673
24510000 8.67137 -4.74727
24511000 8.52356 -4.60508
24512000 8.56822 -4.75341
24513000 8.57349 -4.62547
24514000 8.55126 -4.57297
24515000 8.59802 -4.75877
24516000 8.50424 -4.48764
24517000 8.58681 -4.6445
24518000 8.55151 -4.62038
24519000 8.58156 -4.62118
24520000 8.62657 -4.7468
24521000 8.58077 -4.7161
24522000 8.55363 -4.56991
24523000 8.57244 -4.72841
24524000 8.59591 -4.68913
24525000 8.49852 -4.54038
24526000 8.62228 -4.70347
24527000 8.57684 -4.55046
24528000 8.58896 -4.66448
24529000 8.59691 -4.5771
24530000 8.64188 -4.812
24531000 8.54421 -4.60913
24532000 8.61648 -4.67228
24533000 8.56422 -4.55805
24534000 8.56821 -4.68875
24535000 8.47926 -4.5314
24536000 8.50484 -4.54584
24537000 8.59238 -4.69584
24538000 8.60839 -4.77123
24539000 8.64342 -4.84397
24540000 8.58289 -4.72983
24541000 8.53531 -4.52824
24542000 8.56504 -4.68824
24543000 8.5249 -4.54921
24544000 8.55856 -4.64967
24545000 8.54848 -4.62601
24546000 8.58943 -4.70042
24547000 8.54089 -4.50682
24548000 8.52286 -4.53534
24549000 8.61159 -4.66084
24550000 8.56004 -4.62948
24551000 8.57165 -4.67692
24552000 8.52341 -4.52924
24553000 8.48171 -4.50771
24554000 8.54752 -4.59044
24555000 8.51678 -4.59496
24556000 8.57313 -4.57005
24557000 8.53479 -4.60798
24558000 8.52039 -4.55323
24559000 8.54717 -4.56891
24560000 8.60389 -4.72938
24561000 8.55459 -4.62785
24562000 8.55477 -4.6816
24563000 8.51214 -4.52425
24564000 8.5711 -4.56904
24565000 8.57672 -4.64617
24566000 8.56763 -4.60607
24567000 8.60627 -4.66433
24568000 8.55854 -4.60981
24569000 8.57455 -4.58582
24570000 8.61093 -4.8235
24571000 8.56321 -4.61426
24572000 8.53898 -4.61241
24573000 8.61767 -4.69234
24574000 8.55997 -4.70556
24575000 8.60618 -4.67796
24576000 8.58482 -4.68191
24577000 8.52306 -4.67208
24578000 8.55729 -4.55418
24579000 8.56258 -4.58397
24580000 8.52288 -4.57254
24581000 8.51917 -4.64504
24582000 8.53797 -4.69491
24583000 8.61177 -4.71919
24584000 8.61501 -4.59169
24585000 8.60675 -4.65023
24586000 8.5088 -4.41804
24587000 8.57831 -4.64722
24588000 8.56997 -4.59062
24589000 8.59122 -4.74123
24590000 8.53869 -4.60067
24591000 8.52155 -4.62752
24592000 8.574 -4.65045
24593000 8.5904 -4.60107
24594000 8.67658 -4.73411
24595000 8.58297 -4.78662
24596000 8.56444 -4.57933
24597000 8.46878 -4.37882
24598000 8.55538 -4.64592
24599000 8.62465 -4.74601
24600000 8.55156 -4.72409
24601000 8.51042 -4.58606
24602000 8.63495 -4.7395
24603000 8.51365 -4.60144
24604000 8.56412 -4.60016
24605000 8.56233 -4.62528
24606000 8.57175 -4.67279
24607000 8.56964 -4.59256
24608000 8.54221 -4.60886
24609000 8.54585 -4.59471
24610000 8.5709 -4.56238
24611000 8.58799 -4.63038
24612000 8.52161 -4.56184
24613000 8.57397 -4.68088
24614000 8.61127 -4.71776
24615000 8.57008 -4.61878
24616000 8.57724 -4.64255
24617000 8.57859 -4.67695
24618000 8.59938 -4.65093
24619000 8.66703 -4.59884
24620000 8.53567 -4.51149
24621000 8.52754 -4.57479
24622000 8.53511 -4.56256
24623000 8.55224 -4.57935
24624000 8.50073 -4.58754
24625000 8.5154 -4.53779
24626000 8.55072 -4.53376
24627000 8.57284 -4.6707
24628000 8.55784 -4.56704
24629000 8.63304 -4.5734
24630000 8.57374 -4.63292
24631000 8.56276 -4.65713
24632000 8.58787 -4.60327
24633000 8.59551 -4.47909
24634000 8.58583 -4.49976
24635000 8.50215 -4.45229
24636000 8.49781 -4.55315
24637000 8.59292 -4.63543
24638000 8.56835 -4.59348
24639000 8.55853 -4.64116
24640000 8.57543 -4.59606
24641000 8.54192 -4.48543
24642000 8.58688 -4.63218
24643000 8.57751 -4.61162
24644000 8.55082 -4.70586
24645000 8.5164 -4.60837
24646000 8.53432 -4.65175
24647000 8.534 -4.65778
24648000 8.62928 -4.8011
24649000 8.50977 -4.55581
24650000 8.53093 -4.61788
24651000 8.52918 -4.58657
24652000 8.55968 -4.58446
24653000 8.60255 -4.66478
24654000 8.5738 -4.68416
24655000 8.62176 -4.71609
24656000 8.64386 -4.77888
24657000 8.6179 -4.74979
24658000 8.53104 -4.6788
24659000 8.57466 -4.64674
24660000 8.66947 -4.75606
24661000 8.48618 -4.55204
24662000 8.5588 -4.62006
24663000 8.55774 -4.60165
24664000 8.51679 -4.66427
24665000 8.53169 -4.59129
24666000 8.57788 -4.70298
24667000 8.59777 -4.70017
24668000 8.56739 -4.61866
24669000 8.53605 -4.56512
24670000 8.60989 -4.65363
24671000 8.52039 -4.64894
24672000 8.51675 -4.58164
24673000 8.58268 -4.65648
24674000 8.57491 -4.64562
24675000 8.50172 -4.57297
24676000 8.51195 -4.62448
24677000 8.64904 -4.82444
24678000 8.54233 -4.53511
24679000 8.50021 -4.42784
24680000 8.55082 -4.66824
24681000 8.49988 -4.44884
24682000 8.5871 -4.70586
24683000 8.55095 -4.67107
24684000 8.56081 -4.6513
24685000 8.52551 -4.49282
24686000 8.61452 -4.75373
24687000 8.51755 -4.58664
24688000 8.63658 -4.82157
24689000 8.56997 -4.51383
24690000 8.61495 -4.65417
24691000 8.58407 -4.75061
24692000 8.5308 -4.56307
24693000 8.56781 -4.65976
24694000 8.55864 -4.68398
24695000 8.54548 -4.64633
24696000 8.5787 -4.71866
24697000 8.5686 -4.6209
24698000 8.55273 -4.73091
24699000 8.53414 -4.62698
24700000 8.6048 -4.60488
24701000 8.6071 -4.70736
24702000 8.57328 -4.73755
24703000 8.56252 -4.77888
24704000 8.60714 -4.69868
24705000 8.57109 -4.61726
24706000 8.57366 -4.69473
24707000 8.5852 -4.71208
24708000 8.5747 -4.68402
24709000 8.56951 -4.70226
24710000 8.6766 -4.87086
24711000 8.58632 -4.51325
24712000 8.57781 -4.56673
24713000 8.57616 -4.5873
24714000 8.58482 -4.72478
24715000 8.6364 -4.77944
24716000 8.57362 -4.65836
24717000 8.54505 -4.63276
24718000 8.57003 -4.59421
24719000 8.59219 -4.66903
24720000 8.58093 -4.62867
24721000 8.57313 -4.63357
24722000 8.52799 -4.54578
24723000 8.59209 -4.6152
24724000 8.54196 -4.70358
24725000 8.49038 -4.62211
24726000 8.55746 -4.54796
24727000 8.58164 -4.61579
24728000 8.56539 -4.69692
24729000 8.64343 -4.7844
24730000 8.63793 -4.76196
24731000 8.58895 -4.60087
24732000 8.58343 -4.52878
24733000 8.61727 -4.6534
24734000 8.56715 -4.69095
24735000 8.52684 -4.68302
24736000 8.54098 -4.56947
24737000 8.55608 -4.56699
24738000 8.63978 -4.78376
24739000 8.54366 -4.73657
24740000 8.56036 -4.68302
24741000 8.56413 -4.63088
24742000 8.58293 -4.63448
24743000 8.5518 -4.62107
24744000 8.58947 -4.64787
24745000 8.59344 -4.71551
24746000 8.58282 -4.61281
24747000 8.5802 -4.7845
24748000 8.60211 -4.64141
24749000 8.56058 -4.69889
24750000 8.54244 -4.49588
