# Time-averaged data for fix AVG
# TimeStep v_Vol v_H
15750000 8.98761 1.48116
15751000 9.0033 -3.73139
15752000 8.92152 -3.7491
15753000 9.05116 -3.87921
15754000 8.85477 -3.63279
15755000 8.92746 -3.75412
15756000 8.94704 -3.88199
15757000 8.96804 -3.8834
15758000 8.81489 -3.61437
15759000 8.99163 -3.79785
15760000 8.9051 -3.74472
15761000 8.87252 -3.73599
15762000 9.05761 -3.8659
15763000 9.01082 -3.90432
15764000 8.94004 -3.83774
15765000 8.83048 -3.56617
15766000 8.87353 -3.63849
15767000 8.94163 -3.81321
15768000 8.94856 -3.88143
15769000 8.97178 -3.80419
15770000 8.88004 -3.68863
15771000 8.90926 -3.69263
15772000 8.95126 -3.82027
15773000 8.9744 -3.75697
15774000 9.02384 -3.69526
15775000 9.02688 -3.88695
15776000 9.01093 -3.78791
15777000 8.83214 -3.57282
15778000 8.95906 -3.90971
15779000 8.89639 -3.73816
15780000 8.8584 -3.57946
15781000 8.84019 -3.67246
15782000 8.90642 -3.68938
15783000 8.86488 -3.70696
15784000 9.04978 -3.76894
15785000 8.97765 -3.82222
15786000 9.04416 -3.88597
15787000 8.94303 -3.64977
15788000 8.88533 -3.41793
15789000 9.07365 -3.95791
15790000 8.83456 -3.45389
15791000 9.04485 -3.85994
15792000 9.08814 -3.81308
15793000 8.92688 -3.54619
15794000 8.82087 -3.48275
15795000 8.92505 -3.81499
15796000 9.01939 -3.98021
15797000 9.07228 -3.94309
15798000 9.04205 -3.79573
15799000 9.00382 -3.65595
15800000 9.17453 -3.95177
15801000 9.02364 -3.82388
15802000 8.95919 -3.83797
15803000 8.92309 -3.82894
15804000 8.91496 -3.95544
15805000 8.84291 -3.82491
15806000 8.83686 -3.55989
15807000 8.85783 -3.63161
15808000 8.84981 -3.77612
15809000 9.03464 -3.98921
15810000 8.95266 -4.0208
15811000 8.91086 -3.64212
15812000 8.88353 -3.79856
15813000 8.84623 -3.7206
15814000 8.8513 -3.87486
15815000 8.85767 -3.93831
15816000 8.87636 -3.88252
15817000 8.7711 -3.84218
15818000 8.80153 -3.75036
15819000 8.79324 -3.71786
15820000 8.9157 -3.90068
15821000 8.74575 -3.63535
15822000 8.8177 -3.63634
15823000 8.75792 -3.62617
15824000 8.93173 -4.03286
15825000 8.86121 -3.9015
15826000 8.7115 -3.79057
15827000 8.75184 -3.84037
15828000 8.96935 -3.89762
15829000 8.6572 -3.54604
15830000 8.69527 -3.5215
15831000 8.70627 -3.65192
15832000 8.67254 -3.78936
15833000 8.79936 -3.75455
15834000 8.77008 -3.78603
15835000 8.83325 -3.59591
15836000 8.89289 -3.87424
15837000 8.79668 -3.79786
15838000 8.86075 -3.91989
15839000 8.76013 -3.87682
15840000 8.70091 -3.65104
15841000 8.57718 -3.62185
15842000 8.76377 -3.7297
15843000 8.73148 -3.78414
15844000 8.66893 -3.84464
15845000 8.67832 -3.99149
15846000 8.65208 -3.63247
15847000 8.67227 -3.7908
15848000 8.74845 -3.73956
15849000 8.67811 -3.66163
15850000 8.6476 -3.80095
15851000 8.65668 -3.70858
15852000 8.78076 -3.79366
15853000 8.82804 -3.97061
15854000 8.78869 -3.7823
15855000 8.87172 -3.74806
15856000 8.77633 -3.77115
15857000 8.74219 -3.68524
15858000 8.7967 -3.94599
15859000 8.68784 -3.63458
15860000 8.75472 -3.80727
15861000 8.88587 -3.88468
15862000 8.8439 -3.8019
15863000 8.74082 -3.85638
15864000 8.92411 -3.91604
15865000 8.76538 -3.6118
15866000 8.83557 -3.62762
15867000 8.79128 -3.83156
15868000 8.76547 -3.79133
15869000 8.85332 -3.81354
15870000 8.84369 -3.75554
15871000 8.83542 -3.81437
15872000 8.73113 -3.51357
15873000 8.64095 -3.68455
15874000 8.82571 -3.83276
15875000 8.87328 -3.72816
15876000 8.83455 -3.683
15877000 8.76364 -3.67337
15878000 8.89685 -3.86362
15879000 8.84751 -3.67003
15880000 8.68299 -3.62527
15881000 8.77908 -3.87951
15882000 8.80665 -3.75889
15883000 8.76792 -3.78836
15884000 8.65657 -3.6763
15885000 8.74084 -3.8662
15886000 8.93244 -3.8564
15887000 8.73028 -3.56812
15888000 8.79344 -3.81988
15889000 8.84975 -4.06475
15890000 8.78501 -3.82082
15891000 8.64475 -3.78934
15892000 8.59533 -3.7155
15893000 8.6764 -3.62199
15894000 8.74981 -3.73673
15895000 8.66132 -3.62584
15896000 8.69123 -3.90207
15897000 8.68446 -3.60713
15898000 8.67887 -3.84997
15899000 8.7586 -3.73434
15900000 8.85157 -3.9327
15901000 8.75827 -3.68618
15902000 8.78262 -3.78567
15903000 8.71606 -3.97789
15904000 8.79924 -4.00104
15905000 8.70581 -3.75077
15906000 8.82392 -3.97588
15907000 8.81801 -3.89809
15908000 8.77294 -3.69575
15909000 8.73436 -3.50245
15910000 8.67679 -3.71858
15911000 8.75093 -3.96696
15912000 8.81345 -3.80838
15913000 8.787 -3.7536
15914000 8.65385 -3.53096
15915000 8.77108 -3.93772
15916000 8.62044 -3.6452
15917000 8.73727 -3.72428
15918000 8.71541 -3.6851
15919000 8.82365 -3.8935
15920000 8.71817 -3.61941
15921000 8.68244 -3.77346
15922000 8.75845 -3.82855
15923000 8.66056 -3.72758
15924000 8.69084 -3.76103
15925000 8.76869 -3.76996
15926000 8.80969 -3.84228
15927000 8.87053 -3.87137
15928000 8.80439 -3.78529
15929000 8.96081 -4.01891
15930000 8.84871 -3.93685
15931000 8.98081 -3.57221
15932000 8.85631 -3.60587
15933000 8.9551 -3.81111
15934000 8.79385 -3.49464
15935000 8.93534 -3.65607
15936000 9.00891 -3.75956
15937000 8.79258 -3.79286
15938000 8.66589 -3.70432
15939000 8.6813 -3.68686
15940000 8.78754 -3.72252
15941000 8.7317 -3.76425
15942000 8.7209 -3.57458
15943000 8.94134 -3.88281
15944000 8.94726 -3.77814
15945000 8.89831 -3.60151
15946000 8.75344 -3.58595
15947000 8.76019 -3.50658
15948000 8.8356 -3.79854
15949000 8.7648 -3.53403
15950000 8.82378 -3.90513
15951000 8.7722 -3.7116
15952000 8.92348 -3.8018
15953000 8.84255 -3.59532
15954000 8.91534 -3.61536
15955000 8.97778 -3.75359
15956000 8.93545 -3.56345
15957000 9.12942 -3.82004
15958000 9.09744 -3.77786
15959000 9.07883 -3.9095
15960000 9.03172 -3.70248
15961000 8.85539 -3.80838
15962000 8.98275 -3.81105
15963000 8.96357 -3.74073
15964000 8.92748 -3.66109
15965000 8.95553 -3.77438
15966000 8.95086 -3.66776
15967000 8.9852 -3.76223
15968000 8.95566 -3.77605
15969000 8.87575 -3.49859
15970000 8.87363 -3.6082
15971000 9.23464 -4.03787
15972000 9.07565 -3.80021
15973000 9.05287 -3.96984
15974000 9.09778 -3.71766
15975000 9.01129 -3.69428
15976000 8.95535 -3.86501
15977000 8.89393 -3.59193
15978000 8.98352 -3.89382
15979000 8.97902 -3.89227
15980000 9.01398 -3.53822
15981000 8.91911 -3.79048
15982000 8.93382 -3.69899
15983000 8.95191 -3.84997
15984000 8.97179 -3.76723
15985000 8.93562 -3.73439
15986000 8.99143 -3.72319
15987000 8.99947 -3.71723
15988000 8.96235 -3.64995
15989000 9.04155 -3.90644
15990000 8.93997 -3.65871
15991000 9.09632 -4.04502
15992000 9.09463 -3.75174
15993000 8.97473 -3.50847
15994000 8.97805 -3.62576
15995000 8.95397 -3.64149
15996000 8.992 -3.75586
15997000 8.90997 -3.75803
15998000 8.93884 -3.7012
15999000 8.98511 -3.80527
16000000 8.86035 -3.64381
