# Time-averaged data for fix AVG
# TimeStep v_Vol v_H
3250000 7.41679 2.64168
3251000 7.42712 -2.95192
3252000 7.41746 -2.92964
3253000 7.43586 -3.03802
3254000 7.43251 -3.05613
3255000 7.45991 -3.07623
3256000 7.47161 -3.0746
3257000 7.44953 -3.08543
3258000 7.42712 -2.98994
3259000 7.45745 -2.97053
3260000 7.42408 -2.89789
3261000 7.47417 -3.07486
3262000 7.44981 -2.97319
3263000 7.4626 -3.11124
3264000 7.43848 -3.13823
3265000 7.45561 -3.02049
3266000 7.4245 -2.97965
3267000 7.39415 -2.84341
3268000 7.41878 -3.01451
3269000 7.39841 -2.82833
3270000 7.41108 -2.93996
3271000 7.42027 -2.94019
3272000 7.4344 -2.89077
3273000 7.39316 -2.95236
3274000 7.46593 -2.99781
3275000 7.47962 -3.09915
3276000 7.46293 -3.01097
3277000 7.45291 -3.0731
3278000 7.45751 -3.08412
3279000 7.43498 -3.07206
3280000 7.44814 -3.00776
3281000 7.46044 -3.00197
3282000 7.43155 -2.93692
3283000 7.44816 -3.12223
3284000 7.43755 -3.08458
3285000 7.41677 -3.04376
3286000 7.45208 -3.0773
3287000 7.42275 -3.01938
3288000 7.41357 -2.89332
3289000 7.44445 -3.05984
3290000 7.40494 -2.85616
3291000 7.3803 -2.8032
3292000 7.44058 -2.98559
3293000 7.44175 -2.9604
3294000 7.38477 -2.78034
3295000 7.42447 -2.99967
3296000 7.41899 -2.92846
3297000 7.39312 -2.86868
3298000 7.42795 -3.07424
3299000 7.46139 -3.07287
3300000 7.40461 -2.86021
3301000 7.43442 -2.98602
3302000 7.45487 -3.06956
3303000 7.46677 -3.12888
3304000 7.47703 -3.10327
3305000 7.4576 -2.98995
3306000 7.45337 -2.97867
3307000 7.42854 -3.02426
3308000 7.42752 -2.96893
3309000 7.41102 -2.95494
3310000 7.42701 -3.04549
3311000 7.41089 -2.95694
3312000 7.41329 -2.93649
3313000 7.4305 -2.83741
3314000 7.42049 -2.92559
3315000 7.44779 -3.12891
3316000 7.46014 -2.97388
3317000 7.44861 -3.14561
3318000 7.41847 -2.97405
3319000 7.39488 -2.88113
3320000 7.4169 -3.00394
3321000 7.45101 -3.03752
3322000 7.44961 -3.02122
3323000 7.42524 -3.12318
3324000 7.41812 -2.90519
3325000 7.43099 -2.88171
3326000 7.39502 -2.89386
3327000 7.41198 -2.95831
3328000 7.44067 -2.97096
3329000 7.42009 -2.95382
3330000 7.45266 -3.10231
3331000 7.44749 -3.01319
3332000 7.44628 -3.05885
3333000 7.41599 -2.96541
3334000 7.47371 -3.09083
3335000 7.43596 -2.94399
3336000 7.44838 -3.05111
3337000 7.4039 -2.86954
3338000 7.40794 -2.82168
3339000 7.4027 -2.95246
3340000 7.44132 -3.03817
3341000 7.43698 -2.97825
3342000 7.44873 -3.07544
3343000 7.44192 -3.05166
3344000 7.46562 -3.11508
3345000 7.41499 -3.04209
3346000 7.44825 -3.03645
3347000 7.44519 -3.00186
3348000 7.42367 -3.09048
3349000 7.45601 -2.95812
3350000 7.43017 -3.00837
3351000 7.41229 -2.94729
3352000 7.44213 -2.92451
3353000 7.45963 -3.11153
3354000 7.46912 -3.09788
3355000 7.43254 -2.94279
3356000 7.40871 -2.93689
3357000 7.4392 -2.92811
3358000 7.40941 -2.86232
3359000 7.42387 -2.96494
3360000 7.43088 -3.055
3361000 7.43127 -2.92576
3362000 7.4503 -3.02641
3363000 7.46787 -3.1433
3364000 7.46615 -2.97718
3365000 7.43798 -2.93064
3366000 7.40447 -2.95562
3367000 7.42649 -3.01868
3368000 7.42568 -3.07017
3369000 7.42212 -2.91847
3370000 7.44568 -2.97433
3371000 7.45688 -3.06881
3372000 7.46245 -3.06016
3373000 7.43572 -3.06984
3374000 7.47461 -3.10978
3375000 7.42908 -2.92137
3376000 7.41102 -2.91905
3377000 7.42291 -2.91659
3378000 7.40899 -2.87803
3379000 7.41622 -2.895
3380000 7.39847 -2.87369
3381000 7.40046 -2.84393
3382000 7.47799 -3.21455
3383000 7.46748 -3.11943
3384000 7.49155 -3.27357
3385000 7.45285 -3.20822
3386000 7.47053 -3.16689
3387000 7.46482 -3.14201
3388000 7.45603 -3.10054
3389000 7.42844 -3.04249
3390000 7.42257 -2.99866
3391000 7.43384 -3.09627
3392000 7.40365 -2.87077
3393000 7.3989 -2.91932
3394000 7.42805 -2.96446
3395000 7.43827 -2.92496
3396000 7.43945 -3.07998
3397000 7.43429 -2.99426
3398000 7.40732 -2.91598
3399000 7.41538 -2.93575
3400000 7.40755 -2.93406
3401000 7.40577 -2.85499
3402000 7.41779 -2.97201
3403000 7.43371 -2.932
3404000 7.42989 -3.07177
3405000 7.40845 -2.87563
3406000 7.39161 -2.97012
3407000 7.40566 -2.92522
3408000 7.4422 -3.03302
3409000 7.45556 -3.11179
3410000 7.42599 -2.91583
3411000 7.38775 -2.91948
3412000 7.43861 -2.99562
3413000 7.41638 -2.9183
3414000 7.4319 -3.03737
3415000 7.45544 -3.0882
3416000 7.48928 -3.12881
3417000 7.46355 -3.28056
3418000 7.46308 -3.03536
3419000 7.46617 -3.18799
3420000 7.41034 -2.87388
3421000 7.41215 -2.93769
3422000 7.44887 -3.11793
3423000 7.42398 -2.8806
3424000 7.4237 -2.98019
3425000 7.43796 -3.07521
3426000 7.40738 -2.92801
3427000 7.44256 -3.0418
3428000 7.49329 -3.2557
3429000 7.44434 -3.04409
3430000 7.46436 -3.21653
3431000 7.42839 -3.02209
3432000 7.45324 -2.99358
3433000 7.40776 -2.88219
3434000 7.3999 -2.89326
3435000 7.40269 -2.8381
3436000 7.42571 -2.90435
3437000 7.44167 -3.1165
3438000 7.42619 -2.95571
3439000 7.41692 -2.98851
3440000 7.43475 -3.00981
3441000 7.45345 -3.06092
3442000 7.43559 -2.97398
3443000 7.4428 -2.92844
3444000 7.46364 -3.12908
3445000 7.43316 -2.96743
3446000 7.45819 -3.01706
3447000 7.4594 -3.14853
3448000 7.45721 -3.1117
3449000 7.41177 -2.82057
3450000 7.39066 -2.78852
3451000 7.39534 -2.73619
3452000 7.37135 -2.79295
3453000 7.40604 -2.97333
3454000 7.43179 -3.05554
3455000 7.4544 -3.16758
3456000 7.43461 -3.18658
3457000 7.43117 -2.99684
3458000 7.45389 -3.12805
3459000 7.48719 -3.12854
3460000 7.44655 -3.05653
3461000 7.48166 -3.18022
3462000 7.44508 -3.03193
3463000 7.42753 -2.96983
3464000 7.41479 -2.89775
3465000 7.43554 -2.99029
3466000 7.43662 -3.07947
3467000 7.42261 -2.94989
3468000 7.40252 -2.80499
3469000 7.39397 -2.94145
3470000 7.42976 -3.04702
3471000 7.41802 -2.91855
3472000 7.39179 -2.84142
3473000 7.37511 -2.82336
3474000 7.38318 -2.71647
3475000 7.40332 -2.89557
3476000 7.40445 -2.91976
3477000 7.4734 -3.15452
3478000 7.45469 -3.05467
3479000 7.45442 -3.19482
3480000 7.44588 -3.00068
3481000 7.47537 -3.02871
3482000 7.42106 -2.94052
3483000 7.41558 -2.85972
3484000 7.44637 -2.98696
3485000 7.44652 -3.11758
3486000 7.43236 -2.923
3487000 7.43596 -2.99724
3488000 7.48486 -3.0695
3489000 7.45318 -3.08101
3490000 7.43226 -2.96531
3491000 7.44816 -3.06481
3492000 7.42833 -3.00018
3493000 7.43029 -3.01893
3494000 7.45095 -3.07148
3495000 7.43971 -3.01642
3496000 7.43004 -3.05053
3497000 7.42531 -2.92283
3498000 7.44436 -3.12457
3499000 7.42084 -3.0127
3500000 7.44545 -3.04957
