#! FIELDS time refcv.mean refcv.morethan
 0.000000 0.374649 17.004284
 1.000000 0.414022 44.599973
 2.000000 0.409866 38.921084
 3.000000 0.410995 40.735966
 4.000000 0.415896 41.818205
 5.000000 0.419494 43.046949
 6.000000 0.422370 45.792727
 7.000000 0.423612 46.048793
 8.000000 0.428691 52.435945
 9.000000 0.423870 49.592937
 10.000000 0.430878 54.377791
 11.000000 0.431145 56.754233
 12.000000 0.434778 58.090804
 13.000000 0.427650 51.324420
 14.000000 0.425497 52.174318
 15.000000 0.424660 50.473857
 16.000000 0.419203 44.070601
 17.000000 0.435921 59.845268
 18.000000 0.430465 54.230426
 19.000000 0.424572 50.077284
 20.000000 0.436365 59.885030
 21.000000 0.426644 51.210489
 22.000000 0.424892 47.013204
 23.000000 0.438406 61.578945
 24.000000 0.432178 54.741516
 25.000000 0.430551 53.596377
 26.000000 0.442222 66.618893
 27.000000 0.446800 71.085379
 28.000000 0.437181 59.845317
 29.000000 0.439738 62.933045
 30.000000 0.431597 55.057274
 31.000000 0.434356 58.968194
 32.000000 0.435314 59.736599
 33.000000 0.433496 55.379687
 34.000000 0.441177 64.935275
 35.000000 0.429026 50.927156
 36.000000 0.432841 57.043427
 37.000000 0.433876 56.211156
 38.000000 0.442415 66.472600
 39.000000 0.438449 63.467939
 40.000000 0.438223 62.380750
 41.000000 0.441051 65.320985
 42.000000 0.437729 60.765582
 43.000000 0.442487 65.937298
 44.000000 0.437666 60.012629
 45.000000 0.441463 65.968813
 46.000000 0.438940 63.427154
 47.000000 0.436487 59.825741
 48.000000 0.433870 57.683040
 49.000000 0.441920 66.120840
 50.000000 0.431118 54.385473
 51.000000 0.434504 59.680775
 52.000000 0.434004 57.302700
 53.000000 0.439727 63.257715
 54.000000 0.432679 55.769758
 55.000000 0.436009 59.382800
 56.000000 0.433077 56.740099
 57.000000 0.442527 66.774054
 58.000000 0.425646 50.025608
 59.000000 0.439349 64.353910
 60.000000 0.439440 63.998808
 61.000000 0.435935 61.152839
 62.000000 0.432763 54.215348
 63.000000 0.432058 56.067748
 64.000000 0.430598 54.387950
 65.000000 0.437389 61.276474
 66.000000 0.432464 54.578365
 67.000000 0.437497 62.276548
 68.000000 0.430694 54.499676
 69.000000 0.434645 58.734265
 70.000000 0.433912 57.804751
 71.000000 0.435880 59.652627
 72.000000 0.434685 57.596296
 73.000000 0.433202 55.762793
 74.000000 0.433576 57.836520
 75.000000 0.432946 55.392054
 76.000000 0.430931 53.399445
 77.000000 0.436806 58.920384
 78.000000 0.434345 59.630189
 79.000000 0.428235 51.406230
 80.000000 0.430420 53.727046
 81.000000 0.421716 45.874803
 82.000000 0.422587 45.659706
 83.000000 0.427615 52.348553
 84.000000 0.435297 58.541758
 85.000000 0.435510 59.694055
 86.000000 0.440293 64.624319
 87.000000 0.444532 68.877037
 88.000000 0.442294 65.878327
 89.000000 0.451735 77.584992
 90.000000 0.450817 75.919705
 91.000000 0.444764 70.401158
 92.000000 0.446839 71.438547
 93.000000 0.442361 65.368591
 94.000000 0.442116 64.505105
 95.000000 0.439372 62.897885
 96.000000 0.437277 59.748459
 97.000000 0.442015 65.752187
 98.000000 0.436154 59.265297
 99.000000 0.432006 53.577692
 100.000000 0.429566 54.262937
 101.000000 0.433309 56.303105
 102.000000 0.430985 53.566399
 103.000000 0.428323 51.187120
 104.000000 0.438546 62.257126
 105.000000 0.436383 60.067774
 106.000000 0.438908 64.180226
 107.000000 0.432280 57.297239
 108.000000 0.436434 60.601545
 109.000000 0.435509 59.009441
 110.000000 0.440513 66.927598
 111.000000 0.439833 63.750337
 112.000000 0.438938 62.162824
 113.000000 0.429673 52.975348
 114.000000 0.443805 69.003831
 115.000000 0.433382 57.092983
 116.000000 0.433641 55.941588
 117.000000 0.436733 59.406121
 118.000000 0.440342 63.213279
 119.000000 0.438500 60.777307
 120.000000 0.444330 68.011375
 121.000000 0.440817 64.503640
 122.000000 0.425571 48.880292
 123.000000 0.441512 65.247172
 124.000000 0.439830 64.344330
 125.000000 0.434653 59.833794
 126.000000 0.434408 59.993296
 127.000000 0.447495 73.836210
 128.000000 0.433774 55.973358
 129.000000 0.443436 69.837949
 130.000000 0.447162 71.594944
 131.000000 0.445272 69.565339
 132.000000 0.434642 58.157095
 133.000000 0.439953 64.532941
 134.000000 0.442109 66.797536
 135.000000 0.443437 69.484013
 136.000000 0.436035 59.851832
 137.000000 0.441199 66.645108
 138.000000 0.436710 60.358038
 139.000000 0.444618 71.105332
 140.000000 0.438592 62.777302
 141.000000 0.438604 65.034051
 142.000000 0.435104 60.492030
 143.000000 0.436079 60.789494
 144.000000 0.432664 57.808793
 145.000000 0.440855 68.432846
 146.000000 0.425326 50.237266
 147.000000 0.430788 54.459372
 148.000000 0.436463 59.179837
 149.000000 0.435890 60.316801
 150.000000 0.430415 55.243903
 151.000000 0.444775 70.877161
 152.000000 0.436359 61.549247
 153.000000 0.440507 65.820519
 154.000000 0.443367 68.076713
 155.000000 0.441768 66.126612
 156.000000 0.440211 64.667964
 157.000000 0.447382 72.756468
 158.000000 0.443977 68.933488
 159.000000 0.438583 63.636494
 160.000000 0.432483 58.008245
 161.000000 0.435444 61.589008
 162.000000 0.437633 63.725545
 163.000000 0.444327 68.707076
 164.000000 0.441021 66.870147
 165.000000 0.441606 67.299056
 166.000000 0.436448 61.974797
 167.000000 0.428350 51.782307
 168.000000 0.434431 58.884526
 169.000000 0.444771 68.703414
 170.000000 0.443445 67.577325
 171.000000 0.438852 64.551788
 172.000000 0.439433 65.208619
 173.000000 0.427970 53.171067
 174.000000 0.437107 60.655700
 175.000000 0.427805 50.368248
 176.000000 0.436313 59.183344
 177.000000 0.434383 58.852087
 178.000000 0.435593 58.880134
 179.000000 0.442449 67.353271
 180.000000 0.434016 59.039950
 181.000000 0.433154 56.523649
 182.000000 0.436871 63.122663
 183.000000 0.447744 71.423520
 184.000000 0.440515 63.537591
 185.000000 0.442066 67.476398
 186.000000 0.430931 55.072284
 187.000000 0.433547 55.706456
 188.000000 0.434725 58.406753
 189.000000 0.438666 62.981515
 190.000000 0.439597 63.372371
 191.000000 0.438701 61.684452
 192.000000 0.432393 54.865054
 193.000000 0.445754 71.326702
 194.000000 0.438351 62.264229
 195.000000 0.432870 55.355441
 196.000000 0.428479 52.431479
 197.000000 0.429302 52.436868
 198.000000 0.437389 61.161300
 199.000000 0.435253 58.708566
 200.000000 0.428203 53.762623
 201.000000 0.428303 52.811883
 202.000000 0.431039 56.041710
 203.000000 0.432609 57.243429
 204.000000 0.433737 56.287804
 205.000000 0.435107 59.229031
 206.000000 0.440438 64.845267
 207.000000 0.438224 61.389173
 208.000000 0.425533 47.873638
 209.000000 0.436790 60.216354
 210.000000 0.436008 58.981372
 211.000000 0.436311 60.131323
 212.000000 0.441629 66.555839
 213.000000 0.440272 66.053977
 214.000000 0.440761 62.634931
 215.000000 0.433854 55.694234
 216.000000 0.440824 65.004094
 217.000000 0.443842 67.868577
 218.000000 0.438537 62.483051
 219.000000 0.438564 61.512416
 220.000000 0.441024 67.300827
 221.000000 0.440573 65.375233
 222.000000 0.439245 62.910368
 223.000000 0.439482 63.590242
 224.000000 0.439248 62.583381
 225.000000 0.432949 56.481239
 226.000000 0.430150 56.307365
 227.000000 0.431155 55.445490
 228.000000 0.417188 41.986176
 229.000000 0.424843 48.327403
 230.000000 0.437653 61.704908
 231.000000 0.447100 73.122373
 232.000000 0.445293 69.691541
 233.000000 0.430824 55.208249
 234.000000 0.431685 53.943012
 235.000000 0.430070 52.714139
 236.000000 0.427816 50.533570
 237.000000 0.429068 54.307652
 238.000000 0.428076 51.051362
 239.000000 0.438468 63.173276
 240.000000 0.428785 52.606255
 241.000000 0.426564 50.885804
 242.000000 0.427604 51.737831
 243.000000 0.423066 45.701262
 244.000000 0.428932 52.304400
 245.000000 0.420673 45.263054
 246.000000 0.426595 50.697444
 247.000000 0.434458 58.246811
 248.000000 0.424730 47.329204
 249.000000 0.416424 40.478873
 250.000000 0.431966 55.943487
 251.000000 0.431624 56.716299
 252.000000 0.424710 48.874102
 253.000000 0.432247 56.657786
 254.000000 0.430104 53.865977
 255.000000 0.434064 56.948139
 256.000000 0.432863 58.321381
 257.000000 0.425416 49.699234
 258.000000 0.430651 55.785466
 259.000000 0.429721 51.983359
 260.000000 0.424062 48.701071
 261.000000 0.431192 57.403145
 262.000000 0.427849 53.446579
 263.000000 0.424382 49.089078
 264.000000 0.423255 50.387210
 265.000000 0.426050 50.428678
 266.000000 0.422761 48.299374
 267.000000 0.427713 52.606228
 268.000000 0.425363 49.175978
 269.000000 0.423507 46.991867
 270.000000 0.431227 54.535169
 271.000000 0.427120 50.830631
 272.000000 0.421880 43.867160
 273.000000 0.438834 61.311038
 274.000000 0.430379 53.753783
 275.000000 0.437589 59.810785
 276.000000 0.439970 61.260554
 277.000000 0.443718 66.890310
 278.000000 0.448255 72.730338
 279.000000 0.447844 73.762065
 280.000000 0.441297 64.741916
 281.000000 0.439789 63.399485
 282.000000 0.440022 63.432106
 283.000000 0.438943 62.070093
 284.000000 0.442323 65.625886
 285.000000 0.430613 54.519220
 286.000000 0.432405 56.022394
 287.000000 0.436429 60.340390
 288.000000 0.436589 60.705328
 289.000000 0.421911 46.008293
 290.000000 0.424651 50.858957
 291.000000 0.419112 43.239235
 292.000000 0.422945 46.687261
 293.000000 0.424029 46.962842
 294.000000 0.429410 51.882743
 295.000000 0.435748 61.035050
 296.000000 0.447043 70.413848
 297.000000 0.435702 58.878576
 298.000000 0.437096 61.481165
 299.000000 0.435465 60.168657
 300.000000 0.436510 60.606676
 301.000000 0.440254 63.835416
 302.000000 0.431521 56.242684
 303.000000 0.445253 69.611840
 304.000000 0.444154 68.665011
 305.000000 0.434742 56.726680
 306.000000 0.437905 60.930560
 307.000000 0.430873 53.845792
 308.000000 0.437210 60.132004
 309.000000 0.435020 58.069744
 310.000000 0.446633 72.937981
 311.000000 0.437225 59.584708
 312.000000 0.434461 55.323216
 313.000000 0.444144 67.726017
 314.000000 0.440574 64.911825
 315.000000 0.437410 60.365770
 316.000000 0.437584 60.227269
 317.000000 0.434817 59.237491
 318.000000 0.423088 48.397031
 319.000000 0.429941 53.490803
 320.000000 0.431537 56.311103
 321.000000 0.428346 52.794831
 322.000000 0.431471 55.164495
 323.000000 0.430314 56.462203
 324.000000 0.437065 61.559342
 325.000000 0.427623 51.086201
 326.000000 0.431230 55.563512
 327.000000 0.433821 59.291709
 328.000000 0.434583 56.671688
 329.000000 0.432996 57.326236
 330.000000 0.436478 59.635313
 331.000000 0.432537 56.768191
 332.000000 0.437756 61.501662
 333.000000 0.438994 61.222349
 334.000000 0.434557 55.780466
 335.000000 0.441860 64.440741
 336.000000 0.442594 66.820927
 337.000000 0.441751 64.016302
 338.000000 0.443451 65.738818
 339.000000 0.451456 76.506580
 340.000000 0.446553 71.521114
 341.000000 0.439974 64.070335
 342.000000 0.445415 71.614862
 343.000000 0.452097 78.097454
 344.000000 0.439698 63.774634
 345.000000 0.438722 62.694868
 346.000000 0.443911 67.165912
 347.000000 0.441698 66.389990
 348.000000 0.445858 71.595535
 349.000000 0.436722 62.191029
 350.000000 0.439150 61.266749
 351.000000 0.436521 60.061187
 352.000000 0.431330 55.725459
 353.000000 0.426284 49.650483
 354.000000 0.428290 52.724070
 355.000000 0.426667 50.439000
 356.000000 0.432147 57.626191
 357.000000 0.427831 52.926049
 358.000000 0.437073 60.466474
 359.000000 0.427916 53.122563
 360.000000 0.432822 55.563691
 361.000000 0.434521 58.277371
 362.000000 0.426435 50.944034
 363.000000 0.436608 58.657257
 364.000000 0.436419 59.194921
 365.000000 0.435534 60.966525
 366.000000 0.437293 62.008412
 367.000000 0.427626 52.638629
 368.000000 0.433480 56.613891
 369.000000 0.430926 53.305851
 370.000000 0.435346 59.796693
 371.000000 0.422540 47.396022
 372.000000 0.431256 56.142653
 373.000000 0.437008 63.315104
 374.000000 0.431779 56.546264
 375.000000 0.435676 59.520670
 376.000000 0.429346 51.607085
 377.000000 0.429582 53.570010
 378.000000 0.434490 57.451637
 379.000000 0.437639 60.961617
 380.000000 0.431656 54.919833
 381.000000 0.430264 53.825717
 382.000000 0.434182 56.244280
 383.000000 0.437575 61.178864
 384.000000 0.433304 58.539619
 385.000000 0.428264 53.107605
 386.000000 0.430271 55.419488
 387.000000 0.440776 63.630597
 388.000000 0.442067 66.285765
 389.000000 0.436613 60.345649
 390.000000 0.436952 60.691435
 391.000000 0.438051 64.938897
 392.000000 0.433244 58.191110
 393.000000 0.440287 66.177784
 394.000000 0.436408 63.498782
 395.000000 0.441383 66.979198
 396.000000 0.437335 63.091635
 397.000000 0.441851 68.094835
 398.000000 0.435828 59.029617
 399.000000 0.435350 60.183845
 400.000000 0.437188 61.566242
 401.000000 0.436771 59.836794
 402.000000 0.435642 59.260714
 403.000000 0.442679 66.951569
 404.000000 0.434912 57.751842
 405.000000 0.445453 69.064579
 406.000000 0.443355 66.626149
 407.000000 0.444891 68.387918
 408.000000 0.443393 67.679371
 409.000000 0.456178 81.442662
 410.000000 0.442383 64.310965
 411.000000 0.440602 65.044758
 412.000000 0.442921 64.805608
 413.000000 0.429170 52.204036
 414.000000 0.431465 55.122273
 415.000000 0.429352 51.533512
 416.000000 0.434279 57.982424
 417.000000 0.444210 69.752353
 418.000000 0.437258 61.085383
 419.000000 0.437535 62.022932
 420.000000 0.441419 63.371535
 421.000000 0.441140 63.506021
 422.000000 0.433142 56.522847
 423.000000 0.430710 54.156662
 424.000000 0.440172 63.405142
 425.000000 0.431755 55.211298
 426.000000 0.428878 51.831563
 427.000000 0.429727 54.047886
 428.000000 0.433496 58.991203
 429.000000 0.441317 67.538642
 430.000000 0.442445 67.196852
 431.000000 0.441409 66.273693
 432.000000 0.440729 66.035073
 433.000000 0.445808 70.348995
 434.000000 0.441239 64.593267
 435.000000 0.432352 52.573114
 436.000000 0.445754 69.539342
 437.000000 0.439268 62.362645
 438.000000 0.441954 66.043370
 439.000000 0.445112 69.037144
 440.000000 0.448784 73.948008
 441.000000 0.449562 75.686218
 442.000000 0.447644 72.995515
 443.000000 0.444972 70.850450
 444.000000 0.435523 59.354270
 445.000000 0.453164 78.730364
 446.000000 0.446938 72.048376
 447.000000 0.442566 67.285101
 448.000000 0.439735 61.052933
 449.000000 0.429196 52.487714
 450.000000 0.435240 59.027873
 451.000000 0.435632 58.841379
 452.000000 0.436166 59.449559
 453.000000 0.436877 59.899515
 454.000000 0.434075 54.962390
 455.000000 0.438038 62.967482
 456.000000 0.436291 60.587323
 457.000000 0.438896 64.495705
 458.000000 0.443285 66.028753
 459.000000 0.431149 54.670074
 460.000000 0.430622 53.951309
 461.000000 0.426344 49.199550
 462.000000 0.434882 59.696930
 463.000000 0.435621 59.982130
 464.000000 0.443439 66.366831
 465.000000 0.443252 66.918799
 466.000000 0.442344 67.672408
 467.000000 0.438230 61.429616
 468.000000 0.439816 63.072129
 469.000000 0.439783 64.271641
 470.000000 0.444216 69.087898
 471.000000 0.443120 66.685169
 472.000000 0.439817 63.420103
 473.000000 0.441596 65.350499
 474.000000 0.436025 59.853572
 475.000000 0.435202 59.369672
 476.000000 0.431310 54.497111
 477.000000 0.435080 57.618804
 478.000000 0.440017 63.923509
 479.000000 0.440268 65.418652
 480.000000 0.440499 64.725267
 481.000000 0.432097 54.974294
 482.000000 0.445194 69.705856
 483.000000 0.436504 61.257150
 484.000000 0.450095 75.312862
 485.000000 0.440311 64.563769
 486.000000 0.437404 60.531798
 487.000000 0.443510 66.539557
 488.000000 0.439765 62.922643
 489.000000 0.439752 63.963271
 490.000000 0.435926 60.790060
 491.000000 0.446599 70.968480
 492.000000 0.445373 68.938691
 493.000000 0.455815 82.575638
 494.000000 0.441816 65.654969
 495.000000 0.444534 67.341931
 496.000000 0.440234 62.347071
 497.000000 0.441250 64.461528
 498.000000 0.435599 59.690331
 499.000000 0.439019 63.405051
 500.000000 0.433556 57.297051
 501.000000 0.429605 53.014893
 502.000000 0.438817 63.350585
 503.000000 0.434244 58.714611
 504.000000 0.435452 58.997453
 505.000000 0.433213 55.803298
 506.000000 0.431311 54.163741
 507.000000 0.433587 58.255479
 508.000000 0.428223 51.770608
 509.000000 0.431690 55.470838
 510.000000 0.432421 55.057086
 511.000000 0.431585 55.704366
 512.000000 0.428609 51.567526
 513.000000 0.427219 50.625896
 514.000000 0.418711 41.631261
 515.000000 0.428887 52.747312
 516.000000 0.433296 57.680883
 517.000000 0.426908 50.237382
 518.000000 0.443886 68.248585
 519.000000 0.437851 61.611126
 520.000000 0.426577 48.715352
 521.000000 0.435477 57.559710
 522.000000 0.440652 63.565605
 523.000000 0.442989 66.381445
 524.000000 0.441090 63.657660
 525.000000 0.434754 56.707539
 526.000000 0.439551 63.426551
 527.000000 0.435125 57.647398
 528.000000 0.435590 57.777236
 529.000000 0.435361 57.459776
 530.000000 0.438245 63.861477
 531.000000 0.440520 66.249612
 532.000000 0.452184 77.688163
 533.000000 0.441664 65.888378
 534.000000 0.449836 75.871395
 535.000000 0.443126 66.331134
 536.000000 0.438896 62.727795
 537.000000 0.438018 60.844913
 538.000000 0.431840 54.869324
 539.000000 0.438993 62.685718
 540.000000 0.439228 60.285965
 541.000000 0.449468 74.611240
 542.000000 0.441155 66.040272
 543.000000 0.437637 61.281638
 544.000000 0.439354 63.926029
 545.000000 0.440762 63.331644
 546.000000 0.435192 58.436126
 547.000000 0.439727 63.016264
 548.000000 0.445531 69.451558
 549.000000 0.450245 75.696888
 550.000000 0.448427 73.471543
 551.000000 0.450390 76.176012
 552.000000 0.443656 68.604672
 553.000000 0.435470 58.901424
 554.000000 0.446364 70.159531
 555.000000 0.449361 73.778081
 556.000000 0.441770 65.160399
 557.000000 0.444910 67.963298
 558.000000 0.446935 70.891201
 559.000000 0.436836 59.748860
 560.000000 0.445600 72.302226
 561.000000 0.444095 68.605501
 562.000000 0.445150 69.028849
 563.000000 0.437163 59.258770
 564.000000 0.446018 70.443369
 565.000000 0.442066 68.472000
 566.000000 0.448603 76.554723
 567.000000 0.437792 61.404265
 568.000000 0.438847 62.701401
 569.000000 0.448634 73.676744
 570.000000 0.445972 71.768150
 571.000000 0.444545 69.198617
 572.000000 0.445791 71.656535
 573.000000 0.446624 70.727882
 574.000000 0.435691 59.313416
 575.000000 0.435833 59.634191
 576.000000 0.436502 61.877596
 577.000000 0.427474 50.599486
 578.000000 0.434175 57.312968
 579.000000 0.430849 52.539279
 580.000000 0.436604 60.343531
 581.000000 0.442487 66.245560
 582.000000 0.437033 61.561583
 583.000000 0.445409 69.025847
 584.000000 0.437866 61.091832
 585.000000 0.443022 67.134878
 586.000000 0.446600 71.215349
 587.000000 0.438997 62.622507
 588.000000 0.444480 69.308080
 589.000000 0.447639 74.917109
 590.000000 0.447610 71.135544
 591.000000 0.447091 72.276379
 592.000000 0.446317 72.774834
 593.000000 0.444242 71.822723
 594.000000 0.439550 64.633168
 595.000000 0.436169 60.091149
 596.000000 0.432916 57.470037
 597.000000 0.442357 67.493977
 598.000000 0.447350 72.451165
 599.000000 0.443701 69.286693
 600.000000 0.445396 71.182193
 601.000000 0.439294 62.601507
 602.000000 0.445522 69.465887
 603.000000 0.443931 67.581079
 604.000000 0.442404 65.323723
 605.000000 0.446385 72.603415
 606.000000 0.437496 61.767325
 607.000000 0.449161 73.416039
 608.000000 0.439446 63.913943
 609.000000 0.447496 73.161870
 610.000000 0.448836 72.820252
 611.000000 0.445602 69.510976
 612.000000 0.446706 71.238022
 613.000000 0.449602 72.718569
 614.000000 0.437484 60.776304
 615.000000 0.447034 70.451461
 616.000000 0.442163 66.129335
 617.000000 0.434811 57.246900
 618.000000 0.431684 54.507151
 619.000000 0.434591 56.304679
 620.000000 0.433284 57.627853
 621.000000 0.438641 63.168648
 622.000000 0.443864 69.446333
 623.000000 0.435477 62.017268
 624.000000 0.438859 63.122286
 625.000000 0.429300 52.974355
 626.000000 0.441194 66.145073
 627.000000 0.439802 64.980781
 628.000000 0.439045 62.140201
 629.000000 0.436972 61.920355
 630.000000 0.439842 63.803478
 631.000000 0.433634 57.074957
 632.000000 0.430501 53.521291
 633.000000 0.437027 60.450917
 634.000000 0.438474 62.043125
 635.000000 0.440497 64.482264
 636.000000 0.435141 57.648549
 637.000000 0.436998 62.736887
 638.000000 0.436340 59.698145
 639.000000 0.435967 59.035772
 640.000000 0.436230 59.849161
 641.000000 0.431027 55.632978
 642.000000 0.429296 52.487743
 643.000000 0.428773 51.013430
 644.000000 0.430005 52.676719
 645.000000 0.440245 63.271690
 646.000000 0.439776 61.596145
 647.000000 0.434604 57.114523
 648.000000 0.437330 60.055489
 649.000000 0.436011 58.797061
 650.000000 0.425822 48.172645
 651.000000 0.430781 52.679102
 652.000000 0.424686 48.121122
 653.000000 0.431307 53.472095
 654.000000 0.435986 59.349370
 655.000000 0.439901 61.959537
 656.000000 0.442370 67.205542
 657.000000 0.437891 61.506965
 658.000000 0.437534 60.535228
 659.000000 0.430474 53.637309
 660.000000 0.440200 63.890007
 661.000000 0.429787 54.456432
 662.000000 0.432528 56.303229
 663.000000 0.430292 54.485558
 664.000000 0.442680 67.081634
 665.000000 0.429842 54.433648
 666.000000 0.439132 61.965641
 667.000000 0.434048 56.104296
 668.000000 0.433285 57.826647
 669.000000 0.429047 50.991480
 670.000000 0.433871 56.027108
 671.000000 0.435880 60.262752
 672.000000 0.433218 57.763282
 673.000000 0.419930 43.648706
 674.000000 0.426240 49.452331
 675.000000 0.428576 50.666735
 676.000000 0.432318 55.730920
 677.000000 0.441167 63.969310
 678.000000 0.434705 57.636356
 679.000000 0.436901 60.436103
 680.000000 0.442907 67.460247
 681.000000 0.442476 67.947924
 682.000000 0.441780 66.388780
 683.000000 0.442934 66.022704
 684.000000 0.441990 66.841137
 685.000000 0.438708 64.398200
 686.000000 0.437513 62.121559
 687.000000 0.436028 58.710754
 688.000000 0.439473 63.516140
 689.000000 0.442977 67.902355
 690.000000 0.443247 67.646727
 691.000000 0.446302 71.712380
 692.000000 0.453450 81.676720
 693.000000 0.445260 71.621549
 694.000000 0.446172 70.299953
 695.000000 0.445320 69.487324
 696.000000 0.442329 66.812287
 697.000000 0.445875 71.333946
 698.000000 0.449796 77.600640
 699.000000 0.447621 72.559455
 700.000000 0.452144 77.834286
 701.000000 0.439846 63.336567
 702.000000 0.442529 66.415659
 703.000000 0.443593 68.289980
 704.000000 0.442974 67.011605
 705.000000 0.448281 73.484007
 706.000000 0.436987 61.442746
 707.000000 0.447018 72.630830
 708.000000 0.447032 71.780269
 709.000000 0.440633 65.633280
 710.000000 0.442084 65.028359
 711.000000 0.440348 63.826876
 712.000000 0.444509 67.736935
 713.000000 0.435417 57.268702
 714.000000 0.434068 55.767006
 715.000000 0.438533 62.082536
 716.000000 0.438206 61.661199
 717.000000 0.438144 61.455407
 718.000000 0.436220 58.866367
 719.000000 0.438376 63.213191
 720.000000 0.434196 60.077059
 721.000000 0.433541 57.536294
 722.000000 0.444604 68.728151
 723.000000 0.441685 64.867285
 724.000000 0.441754 64.959875
 725.000000 0.434649 58.520030
 726.000000 0.441218 66.480735
 727.000000 0.449859 76.509318
 728.000000 0.438175 61.892180
 729.000000 0.445030 69.869133
 730.000000 0.442404 67.144081
 731.000000 0.438741 62.370962
 732.000000 0.434933 58.029962
 733.000000 0.439232 61.253844
 734.000000 0.430101 54.913435
 735.000000 0.427998 51.671711
 736.000000 0.435262 58.631853
 737.000000 0.437793 63.438194
 738.000000 0.435552 58.946330
 739.000000 0.449351 75.641024
 740.000000 0.444899 70.461100
 741.000000 0.447334 72.700377
 742.000000 0.447395 73.637077
 743.000000 0.447416 74.697739
 744.000000 0.434226 60.146502
 745.000000 0.435453 59.585678
 746.000000 0.448810 74.807669
 747.000000 0.428854 55.280595
 748.000000 0.428066 55.125023
 749.000000 0.437818 64.487520
 750.000000 0.434720 61.193492
 751.000000 0.436067 61.330789
 752.000000 0.431063 56.722012
 753.000000 0.428099 52.608344
 754.000000 0.441728 65.490099
 755.000000 0.435926 62.260626
 756.000000 0.431707 55.075599
 757.000000 0.435982 60.284601
 758.000000 0.443825 69.158764
 759.000000 0.449255 76.157892
 760.000000 0.436072 60.261385
 761.000000 0.437439 63.134093
 762.000000 0.436186 60.194470
 763.000000 0.443792 68.384818
 764.000000 0.436680 62.106248
 765.000000 0.439841 63.986504
 766.000000 0.435655 60.851508
 767.000000 0.433257 58.086056
 768.000000 0.432415 55.981297
 769.000000 0.444084 68.381343
 770.000000 0.432429 56.160056
 771.000000 0.435739 59.385469
 772.000000 0.433026 57.437901
 773.000000 0.438992 62.460531
 774.000000 0.441272 64.427222
 775.000000 0.441692 65.911909
 776.000000 0.441251 65.236233
 777.000000 0.430520 54.323109
 778.000000 0.429291 53.533711
 779.000000 0.434208 57.653929
 780.000000 0.432818 55.381738
 781.000000 0.433627 57.244993
 782.000000 0.436542 60.721589
 783.000000 0.438295 61.704417
 784.000000 0.448418 72.456885
 785.000000 0.440975 63.425289
 786.000000 0.441528 67.055383
 787.000000 0.440561 65.004955
 788.000000 0.442564 66.459296
 789.000000 0.442797 68.542269
 790.000000 0.441974 66.815779
 791.000000 0.442026 67.486419
 792.000000 0.433358 57.661210
 793.000000 0.444107 69.542176
 794.000000 0.439646 64.353049
 795.000000 0.432062 56.149802
 796.000000 0.433966 57.969044
 797.000000 0.428255 52.913628
 798.000000 0.433056 56.643127
 799.000000 0.434659 56.945838
 800.000000 0.433977 57.808711
 801.000000 0.430393 54.665623
 802.000000 0.435858 60.701712
 803.000000 0.430104 54.790156
 804.000000 0.435068 58.915776
 805.000000 0.430357 55.269046
 806.000000 0.425604 49.417497
 807.000000 0.432231 55.649814
 808.000000 0.427802 51.962062
 809.000000 0.433147 56.555603
 810.000000 0.431804 55.722817
 811.000000 0.429285 52.957484
 812.000000 0.427889 51.294453
 813.000000 0.436903 62.156825
 814.000000 0.432386 57.022670
 815.000000 0.429982 55.509093
 816.000000 0.431354 53.135123
 817.000000 0.435454 58.949955
 818.000000 0.430679 54.902727
 819.000000 0.429082 52.699485
 820.000000 0.443260 68.128336
 821.000000 0.432414 56.358234
 822.000000 0.436833 58.876302
 823.000000 0.433411 57.076543
 824.000000 0.438321 62.985688
 825.000000 0.429454 53.485824
 826.000000 0.432962 56.365330
 827.000000 0.427312 50.744209
 828.000000 0.430595 53.383885
 829.000000 0.429423 53.769781
 830.000000 0.430086 54.999688
 831.000000 0.441332 65.268563
 832.000000 0.439880 64.457392
 833.000000 0.439443 63.170830
 834.000000 0.435214 59.370300
 835.000000 0.441921 65.783685
 836.000000 0.441991 64.435599
 837.000000 0.436819 61.651717
 838.000000 0.439444 62.174218
 839.000000 0.441884 64.930715
 840.000000 0.436708 59.813918
 841.000000 0.433999 56.855626
 842.000000 0.430489 51.792297
 843.000000 0.441469 65.481477
 844.000000 0.443111 67.066511
 845.000000 0.437300 58.889332
 846.000000 0.439799 62.173511
 847.000000 0.434603 56.938513
 848.000000 0.448250 72.202007
 849.000000 0.443288 69.115413
 850.000000 0.440328 62.386808
 851.000000 0.438761 62.329399
 852.000000 0.443044 66.173586
 853.000000 0.440370 64.884613
 854.000000 0.433121 56.286490
 855.000000 0.439529 64.653097
 856.000000 0.445224 70.604156
 857.000000 0.435847 59.896634
 858.000000 0.436163 60.664818
 859.000000 0.433943 59.070950
 860.000000 0.441136 64.827261
 861.000000 0.432189 56.966072
 862.000000 0.433323 54.844129
 863.000000 0.434047 57.272476
 864.000000 0.439643 63.297301
 865.000000 0.439645 63.432906
 866.000000 0.436892 60.337433
 867.000000 0.439685 64.371406
 868.000000 0.433483 56.912977
 869.000000 0.441697 66.325115
 870.000000 0.444450 68.344324
 871.000000 0.451557 76.825112
 872.000000 0.446873 72.166842
 873.000000 0.438529 64.427286
 874.000000 0.449470 75.307851
 875.000000 0.441678 66.069343
 876.000000 0.436625 60.896785
 877.000000 0.437869 62.398558
 878.000000 0.443304 67.025230
 879.000000 0.442189 68.026342
 880.000000 0.440575 65.272514
 881.000000 0.432784 54.676421
 882.000000 0.447818 72.415859
 883.000000 0.459358 87.869061
 884.000000 0.437727 61.828609
 885.000000 0.440877 65.969695
 886.000000 0.434241 56.838649
 887.000000 0.444517 67.960757
 888.000000 0.443012 66.418559
 889.000000 0.454941 80.937140
 890.000000 0.439588 65.972898
 891.000000 0.442284 65.495933
 892.000000 0.440648 64.932659
 893.000000 0.442643 67.058661
 894.000000 0.440580 64.274281
 895.000000 0.442262 65.999938
 896.000000 0.433651 57.130245
 897.000000 0.444949 68.184866
 898.000000 0.442563 64.616184
 899.000000 0.444937 69.939155
 900.000000 0.437441 61.542444
 901.000000 0.438184 61.070680
 902.000000 0.447694 72.572526
 903.000000 0.442165 64.912906
 904.000000 0.442190 66.130185
 905.000000 0.437613 62.714071
 906.000000 0.436196 58.626842
 907.000000 0.437482 61.761585
 908.000000 0.442234 68.432468
 909.000000 0.445436 70.476693
 910.000000 0.436701 62.577176
 911.000000 0.441851 66.095595
 912.000000 0.440030 63.087873
 913.000000 0.444429 68.600233
 914.000000 0.438155 61.601600
 915.000000 0.437622 62.202151
 916.000000 0.440308 64.792125
 917.000000 0.433422 58.046182
 918.000000 0.435089 57.408629
 919.000000 0.433048 54.931114
 920.000000 0.435033 58.532832
 921.000000 0.440991 65.127885
 922.000000 0.441551 67.778091
 923.000000 0.438497 61.957339
 924.000000 0.434688 58.824580
 925.000000 0.435968 59.130291
 926.000000 0.440770 65.287813
 927.000000 0.440223 64.728870
 928.000000 0.431122 54.544726
 929.000000 0.439964 61.988168
 930.000000 0.445366 69.075123
 931.000000 0.439387 63.432183
 932.000000 0.437645 62.209373
 933.000000 0.430826 53.081056
 934.000000 0.434264 57.261779
 935.000000 0.441029 64.761724
 936.000000 0.440165 67.379168
 937.000000 0.443896 69.708957
 938.000000 0.443225 66.988657
 939.000000 0.433338 58.386162
 940.000000 0.432278 58.634953
 941.000000 0.424136 48.201699
 942.000000 0.432495 56.534021
 943.000000 0.435250 58.891414
 944.000000 0.432440 56.763278
 945.000000 0.432145 56.300101
 946.000000 0.431926 55.710519
 947.000000 0.438532 62.571397
 948.000000 0.439787 62.964100
 949.000000 0.439591 65.591144
 950.000000 0.441498 65.675630
 951.000000 0.436318 61.033972
 952.000000 0.440051 63.641308
 953.000000 0.440452 65.412355
 954.000000 0.453520 77.303338
 955.000000 0.441534 64.437133
 956.000000 0.445812 69.440546
 957.000000 0.440708 65.814769
 958.000000 0.443932 68.186948
 959.000000 0.439720 64.403061
 960.000000 0.447584 70.874582
 961.000000 0.437996 62.820410
 962.000000 0.438389 61.555257
 963.000000 0.441600 65.578902
 964.000000 0.447038 71.406425
 965.000000 0.434916 58.300351
 966.000000 0.436290 59.420348
 967.000000 0.440472 64.848857
 968.000000 0.447205 70.607945
 969.000000 0.432602 57.439417
 970.000000 0.431695 56.971086
 971.000000 0.438845 62.535061
 972.000000 0.431248 56.776693
 973.000000 0.425024 51.072368
 974.000000 0.420658 46.918075
 975.000000 0.432938 59.557563
 976.000000 0.429650 57.768587
 977.000000 0.430220 54.362524
 978.000000 0.443681 70.266287
 979.000000 0.434683 60.928358
 980.000000 0.438013 63.095874
 981.000000 0.432131 56.818640
 982.000000 0.429208 55.242186
 983.000000 0.436042 61.164898
 984.000000 0.437475 61.216142
 985.000000 0.441289 63.772273
 986.000000 0.437717 60.831794
 987.000000 0.439776 63.296626
 988.000000 0.441044 64.488993
 989.000000 0.439052 61.042652
 990.000000 0.442834 66.646457
 991.000000 0.432459 54.947284
 992.000000 0.441520 63.681941
 993.000000 0.444514 71.153942
 994.000000 0.443493 67.420870
 995.000000 0.437594 62.333283
 996.000000 0.441618 64.705799
 997.000000 0.438349 61.752350
 998.000000 0.446923 69.974617
 999.000000 0.452269 78.238295
 1000.000000 0.442083 65.815571
