#! FIELDS time refcv.mean refcv.morethan
 0.000000 1.434297 287.998850
 1.000000 1.552649 287.999559
 2.000000 1.562189 287.999603
 3.000000 1.559516 287.999602
 4.000000 1.584567 287.999679
 5.000000 1.610122 287.999740
 6.000000 1.622022 287.999763
 7.000000 1.626361 287.999770
 8.000000 1.639895 287.999790
 9.000000 1.613181 287.999734
 10.000000 1.639551 287.999793
 11.000000 1.630487 287.999781
 12.000000 1.650253 287.999814
 13.000000 1.619643 287.999752
 14.000000 1.611483 287.999735
 15.000000 1.616722 287.999734
 16.000000 1.607306 287.999731
 17.000000 1.641983 287.999798
 18.000000 1.628895 287.999771
 19.000000 1.623265 287.999760
 20.000000 1.632143 287.999781
 21.000000 1.613306 287.999749
 22.000000 1.635656 287.999790
 23.000000 1.654727 287.999818
 24.000000 1.643164 287.999804
 25.000000 1.637423 287.999795
 26.000000 1.639946 287.999798
 27.000000 1.663824 287.999831
 28.000000 1.647956 287.999811
 29.000000 1.671305 287.999841
 30.000000 1.633726 287.999787
 31.000000 1.626318 287.999779
 32.000000 1.658783 287.999820
 33.000000 1.652866 287.999817
 34.000000 1.669359 287.999841
 35.000000 1.643420 287.999805
 36.000000 1.638123 287.999796
 37.000000 1.656793 287.999823
 38.000000 1.669462 287.999836
 39.000000 1.648158 287.999812
 40.000000 1.651274 287.999813
 41.000000 1.670851 287.999841
 42.000000 1.668182 287.999838
 43.000000 1.673820 287.999843
 44.000000 1.659466 287.999825
 45.000000 1.657559 287.999823
 46.000000 1.641298 287.999798
 47.000000 1.671043 287.999833
 48.000000 1.625069 287.999757
 49.000000 1.660289 287.999819
 50.000000 1.649671 287.999808
 51.000000 1.659422 287.999822
 52.000000 1.654713 287.999820
 53.000000 1.648549 287.999814
 54.000000 1.616621 287.999765
 55.000000 1.640797 287.999800
 56.000000 1.634109 287.999789
 57.000000 1.657364 287.999821
 58.000000 1.623792 287.999775
 59.000000 1.666321 287.999832
 60.000000 1.650058 287.999815
 61.000000 1.646354 287.999809
 62.000000 1.657434 287.999825
 63.000000 1.626964 287.999772
 64.000000 1.626534 287.999769
 65.000000 1.667815 287.999835
 66.000000 1.638956 287.999797
 67.000000 1.649994 287.999813
 68.000000 1.639424 287.999796
 69.000000 1.657574 287.999816
 70.000000 1.647946 287.999806
 71.000000 1.643501 287.999800
 72.000000 1.628295 287.999773
 73.000000 1.635563 287.999787
 74.000000 1.643924 287.999798
 75.000000 1.646984 287.999803
 76.000000 1.643004 287.999807
 77.000000 1.648164 287.999810
 78.000000 1.634815 287.999777
 79.000000 1.624193 287.999759
 80.000000 1.624925 287.999775
 81.000000 1.606499 287.999733
 82.000000 1.613004 287.999749
 83.000000 1.622556 287.999767
 84.000000 1.654203 287.999819
 85.000000 1.654361 287.999817
 86.000000 1.665636 287.999837
 87.000000 1.649263 287.999813
 88.000000 1.677042 287.999846
 89.000000 1.692708 287.999861
 90.000000 1.675504 287.999845
 91.000000 1.661320 287.999823
 92.000000 1.670969 287.999841
 93.000000 1.663135 287.999829
 94.000000 1.660083 287.999828
 95.000000 1.642219 287.999800
 96.000000 1.659751 287.999828
 97.000000 1.664890 287.999828
 98.000000 1.632124 287.999783
 99.000000 1.650688 287.999814
 100.000000 1.618683 287.999764
 101.000000 1.636597 287.999793
 102.000000 1.635992 287.999791
 103.000000 1.636942 287.999792
 104.000000 1.660414 287.999826
 105.000000 1.656668 287.999823
 106.000000 1.663838 287.999825
 107.000000 1.632242 287.999783
 108.000000 1.643585 287.999804
 109.000000 1.659533 287.999826
 110.000000 1.652247 287.999816
 111.000000 1.661052 287.999826
 112.000000 1.652198 287.999817
 113.000000 1.640891 287.999803
 114.000000 1.676166 287.999841
 115.000000 1.631955 287.999784
 116.000000 1.648810 287.999810
 117.000000 1.650371 287.999812
 118.000000 1.665948 287.999829
 119.000000 1.661874 287.999831
 120.000000 1.679063 287.999848
 121.000000 1.654942 287.999807
 122.000000 1.619915 287.999754
 123.000000 1.648033 287.999806
 124.000000 1.654784 287.999816
 125.000000 1.634948 287.999788
 126.000000 1.650878 287.999804
 127.000000 1.688506 287.999854
 128.000000 1.650130 287.999812
 129.000000 1.660625 287.999825
 130.000000 1.667583 287.999838
 131.000000 1.684963 287.999856
 132.000000 1.645181 287.999806
 133.000000 1.666625 287.999835
 134.000000 1.672992 287.999837
 135.000000 1.657723 287.999820
 136.000000 1.660035 287.999825
 137.000000 1.673623 287.999836
 138.000000 1.651399 287.999807
 139.000000 1.667808 287.999832
 140.000000 1.654583 287.999824
 141.000000 1.655150 287.999807
 142.000000 1.644423 287.999798
 143.000000 1.648901 287.999807
 144.000000 1.639378 287.999782
 145.000000 1.643014 287.999789
 146.000000 1.641182 287.999784
 147.000000 1.635826 287.999779
 148.000000 1.664604 287.999828
 149.000000 1.634450 287.999775
 150.000000 1.624577 287.999762
 151.000000 1.665094 287.999828
 152.000000 1.634456 287.999787
 153.000000 1.645650 287.999793
 154.000000 1.652312 287.999816
 155.000000 1.654028 287.999812
 156.000000 1.646154 287.999804
 157.000000 1.666575 287.999831
 158.000000 1.660626 287.999825
 159.000000 1.662185 287.999812
 160.000000 1.649203 287.999787
 161.000000 1.636554 287.999787
 162.000000 1.658402 287.999820
 163.000000 1.685796 287.999853
 164.000000 1.647448 287.999805
 165.000000 1.651305 287.999811
 166.000000 1.636302 287.999788
 167.000000 1.616631 287.999751
 168.000000 1.639124 287.999800
 169.000000 1.655534 287.999817
 170.000000 1.658587 287.999823
 171.000000 1.646170 287.999799
 172.000000 1.648651 287.999798
 173.000000 1.602892 287.999729
 174.000000 1.648104 287.999811
 175.000000 1.636591 287.999792
 176.000000 1.660006 287.999824
 177.000000 1.651847 287.999816
 178.000000 1.659954 287.999825
 179.000000 1.661680 287.999823
 180.000000 1.644316 287.999793
 181.000000 1.644245 287.999799
 182.000000 1.649727 287.999813
 183.000000 1.666503 287.999836
 184.000000 1.668725 287.999831
 185.000000 1.652651 287.999808
 186.000000 1.640161 287.999796
 187.000000 1.663614 287.999831
 188.000000 1.659785 287.999820
 189.000000 1.673928 287.999838
 190.000000 1.649903 287.999816
 191.000000 1.658083 287.999826
 192.000000 1.652300 287.999818
 193.000000 1.664908 287.999832
 194.000000 1.650303 287.999816
 195.000000 1.639493 287.999792
 196.000000 1.638922 287.999786
 197.000000 1.616534 287.999756
 198.000000 1.663830 287.999832
 199.000000 1.635644 287.999790
 200.000000 1.625614 287.999770
 201.000000 1.638357 287.999795
 202.000000 1.633175 287.999787
 203.000000 1.642941 287.999799
 204.000000 1.651276 287.999812
 205.000000 1.635062 287.999793
 206.000000 1.649620 287.999812
 207.000000 1.662163 287.999831
 208.000000 1.630925 287.999783
 209.000000 1.652719 287.999818
 210.000000 1.641908 287.999800
 211.000000 1.640430 287.999796
 212.000000 1.658763 287.999818
 213.000000 1.641346 287.999796
 214.000000 1.651715 287.999818
 215.000000 1.644920 287.999804
 216.000000 1.649599 287.999805
 217.000000 1.644405 287.999806
 218.000000 1.641780 287.999802
 219.000000 1.641802 287.999804
 220.000000 1.636815 287.999779
 221.000000 1.650258 287.999815
 222.000000 1.639444 287.999796
 223.000000 1.649360 287.999811
 224.000000 1.653601 287.999821
 225.000000 1.628224 287.999780
 226.000000 1.633189 287.999789
 227.000000 1.629797 287.999775
 228.000000 1.603141 287.999727
 229.000000 1.618491 287.999753
 230.000000 1.643730 287.999791
 231.000000 1.659513 287.999816
 232.000000 1.668445 287.999829
 233.000000 1.645626 287.999793
 234.000000 1.643873 287.999799
 235.000000 1.639751 287.999793
 236.000000 1.638037 287.999792
 237.000000 1.650311 287.999808
 238.000000 1.642115 287.999797
 239.000000 1.645270 287.999802
 240.000000 1.641081 287.999798
 241.000000 1.635447 287.999777
 242.000000 1.642254 287.999795
 243.000000 1.626477 287.999772
 244.000000 1.636470 287.999784
 245.000000 1.621131 287.999761
 246.000000 1.631938 287.999780
 247.000000 1.652046 287.999819
 248.000000 1.625135 287.999772
 249.000000 1.609552 287.999745
 250.000000 1.644879 287.999804
 251.000000 1.626851 287.999772
 252.000000 1.605370 287.999735
 253.000000 1.639927 287.999796
 254.000000 1.628586 287.999773
 255.000000 1.651405 287.999818
 256.000000 1.651304 287.999811
 257.000000 1.633777 287.999786
 258.000000 1.620072 287.999762
 259.000000 1.651708 287.999816
 260.000000 1.629245 287.999778
 261.000000 1.624567 287.999773
 262.000000 1.629897 287.999768
 263.000000 1.622015 287.999765
 264.000000 1.605308 287.999734
 265.000000 1.627448 287.999773
 266.000000 1.599482 287.999714
 267.000000 1.622002 287.999763
 268.000000 1.612294 287.999751
 269.000000 1.621486 287.999763
 270.000000 1.644608 287.999801
 271.000000 1.622554 287.999766
 272.000000 1.618886 287.999766
 273.000000 1.662402 287.999831
 274.000000 1.643360 287.999795
 275.000000 1.654100 287.999822
 276.000000 1.660449 287.999830
 277.000000 1.652518 287.999817
 278.000000 1.662357 287.999828
 279.000000 1.656423 287.999818
 280.000000 1.644140 287.999809
 281.000000 1.644829 287.999806
 282.000000 1.648301 287.999813
 283.000000 1.650869 287.999815
 284.000000 1.656314 287.999825
 285.000000 1.633399 287.999788
 286.000000 1.654415 287.999815
 287.000000 1.648839 287.999801
 288.000000 1.654754 287.999813
 289.000000 1.623374 287.999761
 290.000000 1.609959 287.999733
 291.000000 1.605533 287.999728
 292.000000 1.601299 287.999727
 293.000000 1.637269 287.999790
 294.000000 1.627759 287.999777
 295.000000 1.623383 287.999773
 296.000000 1.662893 287.999832
 297.000000 1.650451 287.999813
 298.000000 1.633945 287.999786
 299.000000 1.639974 287.999796
 300.000000 1.636736 287.999793
 301.000000 1.658061 287.999826
 302.000000 1.638461 287.999795
 303.000000 1.669383 287.999834
 304.000000 1.681350 287.999847
 305.000000 1.646050 287.999810
 306.000000 1.651270 287.999818
 307.000000 1.629310 287.999781
 308.000000 1.650712 287.999816
 309.000000 1.646044 287.999808
 310.000000 1.670380 287.999837
 311.000000 1.655502 287.999818
 312.000000 1.654541 287.999819
 313.000000 1.666325 287.999835
 314.000000 1.657127 287.999822
 315.000000 1.659239 287.999825
 316.000000 1.653935 287.999822
 317.000000 1.665529 287.999832
 318.000000 1.627837 287.999779
 319.000000 1.642706 287.999805
 320.000000 1.621464 287.999759
 321.000000 1.625328 287.999769
 322.000000 1.639530 287.999794
 323.000000 1.625588 287.999769
 324.000000 1.645504 287.999811
 325.000000 1.646494 287.999796
 326.000000 1.643040 287.999799
 327.000000 1.643430 287.999794
 328.000000 1.645240 287.999803
 329.000000 1.634586 287.999784
 330.000000 1.649147 287.999807
 331.000000 1.635328 287.999786
 332.000000 1.634638 287.999785
 333.000000 1.650713 287.999803
 334.000000 1.643491 287.999806
 335.000000 1.676951 287.999842
 336.000000 1.651466 287.999816
 337.000000 1.655366 287.999822
 338.000000 1.666236 287.999838
 339.000000 1.671139 287.999840
 340.000000 1.676002 287.999843
 341.000000 1.659161 287.999822
 342.000000 1.664394 287.999828
 343.000000 1.677736 287.999848
 344.000000 1.670442 287.999836
 345.000000 1.644704 287.999805
 346.000000 1.664707 287.999832
 347.000000 1.672090 287.999843
 348.000000 1.664319 287.999826
 349.000000 1.640244 287.999791
 350.000000 1.662599 287.999828
 351.000000 1.655075 287.999816
 352.000000 1.643097 287.999800
 353.000000 1.622302 287.999760
 354.000000 1.617992 287.999755
 355.000000 1.616978 287.999750
 356.000000 1.625042 287.999774
 357.000000 1.631789 287.999784
 358.000000 1.636030 287.999797
 359.000000 1.619185 287.999752
 360.000000 1.632704 287.999795
 361.000000 1.659299 287.999823
 362.000000 1.626409 287.999770
 363.000000 1.665749 287.999828
 364.000000 1.666207 287.999827
 365.000000 1.632497 287.999775
 366.000000 1.662466 287.999825
 367.000000 1.630691 287.999782
 368.000000 1.656778 287.999814
 369.000000 1.645448 287.999805
 370.000000 1.642301 287.999791
 371.000000 1.621693 287.999765
 372.000000 1.647916 287.999797
 373.000000 1.647091 287.999799
 374.000000 1.643366 287.999795
 375.000000 1.663657 287.999832
 376.000000 1.640060 287.999789
 377.000000 1.633630 287.999788
 378.000000 1.653282 287.999820
 379.000000 1.668574 287.999831
 380.000000 1.643344 287.999803
 381.000000 1.621398 287.999766
 382.000000 1.639169 287.999798
 383.000000 1.638005 287.999795
 384.000000 1.643327 287.999795
 385.000000 1.619795 287.999762
 386.000000 1.640706 287.999795
 387.000000 1.663753 287.999831
 388.000000 1.668803 287.999833
 389.000000 1.649974 287.999815
 390.000000 1.644054 287.999804
 391.000000 1.637470 287.999788
 392.000000 1.624884 287.999764
 393.000000 1.646203 287.999802
 394.000000 1.635628 287.999785
 395.000000 1.634141 287.999789
 396.000000 1.642766 287.999801
 397.000000 1.646785 287.999808
 398.000000 1.647457 287.999809
 399.000000 1.650293 287.999815
 400.000000 1.647638 287.999805
 401.000000 1.649254 287.999806
 402.000000 1.644251 287.999803
 403.000000 1.665483 287.999828
 404.000000 1.647228 287.999797
 405.000000 1.680108 287.999847
 406.000000 1.674143 287.999839
 407.000000 1.685742 287.999855
 408.000000 1.663171 287.999824
 409.000000 1.708726 287.999876
 410.000000 1.669993 287.999841
 411.000000 1.660200 287.999830
 412.000000 1.679328 287.999853
 413.000000 1.634786 287.999789
 414.000000 1.631525 287.999785
 415.000000 1.638632 287.999792
 416.000000 1.642046 287.999796
 417.000000 1.670160 287.999833
 418.000000 1.644081 287.999792
 419.000000 1.655532 287.999818
 420.000000 1.668323 287.999839
 421.000000 1.658845 287.999830
 422.000000 1.645212 287.999805
 423.000000 1.641901 287.999802
 424.000000 1.660793 287.999831
 425.000000 1.634635 287.999786
 426.000000 1.639549 287.999792
 427.000000 1.628046 287.999773
 428.000000 1.626014 287.999771
 429.000000 1.638932 287.999785
 430.000000 1.642239 287.999800
 431.000000 1.637097 287.999788
 432.000000 1.654126 287.999813
 433.000000 1.671943 287.999836
 434.000000 1.661077 287.999826
 435.000000 1.652397 287.999813
 436.000000 1.675157 287.999844
 437.000000 1.653786 287.999817
 438.000000 1.653174 287.999816
 439.000000 1.666177 287.999832
 440.000000 1.673739 287.999838
 441.000000 1.670646 287.999831
 442.000000 1.658859 287.999823
 443.000000 1.647919 287.999804
 444.000000 1.639405 287.999795
 445.000000 1.680452 287.999848
 446.000000 1.676312 287.999846
 447.000000 1.650380 287.999807
 448.000000 1.658823 287.999825
 449.000000 1.637111 287.999788
 450.000000 1.655249 287.999811
 451.000000 1.642099 287.999800
 452.000000 1.644358 287.999806
 453.000000 1.648232 287.999810
 454.000000 1.655630 287.999821
 455.000000 1.662315 287.999821
 456.000000 1.652871 287.999812
 457.000000 1.647995 287.999807
 458.000000 1.670954 287.999841
 459.000000 1.643865 287.999803
 460.000000 1.627665 287.999783
 461.000000 1.638026 287.999793
 462.000000 1.653762 287.999817
 463.000000 1.657636 287.999825
 464.000000 1.692370 287.999860
 465.000000 1.675059 287.999845
 466.000000 1.680411 287.999845
 467.000000 1.673207 287.999844
 468.000000 1.674505 287.999844
 469.000000 1.657404 287.999823
 470.000000 1.670465 287.999838
 471.000000 1.676322 287.999842
 472.000000 1.664653 287.999827
 473.000000 1.667233 287.999832
 474.000000 1.660960 287.999832
 475.000000 1.646589 287.999805
 476.000000 1.646451 287.999807
 477.000000 1.644396 287.999801
 478.000000 1.651926 287.999819
 479.000000 1.654346 287.999807
 480.000000 1.666780 287.999835
 481.000000 1.649329 287.999813
 482.000000 1.665878 287.999835
 483.000000 1.644371 287.999805
 484.000000 1.679521 287.999844
 485.000000 1.666578 287.999829
 486.000000 1.655707 287.999817
 487.000000 1.683485 287.999851
 488.000000 1.683146 287.999849
 489.000000 1.668024 287.999824
 490.000000 1.642368 287.999794
 491.000000 1.676351 287.999845
 492.000000 1.664299 287.999832
 493.000000 1.686980 287.999858
 494.000000 1.651929 287.999817
 495.000000 1.669127 287.999840
 496.000000 1.649125 287.999814
 497.000000 1.662473 287.999827
 498.000000 1.639258 287.999798
 499.000000 1.642614 287.999800
 500.000000 1.628455 287.999780
 501.000000 1.627823 287.999775
 502.000000 1.658198 287.999804
 503.000000 1.640754 287.999796
 504.000000 1.629333 287.999782
 505.000000 1.628013 287.999780
 506.000000 1.648351 287.999809
 507.000000 1.633044 287.999783
 508.000000 1.633826 287.999790
 509.000000 1.632393 287.999787
 510.000000 1.641288 287.999800
 511.000000 1.623567 287.999769
 512.000000 1.650354 287.999812
 513.000000 1.628877 287.999781
 514.000000 1.612739 287.999755
 515.000000 1.631005 287.999785
 516.000000 1.630583 287.999780
 517.000000 1.627520 287.999774
 518.000000 1.633486 287.999790
 519.000000 1.641673 287.999802
 520.000000 1.632693 287.999788
 521.000000 1.641161 287.999800
 522.000000 1.648149 287.999811
 523.000000 1.667156 287.999835
 524.000000 1.650635 287.999818
 525.000000 1.647418 287.999802
 526.000000 1.643383 287.999809
 527.000000 1.640900 287.999804
 528.000000 1.635147 287.999794
 529.000000 1.641211 287.999792
 530.000000 1.628721 287.999771
 531.000000 1.636915 287.999787
 532.000000 1.663169 287.999831
 533.000000 1.651726 287.999819
 534.000000 1.670902 287.999842
 535.000000 1.656704 287.999820
 536.000000 1.639872 287.999801
 537.000000 1.645530 287.999807
 538.000000 1.632826 287.999777
 539.000000 1.634667 287.999791
 540.000000 1.640653 287.999803
 541.000000 1.672621 287.999843
 542.000000 1.652752 287.999814
 543.000000 1.643931 287.999808
 544.000000 1.659272 287.999826
 545.000000 1.664244 287.999833
 546.000000 1.653372 287.999818
 547.000000 1.666743 287.999840
 548.000000 1.678283 287.999850
 549.000000 1.682768 287.999855
 550.000000 1.696104 287.999866
 551.000000 1.695359 287.999866
 552.000000 1.680185 287.999848
 553.000000 1.654477 287.999820
 554.000000 1.667946 287.999836
 555.000000 1.672240 287.999839
 556.000000 1.680818 287.999848
 557.000000 1.664373 287.999830
 558.000000 1.690098 287.999855
 559.000000 1.646107 287.999813
 560.000000 1.663909 287.999825
 561.000000 1.656671 287.999815
 562.000000 1.653954 287.999812
 563.000000 1.643305 287.999802
 564.000000 1.665729 287.999829
 565.000000 1.654184 287.999819
 566.000000 1.668481 287.999834
 567.000000 1.653144 287.999810
 568.000000 1.652641 287.999808
 569.000000 1.665785 287.999831
 570.000000 1.665048 287.999830
 571.000000 1.663911 287.999835
 572.000000 1.669188 287.999837
 573.000000 1.672024 287.999838
 574.000000 1.626797 287.999777
 575.000000 1.643910 287.999801
 576.000000 1.645327 287.999803
 577.000000 1.641567 287.999793
 578.000000 1.649440 287.999806
 579.000000 1.642611 287.999806
 580.000000 1.637024 287.999790
 581.000000 1.652110 287.999816
 582.000000 1.624471 287.999771
 583.000000 1.667769 287.999835
 584.000000 1.655280 287.999816
 585.000000 1.659605 287.999829
 586.000000 1.676865 287.999847
 587.000000 1.650330 287.999812
 588.000000 1.658099 287.999826
 589.000000 1.668790 287.999835
 590.000000 1.689013 287.999859
 591.000000 1.667389 287.999825
 592.000000 1.659905 287.999814
 593.000000 1.658749 287.999811
 594.000000 1.653261 287.999809
 595.000000 1.651371 287.999812
 596.000000 1.635196 287.999784
 597.000000 1.642402 287.999800
 598.000000 1.665495 287.999829
 599.000000 1.658816 287.999816
 600.000000 1.682709 287.999850
 601.000000 1.668663 287.999831
 602.000000 1.683612 287.999846
 603.000000 1.659180 287.999815
 604.000000 1.683211 287.999846
 605.000000 1.658985 287.999814
 606.000000 1.640807 287.999792
 607.000000 1.668971 287.999838
 608.000000 1.641345 287.999800
 609.000000 1.664535 287.999831
 610.000000 1.672422 287.999841
 611.000000 1.659123 287.999827
 612.000000 1.666651 287.999835
 613.000000 1.686695 287.999860
 614.000000 1.650560 287.999814
 615.000000 1.682257 287.999854
 616.000000 1.666781 287.999834
 617.000000 1.650751 287.999815
 618.000000 1.638680 287.999797
 619.000000 1.652710 287.999817
 620.000000 1.640888 287.999796
 621.000000 1.646739 287.999801
 622.000000 1.657926 287.999815
 623.000000 1.626852 287.999778
 624.000000 1.648714 287.999810
 625.000000 1.627580 287.999776
 626.000000 1.635067 287.999786
 627.000000 1.649749 287.999812
 628.000000 1.640019 287.999799
 629.000000 1.644437 287.999802
 630.000000 1.656420 287.999819
 631.000000 1.658653 287.999817
 632.000000 1.630397 287.999786
 633.000000 1.645921 287.999803
 634.000000 1.644908 287.999808
 635.000000 1.657504 287.999822
 636.000000 1.643913 287.999803
 637.000000 1.637446 287.999784
 638.000000 1.638018 287.999791
 639.000000 1.651027 287.999814
 640.000000 1.637350 287.999795
 641.000000 1.645493 287.999806
 642.000000 1.640916 287.999799
 643.000000 1.630271 287.999787
 644.000000 1.626848 287.999782
 645.000000 1.659937 287.999822
 646.000000 1.661052 287.999828
 647.000000 1.652175 287.999815
 648.000000 1.653953 287.999822
 649.000000 1.647748 287.999808
 650.000000 1.617439 287.999760
 651.000000 1.640911 287.999807
 652.000000 1.616855 287.999757
 653.000000 1.636263 287.999793
 654.000000 1.655286 287.999818
 655.000000 1.675841 287.999845
 656.000000 1.669144 287.999831
 657.000000 1.646032 287.999808
 658.000000 1.652449 287.999818
 659.000000 1.627776 287.999780
 660.000000 1.657586 287.999823
 661.000000 1.624593 287.999770
 662.000000 1.645389 287.999802
 663.000000 1.642519 287.999797
 664.000000 1.647578 287.999805
 665.000000 1.629814 287.999775
 666.000000 1.662388 287.999829
 667.000000 1.660352 287.999824
 668.000000 1.647938 287.999800
 669.000000 1.638149 287.999798
 670.000000 1.658008 287.999820
 671.000000 1.646055 287.999805
 672.000000 1.640171 287.999794
 673.000000 1.611410 287.999747
 674.000000 1.635216 287.999785
 675.000000 1.634014 287.999791
 676.000000 1.650994 287.999813
 677.000000 1.677474 287.999846
 678.000000 1.649439 287.999813
 679.000000 1.654761 287.999820
 680.000000 1.675239 287.999842
 681.000000 1.669782 287.999836
 682.000000 1.658832 287.999821
 683.000000 1.671858 287.999839
 684.000000 1.647388 287.999807
 685.000000 1.638608 287.999789
 686.000000 1.642549 287.999800
 687.000000 1.644639 287.999807
 688.000000 1.661668 287.999827
 689.000000 1.658475 287.999819
 690.000000 1.675594 287.999837
 691.000000 1.671006 287.999838
 692.000000 1.693137 287.999862
 693.000000 1.666850 287.999833
 694.000000 1.671211 287.999837
 695.000000 1.672477 287.999843
 696.000000 1.663522 287.999835
 697.000000 1.670372 287.999836
 698.000000 1.669181 287.999837
 699.000000 1.682972 287.999854
 700.000000 1.677493 287.999849
 701.000000 1.652871 287.999817
 702.000000 1.658547 287.999824
 703.000000 1.661633 287.999823
 704.000000 1.672361 287.999841
 705.000000 1.685994 287.999855
 706.000000 1.665915 287.999828
 707.000000 1.687980 287.999855
 708.000000 1.679435 287.999848
 709.000000 1.676691 287.999845
 710.000000 1.677700 287.999851
 711.000000 1.676659 287.999849
 712.000000 1.680825 287.999853
 713.000000 1.653832 287.999820
 714.000000 1.653402 287.999818
 715.000000 1.656287 287.999820
 716.000000 1.655283 287.999816
 717.000000 1.675134 287.999842
 718.000000 1.664165 287.999832
 719.000000 1.661905 287.999828
 720.000000 1.645829 287.999805
 721.000000 1.639800 287.999796
 722.000000 1.679049 287.999842
 723.000000 1.680168 287.999851
 724.000000 1.677699 287.999847
 725.000000 1.649924 287.999813
 726.000000 1.656502 287.999827
 727.000000 1.675315 287.999840
 728.000000 1.661310 287.999827
 729.000000 1.676372 287.999848
 730.000000 1.673935 287.999838
 731.000000 1.663568 287.999829
 732.000000 1.633147 287.999786
 733.000000 1.647776 287.999809
 734.000000 1.631887 287.999783
 735.000000 1.630653 287.999776
 736.000000 1.651419 287.999815
 737.000000 1.654086 287.999815
 738.000000 1.646050 287.999806
 739.000000 1.671449 287.999840
 740.000000 1.662965 287.999824
 741.000000 1.676356 287.999843
 742.000000 1.657943 287.999819
 743.000000 1.665576 287.999820
 744.000000 1.633895 287.999782
 745.000000 1.653303 287.999811
 746.000000 1.679447 287.999849
 747.000000 1.626493 287.999764
 748.000000 1.621034 287.999761
 749.000000 1.648055 287.999800
 750.000000 1.628505 287.999764
 751.000000 1.640126 287.999798
 752.000000 1.634376 287.999782
 753.000000 1.630285 287.999777
 754.000000 1.669473 287.999838
 755.000000 1.638030 287.999794
 756.000000 1.633100 287.999789
 757.000000 1.631192 287.999780
 758.000000 1.668424 287.999834
 759.000000 1.656651 287.999818
 760.000000 1.648840 287.999810
 761.000000 1.652657 287.999807
 762.000000 1.631903 287.999778
 763.000000 1.657681 287.999820
 764.000000 1.649893 287.999808
 765.000000 1.645606 287.999804
 766.000000 1.633937 287.999784
 767.000000 1.631772 287.999779
 768.000000 1.632850 287.999784
 769.000000 1.648606 287.999811
 770.000000 1.636613 287.999792
 771.000000 1.636413 287.999790
 772.000000 1.648507 287.999806
 773.000000 1.654922 287.999814
 774.000000 1.666370 287.999837
 775.000000 1.648039 287.999811
 776.000000 1.642338 287.999799
 777.000000 1.633719 287.999784
 778.000000 1.627553 287.999776
 779.000000 1.643465 287.999799
 780.000000 1.647886 287.999808
 781.000000 1.636568 287.999791
 782.000000 1.637288 287.999797
 783.000000 1.645520 287.999807
 784.000000 1.674511 287.999846
 785.000000 1.662436 287.999828
 786.000000 1.640349 287.999800
 787.000000 1.647156 287.999810
 788.000000 1.650636 287.999817
 789.000000 1.666234 287.999833
 790.000000 1.644154 287.999806
 791.000000 1.636204 287.999794
 792.000000 1.616210 287.999764
 793.000000 1.650119 287.999808
 794.000000 1.642445 287.999798
 795.000000 1.627165 287.999780
 796.000000 1.638260 287.999794
 797.000000 1.632193 287.999780
 798.000000 1.642684 287.999805
 799.000000 1.636046 287.999798
 800.000000 1.649181 287.999813
 801.000000 1.651392 287.999814
 802.000000 1.643679 287.999798
 803.000000 1.632704 287.999781
 804.000000 1.647283 287.999807
 805.000000 1.643392 287.999801
 806.000000 1.624614 287.999780
 807.000000 1.645573 287.999809
 808.000000 1.635117 287.999791
 809.000000 1.641290 287.999796
 810.000000 1.649206 287.999810
 811.000000 1.652342 287.999820
 812.000000 1.629883 287.999784
 813.000000 1.649095 287.999811
 814.000000 1.645187 287.999803
 815.000000 1.624056 287.999767
 816.000000 1.645479 287.999814
 817.000000 1.664824 287.999831
 818.000000 1.648862 287.999805
 819.000000 1.640348 287.999798
 820.000000 1.676746 287.999843
 821.000000 1.638147 287.999790
 822.000000 1.653265 287.999814
 823.000000 1.637926 287.999787
 824.000000 1.658154 287.999817
 825.000000 1.635793 287.999784
 826.000000 1.651082 287.999811
 827.000000 1.633510 287.999789
 828.000000 1.630050 287.999775
 829.000000 1.630345 287.999778
 830.000000 1.637696 287.999780
 831.000000 1.657796 287.999826
 832.000000 1.642813 287.999803
 833.000000 1.669415 287.999835
 834.000000 1.647827 287.999813
 835.000000 1.649270 287.999814
 836.000000 1.671739 287.999838
 837.000000 1.645735 287.999807
 838.000000 1.653208 287.999822
 839.000000 1.673288 287.999846
 840.000000 1.648796 287.999810
 841.000000 1.654112 287.999818
 842.000000 1.639214 287.999794
 843.000000 1.677437 287.999847
 844.000000 1.662587 287.999828
 845.000000 1.646669 287.999809
 846.000000 1.656218 287.999819
 847.000000 1.652491 287.999808
 848.000000 1.697330 287.999864
 849.000000 1.665411 287.999828
 850.000000 1.672356 287.999840
 851.000000 1.643070 287.999802
 852.000000 1.665608 287.999834
 853.000000 1.671293 287.999830
 854.000000 1.652706 287.999813
 855.000000 1.648985 287.999808
 856.000000 1.663205 287.999828
 857.000000 1.659282 287.999823
 858.000000 1.649628 287.999805
 859.000000 1.645739 287.999799
 860.000000 1.666128 287.999833
 861.000000 1.629238 287.999771
 862.000000 1.636713 287.999792
 863.000000 1.643872 287.999806
 864.000000 1.658688 287.999824
 865.000000 1.657553 287.999821
 866.000000 1.656297 287.999821
 867.000000 1.656965 287.999817
 868.000000 1.641993 287.999803
 869.000000 1.648933 287.999803
 870.000000 1.676414 287.999842
 871.000000 1.665953 287.999834
 872.000000 1.672610 287.999831
 873.000000 1.647054 287.999808
 874.000000 1.671166 287.999837
 875.000000 1.646213 287.999803
 876.000000 1.656745 287.999818
 877.000000 1.645172 287.999804
 878.000000 1.659927 287.999827
 879.000000 1.644410 287.999803
 880.000000 1.644953 287.999803
 881.000000 1.636173 287.999794
 882.000000 1.680021 287.999850
 883.000000 1.700520 287.999872
 884.000000 1.656155 287.999821
 885.000000 1.665760 287.999831
 886.000000 1.624569 287.999774
 887.000000 1.659014 287.999826
 888.000000 1.654400 287.999817
 889.000000 1.698208 287.999870
 890.000000 1.641428 287.999795
 891.000000 1.646968 287.999813
 892.000000 1.657876 287.999822
 893.000000 1.658252 287.999825
 894.000000 1.657363 287.999828
 895.000000 1.660299 287.999826
 896.000000 1.643626 287.999806
 897.000000 1.662723 287.999831
 898.000000 1.670396 287.999840
 899.000000 1.666448 287.999837
 900.000000 1.647478 287.999810
 901.000000 1.658494 287.999825
 902.000000 1.670096 287.999837
 903.000000 1.660749 287.999828
 904.000000 1.661265 287.999820
 905.000000 1.657457 287.999813
 906.000000 1.656433 287.999820
 907.000000 1.640075 287.999794
 908.000000 1.657037 287.999815
 909.000000 1.667187 287.999833
 910.000000 1.636983 287.999783
 911.000000 1.650964 287.999808
 912.000000 1.668368 287.999835
 913.000000 1.655909 287.999819
 914.000000 1.649763 287.999814
 915.000000 1.647189 287.999811
 916.000000 1.657840 287.999819
 917.000000 1.637291 287.999799
 918.000000 1.659840 287.999827
 919.000000 1.654430 287.999818
 920.000000 1.651939 287.999816
 921.000000 1.668966 287.999832
 922.000000 1.659909 287.999819
 923.000000 1.662241 287.999827
 924.000000 1.652695 287.999808
 925.000000 1.656333 287.999817
 926.000000 1.664195 287.999825
 927.000000 1.669554 287.999828
 928.000000 1.632093 287.999785
 929.000000 1.677213 287.999846
 930.000000 1.688916 287.999858
 931.000000 1.664843 287.999827
 932.000000 1.662289 287.999826
 933.000000 1.642558 287.999802
 934.000000 1.657704 287.999819
 935.000000 1.674501 287.999843
 936.000000 1.659872 287.999818
 937.000000 1.667305 287.999834
 938.000000 1.665171 287.999832
 939.000000 1.659139 287.999813
 940.000000 1.640417 287.999787
 941.000000 1.620899 287.999758
 942.000000 1.630623 287.999778
 943.000000 1.641518 287.999804
 944.000000 1.631286 287.999780
 945.000000 1.638257 287.999794
 946.000000 1.617359 287.999762
 947.000000 1.658713 287.999817
 948.000000 1.653372 287.999818
 949.000000 1.642159 287.999794
 950.000000 1.650495 287.999815
 951.000000 1.648030 287.999806
 952.000000 1.663332 287.999828
 953.000000 1.655298 287.999816
 954.000000 1.698378 287.999870
 955.000000 1.651564 287.999813
 956.000000 1.658316 287.999825
 957.000000 1.649258 287.999801
 958.000000 1.654371 287.999820
 959.000000 1.638280 287.999797
 960.000000 1.670433 287.999843
 961.000000 1.631393 287.999784
 962.000000 1.640058 287.999800
 963.000000 1.656352 287.999821
 964.000000 1.670174 287.999836
 965.000000 1.628462 287.999784
 966.000000 1.648550 287.999811
 967.000000 1.650556 287.999811
 968.000000 1.669001 287.999836
 969.000000 1.613863 287.999749
 970.000000 1.633714 287.999773
 971.000000 1.643216 287.999795
 972.000000 1.615522 287.999735
 973.000000 1.627498 287.999764
 974.000000 1.625096 287.999750
 975.000000 1.628339 287.999767
 976.000000 1.626428 287.999758
 977.000000 1.634356 287.999785
 978.000000 1.661714 287.999827
 979.000000 1.635720 287.999784
 980.000000 1.645185 287.999804
 981.000000 1.628096 287.999772
 982.000000 1.621611 287.999766
 983.000000 1.649543 287.999804
 984.000000 1.624835 287.999765
 985.000000 1.637687 287.999795
 986.000000 1.638713 287.999797
 987.000000 1.640771 287.999795
 988.000000 1.649598 287.999811
 989.000000 1.642871 287.999802
 990.000000 1.656265 287.999819
 991.000000 1.639922 287.999799
 992.000000 1.646993 287.999813
 993.000000 1.673361 287.999842
 994.000000 1.671021 287.999832
 995.000000 1.629303 287.999784
 996.000000 1.666204 287.999833
 997.000000 1.642616 287.999805
 998.000000 1.687143 287.999857
 999.000000 1.689876 287.999852
 1000.000000 1.662717 287.999830
