#! FIELDS time refcv.mean refcv.morethan
 0.000000 1.005249 323.925646
 1.000000 0.871624 323.344165
 2.000000 0.866459 323.355686
 3.000000 0.856605 323.069336
 4.000000 0.877212 323.058166
 5.000000 0.865723 323.333783
 6.000000 0.881225 323.396942
 7.000000 0.874042 323.424944
 8.000000 0.863158 323.268360
 9.000000 0.879115 323.467798
 10.000000 0.853430 323.112737
 11.000000 0.872327 323.339983
 12.000000 0.868410 323.371917
 13.000000 0.868587 323.304267
 14.000000 0.875194 323.480340
 15.000000 0.863694 323.273255
 16.000000 0.865941 323.290585
 17.000000 0.874802 323.343229
 18.000000 0.889097 323.491160
 19.000000 0.861672 323.228423
 20.000000 0.868318 323.345242
 21.000000 0.872919 323.429306
 22.000000 0.868892 323.137140
 23.000000 0.884929 323.417944
 24.000000 0.864175 322.688758
 25.000000 0.875977 323.406990
 26.000000 0.857985 322.928768
 27.000000 0.896229 323.605146
 28.000000 0.866650 323.235048
 29.000000 0.874049 323.261756
 30.000000 0.866931 323.302751
 31.000000 0.862889 323.216611
 32.000000 0.872927 323.285456
 33.000000 0.880633 323.144219
 34.000000 0.868674 323.136461
 35.000000 0.877833 323.247054
 36.000000 0.883296 323.526783
 37.000000 0.872616 323.387212
 38.000000 0.884264 323.497055
 39.000000 0.857583 322.935527
 40.000000 0.869187 323.377676
 41.000000 0.873406 323.323979
 42.000000 0.877132 323.406092
 43.000000 0.879473 323.412878
 44.000000 0.864093 323.240206
 45.000000 0.877411 323.430974
 46.000000 0.878312 323.444579
 47.000000 0.861658 323.181593
 48.000000 0.872902 323.398719
 49.000000 0.864367 323.060477
 50.000000 0.869609 323.263271
 51.000000 0.874024 323.400409
 52.000000 0.887625 323.446986
 53.000000 0.884889 323.499456
 54.000000 0.868405 323.283226
 55.000000 0.857254 323.119501
 56.000000 0.857805 323.192645
 57.000000 0.873802 323.350824
 58.000000 0.876987 323.367614
 59.000000 0.869514 323.315035
 60.000000 0.860369 323.280795
 61.000000 0.875636 323.407433
 62.000000 0.872739 323.364722
 63.000000 0.849851 322.952738
 64.000000 0.874552 323.446930
 65.000000 0.864197 323.248091
 66.000000 0.875218 323.406591
 67.000000 0.867993 323.269762
 68.000000 0.895698 323.541149
 69.000000 0.881250 323.392164
 70.000000 0.869717 323.423747
 71.000000 0.882147 323.503131
 72.000000 0.876568 323.422958
 73.000000 0.874526 323.375637
 74.000000 0.888479 323.518455
 75.000000 0.868993 323.368625
 76.000000 0.871078 322.869525
 77.000000 0.864418 323.162554
 78.000000 0.880933 323.462084
 79.000000 0.859155 322.824854
 80.000000 0.867643 323.289135
 81.000000 0.877647 323.432911
 82.000000 0.876157 323.386217
 83.000000 0.880256 323.474670
 84.000000 0.880232 323.441579
 85.000000 0.874343 323.382640
 86.000000 0.872083 323.365346
 87.000000 0.872052 323.359866
 88.000000 0.887572 323.557543
 89.000000 0.870160 323.315425
 90.000000 0.871001 323.261143
 91.000000 0.869194 323.380166
 92.000000 0.855429 323.118904
 93.000000 0.884714 323.212357
 94.000000 0.874474 323.364896
 95.000000 0.870491 323.145517
 96.000000 0.878138 323.359458
 97.000000 0.875105 323.375579
 98.000000 0.868735 323.097836
 99.000000 0.866040 323.229111
 100.000000 0.879372 323.172261
 101.000000 0.871446 323.210138
 102.000000 0.859881 323.154313
 103.000000 0.886541 323.423492
 104.000000 0.874964 323.406126
 105.000000 0.870335 323.228770
 106.000000 0.880539 323.472375
 107.000000 0.883928 323.131472
 108.000000 0.866828 322.981882
 109.000000 0.870829 323.353571
 110.000000 0.870321 323.369836
 111.000000 0.863973 323.209215
 112.000000 0.855271 323.247430
 113.000000 0.870531 323.436676
 114.000000 0.860263 323.098306
 115.000000 0.865452 323.171316
 116.000000 0.873663 323.218827
 117.000000 0.871089 323.350907
 118.000000 0.875506 323.328880
 119.000000 0.862084 323.192547
 120.000000 0.869809 323.235306
 121.000000 0.876377 323.339242
 122.000000 0.883353 323.497278
 123.000000 0.857393 323.122616
 124.000000 0.874697 323.377812
 125.000000 0.865790 323.249973
 126.000000 0.876438 323.450887
 127.000000 0.870903 323.310002
 128.000000 0.878518 323.389947
 129.000000 0.872362 323.362564
 130.000000 0.869752 323.255010
 131.000000 0.877177 323.456680
 132.000000 0.859295 323.108285
 133.000000 0.863323 323.063119
 134.000000 0.871018 323.314301
 135.000000 0.877062 323.217350
 136.000000 0.872030 323.217238
 137.000000 0.863660 323.164218
 138.000000 0.871008 323.367190
 139.000000 0.865203 323.284181
 140.000000 0.866349 323.326429
 141.000000 0.875732 323.239132
 142.000000 0.872673 323.363601
 143.000000 0.856078 322.983946
 144.000000 0.869165 323.230697
 145.000000 0.872623 323.170594
 146.000000 0.874768 323.315203
 147.000000 0.869008 323.333522
 148.000000 0.878935 323.326470
 149.000000 0.867376 323.267564
 150.000000 0.878505 323.395385
 151.000000 0.879644 323.253375
 152.000000 0.871551 323.294895
 153.000000 0.896966 323.537322
 154.000000 0.885444 323.488544
 155.000000 0.874804 323.368173
 156.000000 0.866402 323.313756
 157.000000 0.889814 323.520595
 158.000000 0.873780 323.374141
 159.000000 0.868497 323.067593
 160.000000 0.879543 323.446746
 161.000000 0.880820 323.389489
 162.000000 0.854495 323.168307
 163.000000 0.876040 323.109795
 164.000000 0.894232 323.590878
 165.000000 0.860648 323.152218
 166.000000 0.873208 323.418748
 167.000000 0.873965 323.349865
 168.000000 0.856759 323.108376
 169.000000 0.876123 323.088323
 170.000000 0.889871 323.566007
 171.000000 0.862029 323.076933
 172.000000 0.870423 323.363423
 173.000000 0.878747 323.481682
 174.000000 0.866050 323.318073
 175.000000 0.865464 323.267709
 176.000000 0.860846 323.206479
 177.000000 0.871043 323.258316
 178.000000 0.875850 323.373497
 179.000000 0.890691 323.483690
 180.000000 0.875543 323.397214
 181.000000 0.876107 323.418194
 182.000000 0.867720 323.026738
 183.000000 0.852338 322.867790
 184.000000 0.861019 323.225547
 185.000000 0.881040 323.458317
 186.000000 0.877184 323.338718
 187.000000 0.880693 323.451108
 188.000000 0.858195 323.072755
 189.000000 0.870529 323.181607
 190.000000 0.859773 323.190664
 191.000000 0.871906 323.382483
 192.000000 0.853613 323.030079
 193.000000 0.880536 323.441636
 194.000000 0.868978 323.359428
 195.000000 0.868631 323.302588
 196.000000 0.875269 323.258623
 197.000000 0.870684 323.414354
 198.000000 0.861942 323.057652
 199.000000 0.876340 323.301417
 200.000000 0.877763 323.342653
 201.000000 0.872578 323.370209
 202.000000 0.879366 323.422600
 203.000000 0.868317 323.331357
 204.000000 0.860258 322.940509
 205.000000 0.878469 323.350500
 206.000000 0.879661 323.352776
 207.000000 0.876246 323.109913
 208.000000 0.875878 323.408796
 209.000000 0.885665 323.411619
 210.000000 0.862035 323.241162
 211.000000 0.878900 323.411816
 212.000000 0.867891 323.163556
 213.000000 0.868572 323.424229
 214.000000 0.873751 323.397184
 215.000000 0.867611 323.347272
 216.000000 0.871945 323.304456
 217.000000 0.868077 323.191184
 218.000000 0.870168 323.259648
 219.000000 0.873566 323.427434
 220.000000 0.877215 323.363621
 221.000000 0.866086 323.322781
 222.000000 0.873251 323.387780
 223.000000 0.875048 323.419249
 224.000000 0.872574 323.389654
 225.000000 0.884265 323.492004
 226.000000 0.873616 323.390753
 227.000000 0.874310 323.454757
 228.000000 0.885764 323.266276
 229.000000 0.878858 323.416383
 230.000000 0.855696 323.018953
 231.000000 0.858249 323.275269
 232.000000 0.864165 323.110258
 233.000000 0.856879 323.157947
 234.000000 0.872554 323.332464
 235.000000 0.854232 323.054674
 236.000000 0.867655 323.333527
 237.000000 0.879429 323.479374
 238.000000 0.868790 323.322058
 239.000000 0.877924 323.172550
 240.000000 0.874538 323.412015
 241.000000 0.865377 323.363416
 242.000000 0.874184 323.386643
 243.000000 0.864232 323.110969
 244.000000 0.864438 323.221111
 245.000000 0.861758 323.287734
 246.000000 0.861674 323.193534
 247.000000 0.859444 323.199421
 248.000000 0.866943 323.139075
 249.000000 0.880554 323.428220
 250.000000 0.871786 323.347502
 251.000000 0.871120 323.301379
 252.000000 0.865652 323.253352
 253.000000 0.872477 323.447765
 254.000000 0.873677 323.292289
 255.000000 0.870080 323.302975
 256.000000 0.884127 323.515331
 257.000000 0.870415 323.380871
 258.000000 0.862555 323.191907
 259.000000 0.879893 323.499278
 260.000000 0.879906 323.442646
 261.000000 0.871590 323.389975
 262.000000 0.876473 323.368136
 263.000000 0.887312 323.529061
 264.000000 0.866533 323.313612
 265.000000 0.876343 323.387828
 266.000000 0.865927 322.941795
 267.000000 0.867705 323.309219
 268.000000 0.885234 323.518389
 269.000000 0.877976 323.466175
 270.000000 0.881090 323.469721
 271.000000 0.859156 323.089975
 272.000000 0.879922 323.479808
 273.000000 0.866660 323.308639
 274.000000 0.866709 323.174985
 275.000000 0.853191 323.005736
 276.000000 0.869955 323.280616
 277.000000 0.860858 323.258482
 278.000000 0.875582 323.456706
 279.000000 0.875950 323.313242
 280.000000 0.868163 323.371908
 281.000000 0.854004 323.053161
 282.000000 0.885863 323.548959
 283.000000 0.871499 323.370894
 284.000000 0.851513 322.870199
 285.000000 0.873236 323.431701
 286.000000 0.871413 323.356053
 287.000000 0.872346 323.267982
 288.000000 0.879336 323.458980
 289.000000 0.869886 323.243993
 290.000000 0.874311 323.337505
 291.000000 0.874020 323.403334
 292.000000 0.864711 323.211542
 293.000000 0.871251 323.369488
 294.000000 0.872223 323.392664
 295.000000 0.875426 323.340832
 296.000000 0.870359 323.330372
 297.000000 0.865130 323.312412
 298.000000 0.871106 323.404507
 299.000000 0.872291 323.432725
 300.000000 0.899671 323.574489
 301.000000 0.877007 323.458390
 302.000000 0.873891 323.390996
 303.000000 0.882679 323.452195
 304.000000 0.863584 323.254708
 305.000000 0.886357 323.502758
 306.000000 0.883012 323.506202
 307.000000 0.861258 323.161239
 308.000000 0.879241 323.510288
 309.000000 0.883974 323.502779
 310.000000 0.873133 323.256457
 311.000000 0.878706 323.429098
 312.000000 0.876835 323.404482
 313.000000 0.870970 323.155096
 314.000000 0.879452 323.190120
 315.000000 0.868930 323.283196
 316.000000 0.869169 323.353580
 317.000000 0.874491 323.391291
 318.000000 0.881669 323.253953
 319.000000 0.880144 323.423940
 320.000000 0.879870 323.383189
 321.000000 0.892721 323.495226
 322.000000 0.882291 323.536518
 323.000000 0.878017 323.427304
 324.000000 0.877227 323.426291
 325.000000 0.881149 323.536218
 326.000000 0.860384 322.815429
 327.000000 0.875944 323.364490
 328.000000 0.860780 323.259447
 329.000000 0.866427 323.234388
 330.000000 0.875097 323.384157
 331.000000 0.879800 323.401463
 332.000000 0.865358 323.116358
 333.000000 0.868978 323.260748
 334.000000 0.872041 323.397203
 335.000000 0.867736 323.157358
 336.000000 0.865406 323.323810
 337.000000 0.863581 323.103859
 338.000000 0.879445 323.450732
 339.000000 0.866929 323.378059
 340.000000 0.873301 323.283419
 341.000000 0.884619 323.352670
 342.000000 0.861906 323.185559
 343.000000 0.890998 323.587937
 344.000000 0.873986 323.263828
 345.000000 0.884982 323.523250
 346.000000 0.886961 323.511686
 347.000000 0.871857 322.948796
 348.000000 0.875440 323.383836
 349.000000 0.865652 323.159395
 350.000000 0.884638 323.508635
 351.000000 0.886122 323.518996
 352.000000 0.887435 323.252660
 353.000000 0.873479 323.426129
 354.000000 0.861898 323.171136
 355.000000 0.887756 323.537483
 356.000000 0.855843 323.153767
 357.000000 0.872713 323.415940
 358.000000 0.883807 323.504930
 359.000000 0.868785 323.189686
 360.000000 0.873523 323.385912
 361.000000 0.867719 323.289769
 362.000000 0.873160 323.287507
 363.000000 0.857903 322.889285
 364.000000 0.881921 323.507986
 365.000000 0.862114 323.101855
 366.000000 0.881658 323.384544
 367.000000 0.875080 323.344063
 368.000000 0.858458 323.098594
 369.000000 0.863718 323.251521
 370.000000 0.861893 322.650056
 371.000000 0.873314 323.312485
 372.000000 0.861589 323.225903
 373.000000 0.876893 323.337957
 374.000000 0.865654 323.288456
 375.000000 0.876210 323.422658
 376.000000 0.885310 323.520911
 377.000000 0.874388 323.334747
 378.000000 0.864691 323.312378
 379.000000 0.862385 323.280635
 380.000000 0.861206 323.211111
 381.000000 0.865988 323.214930
 382.000000 0.878634 323.455451
 383.000000 0.867102 323.269714
 384.000000 0.870160 323.347794
 385.000000 0.874193 323.378505
 386.000000 0.857267 323.208483
 387.000000 0.879738 323.457733
 388.000000 0.865104 323.234840
 389.000000 0.879092 323.444019
 390.000000 0.879002 323.491284
 391.000000 0.877045 323.348425
 392.000000 0.868513 323.361453
 393.000000 0.868153 323.311868
 394.000000 0.855251 323.081292
 395.000000 0.838984 322.774449
 396.000000 0.868154 323.014026
 397.000000 0.865989 323.124542
 398.000000 0.860791 322.618847
 399.000000 0.872433 323.307620
 400.000000 0.882546 323.526178
 401.000000 0.879836 323.222733
 402.000000 0.869140 323.096915
 403.000000 0.879219 323.190082
 404.000000 0.869788 323.245735
 405.000000 0.872310 323.389190
 406.000000 0.868043 323.227160
 407.000000 0.880885 323.413381
 408.000000 0.881332 323.476699
 409.000000 0.878092 323.307735
 410.000000 0.880417 323.148029
 411.000000 0.856174 323.144839
 412.000000 0.872199 323.459606
 413.000000 0.870883 323.361960
 414.000000 0.854812 322.965187
 415.000000 0.874256 323.262238
 416.000000 0.867564 323.338448
 417.000000 0.854382 323.133863
 418.000000 0.864162 323.301920
 419.000000 0.850360 322.806010
 420.000000 0.876315 323.482790
 421.000000 0.872902 323.393927
 422.000000 0.877433 323.439974
 423.000000 0.888194 323.410957
 424.000000 0.880524 323.370205
 425.000000 0.858827 322.994264
 426.000000 0.892296 323.443160
 427.000000 0.876638 323.406660
 428.000000 0.881114 323.507437
 429.000000 0.877845 322.990073
 430.000000 0.884629 323.495554
 431.000000 0.869442 323.270046
 432.000000 0.866664 323.370543
 433.000000 0.859991 323.309357
 434.000000 0.887261 323.504461
 435.000000 0.874246 323.428355
 436.000000 0.876636 323.428784
 437.000000 0.878618 323.334320
 438.000000 0.880779 323.475886
 439.000000 0.863868 323.161287
 440.000000 0.884306 323.515163
 441.000000 0.874452 323.381476
 442.000000 0.877535 323.427075
 443.000000 0.872909 323.164367
 444.000000 0.866339 323.338735
 445.000000 0.875970 323.415585
 446.000000 0.874423 323.215510
 447.000000 0.865533 323.260816
 448.000000 0.877055 323.410776
 449.000000 0.872948 323.373621
 450.000000 0.872212 323.372108
 451.000000 0.883731 323.529436
 452.000000 0.871834 323.354025
 453.000000 0.879074 323.302608
 454.000000 0.869638 323.164063
 455.000000 0.878466 323.474680
 456.000000 0.869388 323.278835
 457.000000 0.864056 323.211091
 458.000000 0.868868 323.323782
 459.000000 0.864127 323.276853
 460.000000 0.847937 322.972210
 461.000000 0.873933 323.410382
 462.000000 0.885868 323.477829
 463.000000 0.870009 323.296974
 464.000000 0.870929 323.384738
 465.000000 0.877993 323.420577
 466.000000 0.882293 323.510417
 467.000000 0.891768 323.603085
 468.000000 0.867610 323.279787
 469.000000 0.868884 323.386454
 470.000000 0.861183 323.012565
 471.000000 0.887259 323.556250
 472.000000 0.876663 323.435208
 473.000000 0.874066 323.269632
 474.000000 0.891492 323.595714
 475.000000 0.885494 323.546917
 476.000000 0.881070 323.426679
 477.000000 0.876047 322.542505
 478.000000 0.857397 323.103943
 479.000000 0.866770 323.272758
 480.000000 0.868291 323.222547
 481.000000 0.853876 323.076379
 482.000000 0.870915 323.324670
 483.000000 0.876669 323.332597
 484.000000 0.869254 323.249125
 485.000000 0.884830 323.493518
 486.000000 0.875317 323.394364
 487.000000 0.875990 323.386972
 488.000000 0.882416 323.433835
 489.000000 0.867510 322.599005
 490.000000 0.873956 323.194718
 491.000000 0.860682 323.238842
 492.000000 0.867510 323.228129
 493.000000 0.874566 323.463647
 494.000000 0.879644 323.427135
 495.000000 0.884369 323.436434
 496.000000 0.869116 323.335781
 497.000000 0.884022 323.542164
 498.000000 0.872253 323.365541
 499.000000 0.863539 323.116762
 500.000000 0.849935 323.063648
 501.000000 0.864040 323.194506
 502.000000 0.870078 323.236450
 503.000000 0.857630 323.009009
 504.000000 0.874555 323.404541
 505.000000 0.890927 323.580211
 506.000000 0.869401 323.304963
 507.000000 0.870319 323.264926
 508.000000 0.867190 323.278378
 509.000000 0.874962 323.409754
 510.000000 0.868831 323.304181
 511.000000 0.874991 323.384606
 512.000000 0.863021 323.248272
 513.000000 0.863460 323.217758
 514.000000 0.868285 323.294469
 515.000000 0.868905 323.324928
 516.000000 0.866339 323.263751
 517.000000 0.871181 323.403693
 518.000000 0.884429 323.349680
 519.000000 0.871794 323.312022
 520.000000 0.867600 323.356792
 521.000000 0.871681 323.302700
 522.000000 0.862934 323.081196
 523.000000 0.870554 323.291043
 524.000000 0.883189 323.504741
 525.000000 0.867828 323.132079
 526.000000 0.874381 323.339730
 527.000000 0.866947 323.364344
 528.000000 0.862356 323.183678
 529.000000 0.876347 323.447804
 530.000000 0.861626 323.134923
 531.000000 0.874822 323.361143
 532.000000 0.870320 323.386688
 533.000000 0.863708 323.283080
 534.000000 0.870516 323.184364
 535.000000 0.877799 323.414384
 536.000000 0.868525 323.364556
 537.000000 0.875712 323.384607
 538.000000 0.863485 323.188140
 539.000000 0.869321 323.218347
 540.000000 0.876089 323.415253
 541.000000 0.871111 323.409417
 542.000000 0.875837 323.449949
 543.000000 0.874293 323.385800
 544.000000 0.859855 323.044432
 545.000000 0.853535 323.129688
 546.000000 0.864888 323.239300
 547.000000 0.875947 323.219373
 548.000000 0.878430 323.344140
 549.000000 0.860840 323.166776
 550.000000 0.866155 323.226624
 551.000000 0.877029 323.449607
 552.000000 0.861267 323.025236
 553.000000 0.850036 322.734662
 554.000000 0.872344 323.327983
 555.000000 0.868358 323.257203
 556.000000 0.872503 323.400367
 557.000000 0.874446 323.295295
 558.000000 0.879881 323.339279
 559.000000 0.866229 322.977447
 560.000000 0.877642 323.452411
 561.000000 0.879420 323.338366
 562.000000 0.867393 323.321538
 563.000000 0.869778 323.376812
 564.000000 0.875356 323.428617
 565.000000 0.872441 323.317579
 566.000000 0.875343 323.440664
 567.000000 0.883101 323.474916
 568.000000 0.874761 323.369564
 569.000000 0.870935 323.397401
 570.000000 0.868071 322.911171
 571.000000 0.865195 323.204074
 572.000000 0.861591 323.162885
 573.000000 0.873906 323.401337
 574.000000 0.882417 323.446534
 575.000000 0.868720 323.311869
 576.000000 0.863852 323.102962
 577.000000 0.880659 323.444277
 578.000000 0.841879 322.688527
 579.000000 0.869503 323.340029
 580.000000 0.868510 323.170337
 581.000000 0.870188 323.226951
 582.000000 0.866551 323.004443
 583.000000 0.870157 323.191888
 584.000000 0.881329 323.408471
 585.000000 0.873054 323.274323
 586.000000 0.884204 323.436850
 587.000000 0.871453 323.369342
 588.000000 0.869017 323.245315
 589.000000 0.865202 323.316787
 590.000000 0.865646 322.965468
 591.000000 0.849128 322.131746
 592.000000 0.874281 323.385438
 593.000000 0.866379 323.014024
 594.000000 0.882459 323.545157
 595.000000 0.881085 323.303597
 596.000000 0.848176 322.479328
 597.000000 0.874473 323.330409
 598.000000 0.871374 323.355409
 599.000000 0.868891 322.720844
 600.000000 0.867522 322.994425
 601.000000 0.846155 322.827635
 602.000000 0.879324 323.476082
 603.000000 0.870440 323.257947
 604.000000 0.876108 323.325553
 605.000000 0.872580 323.408090
 606.000000 0.882152 323.517285
 607.000000 0.867708 323.370585
 608.000000 0.859229 322.990767
 609.000000 0.889080 323.557287
 610.000000 0.863969 323.265499
 611.000000 0.880721 323.487798
 612.000000 0.877756 323.476174
 613.000000 0.878890 323.478800
 614.000000 0.887590 323.428820
 615.000000 0.886611 323.497699
 616.000000 0.871523 323.297871
 617.000000 0.869400 323.359862
 618.000000 0.855200 323.000069
 619.000000 0.876722 323.405533
 620.000000 0.872561 323.289138
 621.000000 0.869128 323.405213
 622.000000 0.874834 323.247936
 623.000000 0.874744 323.336284
 624.000000 0.868520 323.253407
 625.000000 0.885544 323.502959
 626.000000 0.875642 323.185417
 627.000000 0.879565 323.425589
 628.000000 0.871267 323.121098
 629.000000 0.875525 323.278811
 630.000000 0.860824 323.087766
 631.000000 0.873349 323.420118
 632.000000 0.869259 323.299039
 633.000000 0.881314 323.492015
 634.000000 0.872008 323.380666
 635.000000 0.868466 323.141101
 636.000000 0.853189 322.926605
 637.000000 0.879958 323.518533
 638.000000 0.878349 323.373737
 639.000000 0.865932 323.200958
 640.000000 0.873017 323.276751
 641.000000 0.873980 323.354115
 642.000000 0.874928 323.434777
 643.000000 0.876443 323.313904
 644.000000 0.868761 323.080555
 645.000000 0.880604 323.460260
 646.000000 0.882413 323.437917
 647.000000 0.858855 323.102002
 648.000000 0.876288 323.402621
 649.000000 0.869487 323.132046
 650.000000 0.858351 323.050621
 651.000000 0.866185 323.085900
 652.000000 0.883770 323.492699
 653.000000 0.868467 323.192596
 654.000000 0.877234 323.480082
 655.000000 0.876678 323.452412
 656.000000 0.870448 323.277021
 657.000000 0.862022 323.128801
 658.000000 0.881715 323.540363
 659.000000 0.883877 323.514736
 660.000000 0.885183 323.513317
 661.000000 0.871781 323.381474
 662.000000 0.882440 323.424494
 663.000000 0.871474 323.257077
 664.000000 0.870437 323.081364
 665.000000 0.863583 322.505680
 666.000000 0.875439 323.404566
 667.000000 0.866785 323.355419
 668.000000 0.843554 322.754478
 669.000000 0.862658 323.133976
 670.000000 0.864677 323.094568
 671.000000 0.875163 323.371139
 672.000000 0.868769 323.129087
 673.000000 0.872657 323.421294
 674.000000 0.862768 323.126219
 675.000000 0.882789 323.484438
 676.000000 0.873965 323.273894
 677.000000 0.880185 323.461103
 678.000000 0.879572 323.445185
 679.000000 0.883017 323.437457
 680.000000 0.883928 323.541482
 681.000000 0.866261 323.303525
 682.000000 0.874039 323.270996
 683.000000 0.884974 323.436686
 684.000000 0.863901 323.206141
 685.000000 0.878189 323.349452
 686.000000 0.881650 323.501004
 687.000000 0.898614 323.615184
 688.000000 0.855561 323.111255
 689.000000 0.872081 323.315315
 690.000000 0.880746 323.471236
 691.000000 0.869408 323.336553
 692.000000 0.851002 323.065497
 693.000000 0.877541 323.372907
 694.000000 0.881307 323.376196
 695.000000 0.869771 323.138350
 696.000000 0.877170 323.337020
 697.000000 0.852788 322.975901
 698.000000 0.874899 323.390795
 699.000000 0.871771 323.358758
 700.000000 0.879372 323.501289
 701.000000 0.858711 323.042195
 702.000000 0.867451 323.120521
 703.000000 0.868509 323.287129
 704.000000 0.866931 322.748727
 705.000000 0.873969 323.408720
 706.000000 0.873608 323.325558
 707.000000 0.878619 323.086209
 708.000000 0.889660 323.566103
 709.000000 0.855621 323.116015
 710.000000 0.874506 323.376713
 711.000000 0.872923 323.370189
 712.000000 0.873221 323.365954
 713.000000 0.852358 323.062061
 714.000000 0.867969 323.374483
 715.000000 0.858177 323.147756
 716.000000 0.865370 323.265269
 717.000000 0.870079 323.384180
 718.000000 0.885822 323.438000
 719.000000 0.878194 323.481807
 720.000000 0.864145 323.325459
 721.000000 0.881181 323.497269
 722.000000 0.869303 323.196822
 723.000000 0.869482 323.354906
 724.000000 0.875970 323.367705
 725.000000 0.859331 323.219882
 726.000000 0.885169 323.469190
 727.000000 0.881390 323.464917
 728.000000 0.854499 323.145295
 729.000000 0.862771 323.216953
 730.000000 0.872382 323.318547
 731.000000 0.865416 323.180876
 732.000000 0.880645 323.482067
 733.000000 0.875743 323.377999
 734.000000 0.870294 323.228735
 735.000000 0.870877 323.222144
 736.000000 0.866679 323.230742
 737.000000 0.868530 323.336463
 738.000000 0.883084 323.487718
 739.000000 0.875196 323.487545
 740.000000 0.876014 323.435864
 741.000000 0.892097 323.556046
 742.000000 0.869857 323.279912
 743.000000 0.874191 323.310921
 744.000000 0.876500 323.429872
 745.000000 0.869570 323.245378
 746.000000 0.875713 323.237723
 747.000000 0.878780 323.371066
 748.000000 0.874922 323.297576
 749.000000 0.868389 323.414053
 750.000000 0.858351 323.152456
 751.000000 0.882941 323.482886
 752.000000 0.869147 323.011072
 753.000000 0.883221 323.497370
 754.000000 0.878069 323.329381
 755.000000 0.892579 323.601585
 756.000000 0.889677 323.553134
 757.000000 0.886674 323.404107
 758.000000 0.873178 323.336518
 759.000000 0.877738 323.398767
 760.000000 0.867793 323.235665
 761.000000 0.869773 323.340122
 762.000000 0.871969 323.302232
 763.000000 0.865498 323.151124
 764.000000 0.875257 323.392785
 765.000000 0.877870 323.461481
 766.000000 0.884079 323.529900
 767.000000 0.860709 323.187091
 768.000000 0.875240 323.261666
 769.000000 0.899687 323.577178
 770.000000 0.882730 323.494919
 771.000000 0.881663 323.315835
 772.000000 0.874224 323.443296
 773.000000 0.875512 323.380964
 774.000000 0.875137 323.447222
 775.000000 0.870692 323.344027
 776.000000 0.871671 323.240066
 777.000000 0.874342 323.337641
 778.000000 0.887814 323.533577
 779.000000 0.883164 323.499560
 780.000000 0.882566 323.448654
 781.000000 0.873138 323.399552
 782.000000 0.884276 323.488920
 783.000000 0.873376 323.290113
 784.000000 0.876692 323.402866
 785.000000 0.868052 323.317178
 786.000000 0.872310 323.405507
 787.000000 0.876901 323.366342
 788.000000 0.873206 323.385463
 789.000000 0.869892 323.077568
 790.000000 0.869078 323.260037
 791.000000 0.875068 323.428095
 792.000000 0.872297 323.298399
 793.000000 0.872647 323.288896
 794.000000 0.881875 323.495955
 795.000000 0.851226 322.934304
 796.000000 0.873508 323.335860
 797.000000 0.861054 323.008329
 798.000000 0.883976 323.427177
 799.000000 0.864831 323.229127
 800.000000 0.868924 323.348201
 801.000000 0.874457 323.439221
 802.000000 0.869238 323.359991
 803.000000 0.866092 323.287380
 804.000000 0.881487 323.506671
 805.000000 0.879239 323.368148
 806.000000 0.870225 323.289701
 807.000000 0.875837 323.419452
 808.000000 0.871672 323.237940
 809.000000 0.876869 323.409551
 810.000000 0.853554 323.045483
 811.000000 0.875569 323.395354
 812.000000 0.889152 323.483680
 813.000000 0.880397 323.445818
 814.000000 0.877713 323.443405
 815.000000 0.870707 323.315347
 816.000000 0.877986 323.398430
 817.000000 0.886194 323.538865
 818.000000 0.871951 323.370769
 819.000000 0.865774 323.330867
 820.000000 0.887208 323.507509
 821.000000 0.864238 323.198101
 822.000000 0.878350 323.403719
 823.000000 0.888239 323.535660
 824.000000 0.869374 323.312363
 825.000000 0.875728 323.409138
 826.000000 0.872012 323.311855
 827.000000 0.873186 323.263490
 828.000000 0.875323 323.456365
 829.000000 0.867306 322.946500
 830.000000 0.869231 323.084931
 831.000000 0.860467 323.140149
 832.000000 0.883939 323.497663
 833.000000 0.870001 323.211209
 834.000000 0.880531 323.235340
 835.000000 0.879313 323.505215
 836.000000 0.880631 323.459933
 837.000000 0.876562 323.377682
 838.000000 0.871528 323.234125
 839.000000 0.886064 323.516109
 840.000000 0.882759 323.443301
 841.000000 0.880713 323.455605
 842.000000 0.868492 323.352780
 843.000000 0.874241 323.364794
 844.000000 0.875899 323.310608
 845.000000 0.876929 323.413812
 846.000000 0.870432 323.413532
 847.000000 0.871087 323.214726
 848.000000 0.873825 323.189943
 849.000000 0.872620 323.209797
 850.000000 0.873079 323.292546
 851.000000 0.870619 323.432109
 852.000000 0.868240 323.211295
 853.000000 0.868357 322.961282
 854.000000 0.871250 323.378478
 855.000000 0.877738 323.409425
 856.000000 0.868036 323.207948
 857.000000 0.868105 323.115182
 858.000000 0.874797 323.444219
 859.000000 0.860244 323.057445
 860.000000 0.869768 323.294515
 861.000000 0.880159 323.411623
 862.000000 0.866320 323.335876
 863.000000 0.883295 323.425702
 864.000000 0.875391 322.681434
 865.000000 0.871914 323.337796
 866.000000 0.852641 322.959793
 867.000000 0.869731 323.279122
 868.000000 0.874551 323.262025
 869.000000 0.850375 323.014437
 870.000000 0.883548 323.521988
 871.000000 0.878719 323.317390
 872.000000 0.858851 323.094586
 873.000000 0.862914 323.270532
 874.000000 0.879016 323.448120
 875.000000 0.870692 323.277199
 876.000000 0.872796 322.751420
 877.000000 0.891803 323.547387
 878.000000 0.873447 323.257766
 879.000000 0.863960 323.278188
 880.000000 0.878548 323.471744
 881.000000 0.875760 323.437029
 882.000000 0.863440 323.042342
 883.000000 0.875885 323.390446
 884.000000 0.876511 323.454001
 885.000000 0.869227 323.285045
 886.000000 0.872581 323.384285
 887.000000 0.868933 323.253821
 888.000000 0.881956 323.314806
 889.000000 0.884081 323.544899
 890.000000 0.893372 323.598222
 891.000000 0.880727 323.480967
 892.000000 0.868026 323.333015
 893.000000 0.859505 323.195021
 894.000000 0.884066 323.469142
 895.000000 0.884211 323.470352
 896.000000 0.870110 323.408103
 897.000000 0.873250 323.297661
 898.000000 0.871020 323.274199
 899.000000 0.872858 323.442919
 900.000000 0.881199 323.483330
 901.000000 0.871271 323.394713
 902.000000 0.867499 323.245842
 903.000000 0.871278 323.061962
 904.000000 0.877137 323.345902
 905.000000 0.874399 323.434091
 906.000000 0.876345 322.804736
 907.000000 0.871397 323.312280
 908.000000 0.870825 323.287719
 909.000000 0.870722 323.390736
 910.000000 0.875971 323.432833
 911.000000 0.883437 323.524911
 912.000000 0.877570 323.425160
 913.000000 0.875891 323.309647
 914.000000 0.882920 323.419900
 915.000000 0.879343 323.243253
 916.000000 0.890700 323.556424
 917.000000 0.880843 323.095994
 918.000000 0.883002 323.524354
 919.000000 0.876095 323.432394
 920.000000 0.878683 323.390902
 921.000000 0.860964 323.097244
 922.000000 0.880234 323.411900
 923.000000 0.866483 323.201578
 924.000000 0.866471 323.081383
 925.000000 0.876724 323.274903
 926.000000 0.881780 323.539327
 927.000000 0.867369 323.255587
 928.000000 0.852694 322.922632
 929.000000 0.878719 323.407659
 930.000000 0.864126 323.233623
 931.000000 0.866892 323.224283
 932.000000 0.869617 323.271588
 933.000000 0.874503 323.408190
 934.000000 0.863244 323.269613
 935.000000 0.886592 323.534799
 936.000000 0.887100 323.503111
 937.000000 0.880842 323.442143
 938.000000 0.872090 323.308936
 939.000000 0.886346 323.552167
 940.000000 0.876809 323.428631
 941.000000 0.877376 323.453011
 942.000000 0.879586 323.368372
 943.000000 0.877010 323.430034
 944.000000 0.855270 323.119773
 945.000000 0.868876 323.290058
 946.000000 0.870627 323.310032
 947.000000 0.853035 322.353701
 948.000000 0.868984 323.311790
 949.000000 0.868523 323.350369
 950.000000 0.867397 323.235418
 951.000000 0.893517 323.617149
 952.000000 0.868723 323.305328
 953.000000 0.892986 323.564328
 954.000000 0.882345 323.526078
 955.000000 0.863915 323.265642
 956.000000 0.879233 323.433434
 957.000000 0.870106 323.170074
 958.000000 0.874122 323.353851
 959.000000 0.877591 323.427808
 960.000000 0.868438 323.272820
 961.000000 0.879410 323.410980
 962.000000 0.885427 323.503203
 963.000000 0.880197 323.462243
 964.000000 0.882465 323.469896
 965.000000 0.871805 323.410328
 966.000000 0.878247 323.317618
 967.000000 0.881913 323.466784
 968.000000 0.860421 323.103960
 969.000000 0.869596 323.353742
 970.000000 0.859618 323.115700
 971.000000 0.874172 323.382345
 972.000000 0.853061 323.021277
 973.000000 0.887260 323.555980
 974.000000 0.871504 323.201291
 975.000000 0.874416 323.331849
 976.000000 0.860077 323.167802
 977.000000 0.863233 323.204465
 978.000000 0.856441 322.768322
 979.000000 0.870595 323.331257
 980.000000 0.868762 323.140566
 981.000000 0.877420 323.412064
 982.000000 0.873365 323.207229
 983.000000 0.873901 323.367278
 984.000000 0.876846 323.292048
 985.000000 0.862881 322.952438
 986.000000 0.876716 323.364229
 987.000000 0.867093 323.261061
 988.000000 0.880404 323.298850
 989.000000 0.864765 323.223596
 990.000000 0.869052 323.256258
 991.000000 0.896370 323.548720
 992.000000 0.868089 323.129655
 993.000000 0.866117 323.221886
 994.000000 0.874969 323.386566
 995.000000 0.888153 323.514254
 996.000000 0.872209 323.421266
 997.000000 0.860384 323.111308
 998.000000 0.873687 323.319417
 999.000000 0.871903 323.249415
 1000.000000 0.872509 323.202413
