#! FIELDS refcv hh dhh_refcv
#! SET normalisation  1000.000000
#! SET min_refcv -0.5
#! SET max_refcv 2
#! SET nbins_refcv  1000
#! SET periodic_refcv false
 -0.500000 0.000000 0.000000
 -0.497500 0.000000 0.000000
 -0.495000 0.000000 0.000000
 -0.492500 0.000000 0.000000
 -0.490000 0.000000 0.000000
 -0.487500 0.000000 0.000000
 -0.485000 0.000000 0.000000
 -0.482500 0.000000 0.000000
 -0.480000 0.000000 0.000000
 -0.477500 0.000000 0.000000
 -0.475000 0.000000 0.000000
 -0.472500 0.000000 0.000000
 -0.470000 0.000000 0.000000
 -0.467500 0.000000 0.000000
 -0.465000 0.000000 0.000000
 -0.462500 0.000000 0.000000
 -0.460000 0.000000 0.000000
 -0.457500 0.000000 0.000000
 -0.455000 0.000000 0.000000
 -0.452500 0.000000 0.000000
 -0.450000 0.000000 0.000000
 -0.447500 0.000000 0.000000
 -0.445000 0.000000 0.000000
 -0.442500 0.000000 0.000000
 -0.440000 0.000000 0.000000
 -0.437500 0.000000 0.000000
 -0.435000 0.000000 0.000000
 -0.432500 0.000000 0.000000
 -0.430000 0.000000 0.000000
 -0.427500 0.000000 0.000000
 -0.425000 0.000000 0.000000
 -0.422500 0.000000 0.000000
 -0.420000 0.000000 0.000000
 -0.417500 0.000000 0.000000
 -0.415000 0.000000 0.000000
 -0.412500 0.000000 0.000000
 -0.410000 0.000000 0.000000
 -0.407500 0.000000 0.000000
 -0.405000 0.000000 0.000000
 -0.402500 0.000000 0.000000
 -0.400000 0.000000 0.000000
 -0.397500 0.000000 0.000000
 -0.395000 0.000000 0.000000
 -0.392500 0.000000 0.000000
 -0.390000 0.000000 0.000000
 -0.387500 0.000000 0.000000
 -0.385000 0.000000 0.000000
 -0.382500 0.000000 0.000000
 -0.380000 0.000000 0.000000
 -0.377500 0.000000 0.000000
 -0.375000 0.000000 0.000000
 -0.372500 0.000000 0.000000
 -0.370000 0.000000 0.000000
 -0.367500 0.000000 0.000000
 -0.365000 0.000000 0.000000
 -0.362500 0.000000 0.000000
 -0.360000 0.000000 0.000000
 -0.357500 0.000000 0.000000
 -0.355000 0.000000 0.000000
 -0.352500 0.000000 0.000000
 -0.350000 0.000000 0.000000
 -0.347500 0.000000 0.000000
 -0.345000 0.000000 0.000000
 -0.342500 0.000000 0.000000
 -0.340000 0.000000 0.000000
 -0.337500 0.000000 0.000000
 -0.335000 0.000000 0.000000
 -0.332500 0.000000 0.000000
 -0.330000 0.000000 0.000000
 -0.327500 0.000000 0.000000
 -0.325000 0.000000 0.000000
 -0.322500 0.000000 0.000000
 -0.320000 0.000000 0.000000
 -0.317500 0.000000 0.000000
 -0.315000 0.000000 0.000000
 -0.312500 0.000000 0.000000
 -0.310000 0.000000 0.000000
 -0.307500 0.000000 0.000000
 -0.305000 0.000000 0.000000
 -0.302500 0.000000 0.000000
 -0.300000 0.000000 0.000000
 -0.297500 0.000000 0.000000
 -0.295000 0.000000 0.000000
 -0.292500 0.000000 0.000000
 -0.290000 0.000000 0.000000
 -0.287500 0.000000 0.000000
 -0.285000 0.000000 0.000000
 -0.282500 0.000000 0.000000
 -0.280000 0.000000 0.000000
 -0.277500 0.000000 0.000000
 -0.275000 0.000000 0.000000
 -0.272500 0.000000 0.000000
 -0.270000 0.000000 0.000000
 -0.267500 0.000000 0.000000
 -0.265000 0.000000 0.000000
 -0.262500 0.000000 0.000000
 -0.260000 0.000000 0.000000
 -0.257500 0.000000 0.000000
 -0.255000 0.000000 0.000000
 -0.252500 0.000000 0.000000
 -0.250000 0.000000 0.000000
 -0.247500 0.000000 0.000000
 -0.245000 0.000000 0.000000
 -0.242500 0.000000 0.000000
 -0.240000 0.000000 0.000000
 -0.237500 0.000000 0.000000
 -0.235000 0.000000 0.000000
 -0.232500 0.000000 0.000000
 -0.230000 0.000000 0.000000
 -0.227500 0.000000 0.000000
 -0.225000 0.000000 0.000000
 -0.222500 0.000000 0.000000
 -0.220000 0.000000 0.000000
 -0.217500 0.000000 0.000000
 -0.215000 0.000000 0.000000
 -0.212500 0.000000 0.000000
 -0.210000 0.000000 0.000000
 -0.207500 0.000000 0.000000
 -0.205000 0.000000 0.000000
 -0.202500 0.000000 0.000000
 -0.200000 0.000000 0.000000
 -0.197500 0.000000 0.000000
 -0.195000 0.000000 0.000000
 -0.192500 0.000000 0.000000
 -0.190000 0.000000 0.000000
 -0.187500 0.000000 0.000000
 -0.185000 0.000000 0.000000
 -0.182500 0.000000 0.000000
 -0.180000 0.000000 0.000000
 -0.177500 0.000000 0.000000
 -0.175000 0.000000 0.000000
 -0.172500 0.000000 0.000000
 -0.170000 0.000000 0.000000
 -0.167500 0.000000 0.000000
 -0.165000 0.000000 0.000000
 -0.162500 0.000000 0.000000
 -0.160000 0.000000 0.000000
 -0.157500 0.000000 0.000000
 -0.155000 0.000000 0.000000
 -0.152500 0.000000 0.000000
 -0.150000 0.000000 0.000000
 -0.147500 0.000000 0.000000
 -0.145000 0.000000 0.000000
 -0.142500 0.000000 0.000000
 -0.140000 0.000000 0.000000
 -0.137500 0.000000 0.000000
 -0.135000 0.000000 0.000000
 -0.132500 0.000000 0.000000
 -0.130000 0.000000 0.000000
 -0.127500 0.000000 0.000000
 -0.125000 0.000000 0.000000
 -0.122500 0.000000 0.000000
 -0.120000 0.000000 0.000000
 -0.117500 0.000000 0.000000
 -0.115000 0.000000 0.000000
 -0.112500 0.000000 0.000000
 -0.110000 0.000000 0.000000
 -0.107500 0.000000 0.000000
 -0.105000 0.000000 0.000000
 -0.102500 0.000000 0.000000
 -0.100000 0.000000 0.000000
 -0.097500 0.000000 0.000000
 -0.095000 0.000000 0.000000
 -0.092500 0.000000 0.000000
 -0.090000 0.000000 0.000000
 -0.087500 0.000000 0.000000
 -0.085000 0.000000 0.000000
 -0.082500 0.000000 0.000000
 -0.080000 0.000000 0.000000
 -0.077500 0.000000 0.000000
 -0.075000 0.000000 0.000000
 -0.072500 0.000000 0.000000
 -0.070000 0.000000 0.000000
 -0.067500 0.000000 0.000000
 -0.065000 0.000000 0.000000
 -0.062500 0.000000 0.000000
 -0.060000 0.000000 0.000000
 -0.057500 0.000000 0.000000
 -0.055000 0.000000 0.000000
 -0.052500 0.000000 0.000000
 -0.050000 0.000000 0.000000
 -0.047500 0.000000 0.000000
 -0.045000 0.000000 0.000000
 -0.042500 0.000000 0.000000
 -0.040000 0.000000 0.000000
 -0.037500 0.000000 0.000000
 -0.035000 0.000000 0.000000
 -0.032500 0.000000 0.000000
 -0.030000 0.000000 0.000000
 -0.027500 0.000000 0.000000
 -0.025000 0.000000 0.000000
 -0.022500 0.000000 0.000000
 -0.020000 0.000000 0.000000
 -0.017500 0.000000 0.000000
 -0.015000 0.000000 0.000000
 -0.012500 0.000000 0.000000
 -0.010000 0.000000 0.000000
 -0.007500 0.000000 0.000000
 -0.005000 0.000000 0.000000
 -0.002500 0.000000 0.000000
 0.000000 0.000000 0.000000
 0.002500 0.000000 0.000000
 0.005000 0.000000 0.000000
 0.007500 0.000000 0.000000
 0.010000 0.000000 0.000000
 0.012500 0.000000 0.000000
 0.015000 0.000000 0.000000
 0.017500 0.000000 0.000000
 0.020000 0.000000 0.000000
 0.022500 0.000000 0.000000
 0.025000 0.000000 0.000000
 0.027500 0.000000 0.000000
 0.030000 0.000000 0.000000
 0.032500 0.000000 0.000000
 0.035000 0.000000 0.000000
 0.037500 0.000000 0.000000
 0.040000 0.000000 0.000000
 0.042500 0.000000 0.000000
 0.045000 0.000000 0.000000
 0.047500 0.000000 0.000000
 0.050000 0.000000 0.000000
 0.052500 0.000000 0.000000
 0.055000 0.000000 0.000000
 0.057500 0.000000 0.000000
 0.060000 0.000000 0.000000
 0.062500 0.000000 0.000000
 0.065000 0.000000 0.000000
 0.067500 0.000000 0.000000
 0.070000 0.000000 0.000000
 0.072500 0.000000 0.000000
 0.075000 0.000000 0.000000
 0.077500 0.000000 0.000000
 0.080000 0.000000 0.000000
 0.082500 0.000000 0.000000
 0.085000 0.000000 0.000000
 0.087500 0.000000 0.000000
 0.090000 0.000000 0.000000
 0.092500 0.000000 0.000000
 0.095000 0.000000 0.000000
 0.097500 0.000000 0.000000
 0.100000 0.000000 0.000000
 0.102500 0.000000 0.000000
 0.105000 0.000000 0.000000
 0.107500 0.000000 0.000000
 0.110000 0.000000 0.000000
 0.112500 0.000000 0.000000
 0.115000 0.000000 0.000000
 0.117500 0.000000 0.000000
 0.120000 0.000000 0.000000
 0.122500 0.000000 0.000000
 0.125000 0.000000 0.000000
 0.127500 0.000000 0.000000
 0.130000 0.000000 0.000000
 0.132500 0.000000 0.000000
 0.135000 0.000000 0.000000
 0.137500 0.000000 0.000000
 0.140000 0.000000 0.000000
 0.142500 0.000000 0.000000
 0.145000 0.000000 0.000000
 0.147500 0.000000 0.000000
 0.150000 0.000000 0.000000
 0.152500 0.000000 0.000000
 0.155000 0.000000 0.000000
 0.157500 0.000000 0.000000
 0.160000 0.000000 0.000000
 0.162500 0.000000 0.000000
 0.165000 0.000000 0.000000
 0.167500 0.000000 0.000000
 0.170000 0.000000 0.000000
 0.172500 0.000000 0.000000
 0.175000 0.000000 0.000000
 0.177500 0.000000 0.000000
 0.180000 0.000000 0.000000
 0.182500 0.000000 0.000000
 0.185000 0.000000 0.000000
 0.187500 0.000000 0.000000
 0.190000 0.000000 0.000000
 0.192500 0.000000 0.000000
 0.195000 0.000000 0.000000
 0.197500 0.000000 0.000000
 0.200000 0.000000 0.000000
 0.202500 0.000000 0.000000
 0.205000 0.000000 0.000030
 0.207500 0.000000 0.000070
 0.210000 0.000000 0.000155
 0.212500 0.000001 0.000321
 0.215000 0.000002 0.000619
 0.217500 0.000004 0.001130
 0.220000 0.000008 0.001904
 0.222500 0.000014 0.003036
 0.225000 0.000024 0.004482
 0.227500 0.000037 0.006192
 0.230000 0.000055 0.008024
 0.232500 0.000077 0.009802
 0.235000 0.000103 0.011373
 0.237500 0.000134 0.012674
 0.240000 0.000167 0.013735
 0.242500 0.000202 0.014624
 0.245000 0.000240 0.015312
 0.247500 0.000278 0.015561
 0.250000 0.000317 0.014899
 0.252500 0.000352 0.012765
 0.255000 0.000379 0.008794
 0.257500 0.000394 0.003121
 0.260000 0.000394 -0.003671
 0.262500 0.000376 -0.010313
 0.265000 0.000344 -0.015416
 0.267500 0.000302 -0.017679
 0.270000 0.000258 -0.016344
 0.272500 0.000223 -0.011314
 0.275000 0.000204 -0.003072
 0.277500 0.000209 0.007321
 0.280000 0.000242 0.018473
 0.282500 0.000301 0.028769
 0.285000 0.000383 0.036557
 0.287500 0.000481 0.040563
 0.290000 0.000583 0.040088
 0.292500 0.000678 0.035351
 0.295000 0.000757 0.027614
 0.297500 0.000815 0.018667
 0.300000 0.000851 0.011003
 0.302500 0.000872 0.006337
 0.305000 0.000887 0.005972
 0.307500 0.000906 0.010059
 0.310000 0.000940 0.017567
 0.312500 0.000995 0.026742
 0.315000 0.001074 0.035403
 0.317500 0.001171 0.041651
 0.320000 0.001279 0.044231
 0.322500 0.001389 0.043161
 0.325000 0.001493 0.039261
 0.327500 0.001585 0.034488
 0.330000 0.001667 0.031209
 0.332500 0.001744 0.031648
 0.335000 0.001830 0.037407
 0.337500 0.001937 0.049050
 0.340000 0.002079 0.065837
 0.342500 0.002269 0.085988
 0.345000 0.002510 0.106514
 0.347500 0.002800 0.124364
 0.350000 0.003128 0.137071
 0.352500 0.003480 0.143449
 0.355000 0.003840 0.143496
 0.357500 0.004194 0.138582
 0.360000 0.004531 0.130579
 0.362500 0.004846 0.120803
 0.365000 0.005135 0.110250
 0.367500 0.005397 0.099342
 0.370000 0.005632 0.089033
 0.372500 0.005845 0.081206
 0.375000 0.006044 0.078676
 0.377500 0.006246 0.084798
 0.380000 0.006478 0.101563
 0.382500 0.006764 0.128924
 0.385000 0.007131 0.164308
 0.387500 0.007590 0.202496
 0.390000 0.008142 0.238368
 0.392500 0.008778 0.268870
 0.395000 0.009483 0.293617
 0.397500 0.010245 0.315378
 0.400000 0.011062 0.338374
 0.402500 0.011941 0.365679
 0.405000 0.012896 0.398688
 0.407500 0.013939 0.435752
 0.410000 0.015077 0.473494
 0.412500 0.016306 0.507391
 0.415000 0.017611 0.535226
 0.417500 0.018978 0.556399
 0.420000 0.020392 0.573418
 0.422500 0.021846 0.588799
 0.425000 0.023341 0.606635
 0.427500 0.024888 0.630644
 0.430000 0.026505 0.663588
 0.432500 0.028218 0.707549
 0.435000 0.030056 0.763453
 0.437500 0.032046 0.829294
 0.440000 0.034209 0.899777
 0.442500 0.036545 0.967479
 0.445000 0.039039 1.023257
 0.447500 0.041650 1.060588
 0.450000 0.044328 1.078041
 0.452500 0.047029 1.078951
 0.455000 0.049720 1.071184
 0.457500 0.052387 1.061728
 0.460000 0.055034 1.054918
 0.462500 0.057667 1.050169
 0.465000 0.060288 1.044255
 0.467500 0.062892 1.036367
 0.470000 0.065476 1.031263
 0.472500 0.068063 1.038925
 0.475000 0.070697 1.072853
 0.477500 0.073462 1.144048
 0.480000 0.076458 1.257719
 0.482500 0.079789 1.409362
 0.485000 0.083533 1.586334
 0.487500 0.087733 1.772906
 0.490000 0.092395 1.952908
 0.492500 0.097486 2.114782
 0.495000 0.102953 2.253384
 0.497500 0.108736 2.366749
 0.500000 0.114774 2.456500
 0.502500 0.121009 2.526153
 0.505000 0.127400 2.582029
 0.507500 0.133919 2.630964
 0.510000 0.140560 2.680341
 0.512500 0.147329 2.736317
 0.515000 0.154255 2.803383
 0.517500 0.161367 2.883216
 0.520000 0.168692 2.974961
 0.522500 0.176259 3.076310
 0.525000 0.184090 3.185850
 0.527500 0.192203 3.303289
 0.530000 0.200620 3.427232
 0.532500 0.209356 3.559584
 0.535000 0.218434 3.700942
 0.537500 0.227882 3.856308
 0.540000 0.237737 4.028575
 0.542500 0.248048 4.219332
 0.545000 0.258851 4.420374
 0.547500 0.270155 4.617182
 0.550000 0.281925 4.789924
 0.552500 0.294072 4.916878
 0.555000 0.306475 4.993399
 0.557500 0.319017 5.029365
 0.560000 0.331619 5.047234
 0.562500 0.344274 5.078967
 0.565000 0.357053 5.149931
 0.567500 0.370078 5.277058
 0.570000 0.383497 5.462980
 0.572500 0.397446 5.700082
 0.575000 0.412043 5.977803
 0.577500 0.427366 6.282390
 0.580000 0.443474 6.602800
 0.582500 0.460390 6.928971
 0.585000 0.478124 7.250882
 0.587500 0.496646 7.556852
 0.590000 0.515900 7.833100
 0.592500 0.535798 8.074722
 0.595000 0.556257 8.285053
 0.597500 0.577217 8.480271
 0.600000 0.598678 8.689318
 0.602500 0.620725 8.953321
 0.605000 0.643531 9.304295
 0.607500 0.667351 9.764081
 0.610000 0.692459 10.334325
 0.612500 0.719103 10.988307
 0.615000 0.747442 11.681004
 0.617500 0.777494 12.344245
 0.620000 0.809095 12.913207
 0.622500 0.841942 13.328623
 0.625000 0.875602 13.561565
 0.627500 0.909607 13.613858
 0.630000 0.943561 13.525667
 0.632500 0.977198 13.372098
 0.635000 1.010446 13.235907
 0.637500 1.043453 13.190645
 0.640000 1.076532 13.297624
 0.642500 1.110106 13.587093
 0.645000 1.144622 14.048323
 0.647500 1.180466 14.643166
 0.650000 1.217908 15.312639
 0.652500 1.257044 15.990485
 0.655000 1.297824 16.614336
 0.657500 1.340046 17.145346
 0.660000 1.383468 17.571073
 0.662500 1.427838 17.913549
 0.665000 1.472992 18.210907
 0.667500 1.518887 18.512452
 0.670000 1.565595 18.866613
 0.672500 1.613284 19.302349
 0.675000 1.662167 19.822243
 0.677500 1.712445 20.409912
 0.680000 1.764247 21.039715
 0.682500 1.817627 21.667289
 0.685000 1.872550 22.265534
 0.687500 1.928907 22.811740
 0.690000 1.986549 23.297655
 0.692500 2.045341 23.738077
 0.695000 2.105192 24.146068
 0.697500 2.166055 24.550339
 0.700000 2.227934 24.972195
 0.702500 2.290909 25.427718
 0.705000 2.355082 25.924301
 0.707500 2.420546 26.468730
 0.710000 2.487431 27.067238
 0.712500 2.555879 27.716674
 0.715000 2.626018 28.412781
 0.717500 2.697931 29.135049
 0.720000 2.771631 29.837509
 0.722500 2.846991 30.450735
 0.725000 2.923704 30.910545
 0.727500 3.001334 31.174751
 0.730000 3.079354 31.231457
 0.732500 3.157287 31.120692
 0.735000 3.234806 30.921749
 0.737500 3.311842 30.750064
 0.740000 3.388593 30.721775
 0.742500 3.465550 30.920004
 0.745000 3.543343 31.390357
 0.747500 3.622620 32.108272
 0.750000 3.703917 32.989373
 0.752500 3.787479 33.896184
 0.755000 3.873192 34.692150
 0.757500 3.960611 35.252844
 0.760000 4.049056 35.499198
 0.762500 4.137708 35.436182
 0.765000 4.225859 35.110439
 0.767500 4.312954 34.610677
 0.770000 4.398670 34.033660
 0.772500 4.482897 33.431492
 0.775000 4.565603 32.820500
 0.777500 4.646751 32.166720
 0.780000 4.726142 31.419160
 0.782500 4.803479 30.524370
 0.785000 4.878361 29.449780
 0.787500 4.950337 28.214972
 0.790000 5.019045 26.846711
 0.792500 5.084217 25.396263
 0.795000 5.145666 23.883527
 0.797500 5.203257 22.310929
 0.800000 5.256779 20.637230
 0.802500 5.305964 18.832669
 0.805000 5.350429 16.883986
 0.807500 5.389823 14.778007
 0.810000 5.423768 12.533993
 0.812500 5.451946 10.169631
 0.815000 5.474050 7.696310
 0.817500 5.489819 5.100661
 0.820000 5.498919 2.367268
 0.822500 5.500979 -0.520883
 0.825000 5.495588 -3.589855
 0.827500 5.482274 -6.845716
 0.830000 5.460559 -10.301349
 0.832500 5.429957 -13.948357
 0.835000 5.390004 -17.768823
 0.837500 5.340287 -21.752228
 0.840000 5.280415 -25.873587
 0.842500 5.210077 -30.110203
 0.845000 5.129029 -34.428257
 0.847500 5.037111 -38.786364
 0.850000 4.934306 -43.132844
 0.852500 4.820693 -47.413369
 0.855000 4.696504 -51.563449
 0.857500 4.562159 -55.545899
 0.860000 4.418107 -59.306413
 0.862500 4.264966 -62.799909
 0.865000 4.103472 -65.969327
 0.867500 3.934539 -68.753557
 0.870000 3.759195 -71.073828
 0.872500 3.578680 -72.892211
 0.875000 3.394257 -74.176777
 0.877500 3.207276 -74.970421
 0.880000 3.018883 -75.312669
 0.882500 2.830120 -75.284045
 0.885000 2.641824 -74.950045
 0.887500 2.454703 -74.353506
 0.890000 2.269409 -73.487803
 0.892500 2.086671 -72.304978
 0.895000 1.907378 -70.726043
 0.897500 1.732631 -68.670264
 0.900000 1.563695 -66.079370
 0.902500 1.401920 -62.952142
 0.905000 1.248585 -59.349530
 0.907500 1.104761 -55.394923
 0.910000 0.971136 -51.227671
 0.912500 0.848040 -46.998800
 0.915000 0.735468 -42.841736
 0.917500 0.633130 -38.837083
 0.920000 0.540600 -35.021423
 0.922500 0.457392 -31.383770
 0.925000 0.383089 -27.909033
 0.927500 0.317298 -24.572006
 0.930000 0.259701 -21.382551
 0.932500 0.209902 -18.347627
 0.935000 0.167470 -15.501889
 0.937500 0.131892 -12.890775
 0.940000 0.102532 -10.544110
 0.942500 0.078699 -8.486122
 0.945000 0.059654 -6.722427
 0.947500 0.044668 -5.246139
 0.950000 0.033047 -4.037695
 0.952500 0.024152 -3.067454
 0.955000 0.017426 -2.301334
 0.957500 0.012400 -1.706323
 0.960000 0.008691 -1.250878
 0.962500 0.005984 -0.904861
 0.965000 0.004038 -0.644812
 0.967500 0.002662 -0.451373
 0.970000 0.001707 -0.308260
 0.972500 0.001062 -0.204915
 0.975000 0.000637 -0.131391
 0.977500 0.000369 -0.081578
 0.980000 0.000205 -0.048632
 0.982500 0.000109 -0.027552
 0.985000 0.000055 -0.014751
 0.987500 0.000026 -0.007559
 0.990000 0.000012 -0.003608
 0.992500 0.000005 -0.001497
 0.995000 0.000002 -0.000588
 0.997500 0.000000 -0.000167
 1.000000 0.000000 -0.000049
 1.002500 0.000000 0.000000
 1.005000 0.000000 0.000000
 1.007500 0.000000 0.000000
 1.010000 0.000000 0.000000
 1.012500 0.000000 0.000000
 1.015000 0.000000 0.000000
 1.017500 0.000000 0.000000
 1.020000 0.000000 0.000000
 1.022500 0.000000 0.000000
 1.025000 0.000000 0.000000
 1.027500 0.000000 0.000000
 1.030000 0.000000 0.000000
 1.032500 0.000000 0.000000
 1.035000 0.000000 0.000000
 1.037500 0.000000 0.000000
 1.040000 0.000000 0.000000
 1.042500 0.000000 0.000000
 1.045000 0.000000 0.000000
 1.047500 0.000000 0.000000
 1.050000 0.000000 0.000000
 1.052500 0.000000 0.000000
 1.055000 0.000000 0.000000
 1.057500 0.000000 0.000000
 1.060000 0.000000 0.000000
 1.062500 0.000000 0.000000
 1.065000 0.000000 0.000000
 1.067500 0.000000 0.000000
 1.070000 0.000000 0.000000
 1.072500 0.000000 0.000000
 1.075000 0.000000 0.000000
 1.077500 0.000000 0.000000
 1.080000 0.000000 0.000000
 1.082500 0.000000 0.000000
 1.085000 0.000000 0.000000
 1.087500 0.000000 0.000000
 1.090000 0.000000 0.000000
 1.092500 0.000000 0.000000
 1.095000 0.000000 0.000000
 1.097500 0.000000 0.000000
 1.100000 0.000000 0.000000
 1.102500 0.000000 0.000000
 1.105000 0.000000 0.000000
 1.107500 0.000000 0.000000
 1.110000 0.000000 0.000000
 1.112500 0.000000 0.000000
 1.115000 0.000000 0.000000
 1.117500 0.000000 0.000000
 1.120000 0.000000 0.000000
 1.122500 0.000000 0.000000
 1.125000 0.000000 0.000000
 1.127500 0.000000 0.000000
 1.130000 0.000000 0.000000
 1.132500 0.000000 0.000000
 1.135000 0.000000 0.000000
 1.137500 0.000000 0.000000
 1.140000 0.000000 0.000000
 1.142500 0.000000 0.000000
 1.145000 0.000000 0.000000
 1.147500 0.000000 0.000000
 1.150000 0.000000 0.000000
 1.152500 0.000000 0.000000
 1.155000 0.000000 0.000000
 1.157500 0.000000 0.000000
 1.160000 0.000000 0.000000
 1.162500 0.000000 0.000000
 1.165000 0.000000 0.000000
 1.167500 0.000000 0.000000
 1.170000 0.000000 0.000000
 1.172500 0.000000 0.000000
 1.175000 0.000000 0.000000
 1.177500 0.000000 0.000000
 1.180000 0.000000 0.000000
 1.182500 0.000000 0.000000
 1.185000 0.000000 0.000000
 1.187500 0.000000 0.000000
 1.190000 0.000000 0.000000
 1.192500 0.000000 0.000000
 1.195000 0.000000 0.000000
 1.197500 0.000000 0.000000
 1.200000 0.000000 0.000000
 1.202500 0.000000 0.000000
 1.205000 0.000000 0.000000
 1.207500 0.000000 0.000000
 1.210000 0.000000 0.000000
 1.212500 0.000000 0.000000
 1.215000 0.000000 0.000000
 1.217500 0.000000 0.000000
 1.220000 0.000000 0.000000
 1.222500 0.000000 0.000000
 1.225000 0.000000 0.000000
 1.227500 0.000000 0.000000
 1.230000 0.000000 0.000000
 1.232500 0.000000 0.000000
 1.235000 0.000000 0.000000
 1.237500 0.000000 0.000000
 1.240000 0.000000 0.000000
 1.242500 0.000000 0.000000
 1.245000 0.000000 0.000000
 1.247500 0.000000 0.000000
 1.250000 0.000000 0.000000
 1.252500 0.000000 0.000000
 1.255000 0.000000 0.000000
 1.257500 0.000000 0.000000
 1.260000 0.000000 0.000000
 1.262500 0.000000 0.000000
 1.265000 0.000000 0.000000
 1.267500 0.000000 0.000000
 1.270000 0.000000 0.000000
 1.272500 0.000000 0.000000
 1.275000 0.000000 0.000000
 1.277500 0.000000 0.000000
 1.280000 0.000000 0.000000
 1.282500 0.000000 0.000000
 1.285000 0.000000 0.000000
 1.287500 0.000000 0.000000
 1.290000 0.000000 0.000000
 1.292500 0.000000 0.000000
 1.295000 0.000000 0.000000
 1.297500 0.000000 0.000000
 1.300000 0.000000 0.000000
 1.302500 0.000000 0.000000
 1.305000 0.000000 0.000000
 1.307500 0.000000 0.000000
 1.310000 0.000000 0.000000
 1.312500 0.000000 0.000000
 1.315000 0.000000 0.000000
 1.317500 0.000000 0.000000
 1.320000 0.000000 0.000000
 1.322500 0.000000 0.000000
 1.325000 0.000000 0.000000
 1.327500 0.000000 0.000000
 1.330000 0.000000 0.000000
 1.332500 0.000000 0.000000
 1.335000 0.000000 0.000000
 1.337500 0.000000 0.000000
 1.340000 0.000000 0.000000
 1.342500 0.000000 0.000000
 1.345000 0.000000 0.000000
 1.347500 0.000000 0.000000
 1.350000 0.000000 0.000000
 1.352500 0.000000 0.000000
 1.355000 0.000000 0.000000
 1.357500 0.000000 0.000000
 1.360000 0.000000 0.000000
 1.362500 0.000000 0.000000
 1.365000 0.000000 0.000000
 1.367500 0.000000 0.000000
 1.370000 0.000000 0.000000
 1.372500 0.000000 0.000000
 1.375000 0.000000 0.000000
 1.377500 0.000000 0.000000
 1.380000 0.000000 0.000000
 1.382500 0.000000 0.000000
 1.385000 0.000000 0.000000
 1.387500 0.000000 0.000000
 1.390000 0.000000 0.000000
 1.392500 0.000000 0.000000
 1.395000 0.000000 0.000000
 1.397500 0.000000 0.000000
 1.400000 0.000000 0.000000
 1.402500 0.000000 0.000000
 1.405000 0.000000 0.000000
 1.407500 0.000000 0.000000
 1.410000 0.000000 0.000000
 1.412500 0.000000 0.000000
 1.415000 0.000000 0.000000
 1.417500 0.000000 0.000000
 1.420000 0.000000 0.000000
 1.422500 0.000000 0.000000
 1.425000 0.000000 0.000000
 1.427500 0.000000 0.000000
 1.430000 0.000000 0.000000
 1.432500 0.000000 0.000000
 1.435000 0.000000 0.000000
 1.437500 0.000000 0.000000
 1.440000 0.000000 0.000000
 1.442500 0.000000 0.000000
 1.445000 0.000000 0.000000
 1.447500 0.000000 0.000000
 1.450000 0.000000 0.000000
 1.452500 0.000000 0.000000
 1.455000 0.000000 0.000000
 1.457500 0.000000 0.000000
 1.460000 0.000000 0.000000
 1.462500 0.000000 0.000000
 1.465000 0.000000 0.000000
 1.467500 0.000000 0.000000
 1.470000 0.000000 0.000000
 1.472500 0.000000 0.000000
 1.475000 0.000000 0.000000
 1.477500 0.000000 0.000000
 1.480000 0.000000 0.000000
 1.482500 0.000000 0.000000
 1.485000 0.000000 0.000000
 1.487500 0.000000 0.000000
 1.490000 0.000000 0.000000
 1.492500 0.000000 0.000000
 1.495000 0.000000 0.000000
 1.497500 0.000000 0.000000
 1.500000 0.000000 0.000000
 1.502500 0.000000 0.000000
 1.505000 0.000000 0.000000
 1.507500 0.000000 0.000000
 1.510000 0.000000 0.000000
 1.512500 0.000000 0.000000
 1.515000 0.000000 0.000000
 1.517500 0.000000 0.000000
 1.520000 0.000000 0.000000
 1.522500 0.000000 0.000000
 1.525000 0.000000 0.000000
 1.527500 0.000000 0.000000
 1.530000 0.000000 0.000000
 1.532500 0.000000 0.000000
 1.535000 0.000000 0.000000
 1.537500 0.000000 0.000000
 1.540000 0.000000 0.000000
 1.542500 0.000000 0.000000
 1.545000 0.000000 0.000000
 1.547500 0.000000 0.000000
 1.550000 0.000000 0.000000
 1.552500 0.000000 0.000000
 1.555000 0.000000 0.000000
 1.557500 0.000000 0.000000
 1.560000 0.000000 0.000000
 1.562500 0.000000 0.000000
 1.565000 0.000000 0.000000
 1.567500 0.000000 0.000000
 1.570000 0.000000 0.000000
 1.572500 0.000000 0.000000
 1.575000 0.000000 0.000000
 1.577500 0.000000 0.000000
 1.580000 0.000000 0.000000
 1.582500 0.000000 0.000000
 1.585000 0.000000 0.000000
 1.587500 0.000000 0.000000
 1.590000 0.000000 0.000000
 1.592500 0.000000 0.000000
 1.595000 0.000000 0.000000
 1.597500 0.000000 0.000000
 1.600000 0.000000 0.000000
 1.602500 0.000000 0.000000
 1.605000 0.000000 0.000000
 1.607500 0.000000 0.000000
 1.610000 0.000000 0.000000
 1.612500 0.000000 0.000000
 1.615000 0.000000 0.000000
 1.617500 0.000000 0.000000
 1.620000 0.000000 0.000000
 1.622500 0.000000 0.000000
 1.625000 0.000000 0.000000
 1.627500 0.000000 0.000000
 1.630000 0.000000 0.000000
 1.632500 0.000000 0.000000
 1.635000 0.000000 0.000000
 1.637500 0.000000 0.000000
 1.640000 0.000000 0.000000
 1.642500 0.000000 0.000000
 1.645000 0.000000 0.000000
 1.647500 0.000000 0.000000
 1.650000 0.000000 0.000000
 1.652500 0.000000 0.000000
 1.655000 0.000000 0.000000
 1.657500 0.000000 0.000000
 1.660000 0.000000 0.000000
 1.662500 0.000000 0.000000
 1.665000 0.000000 0.000000
 1.667500 0.000000 0.000000
 1.670000 0.000000 0.000000
 1.672500 0.000000 0.000000
 1.675000 0.000000 0.000000
 1.677500 0.000000 0.000000
 1.680000 0.000000 0.000000
 1.682500 0.000000 0.000000
 1.685000 0.000000 0.000000
 1.687500 0.000000 0.000000
 1.690000 0.000000 0.000000
 1.692500 0.000000 0.000000
 1.695000 0.000000 0.000000
 1.697500 0.000000 0.000000
 1.700000 0.000000 0.000000
 1.702500 0.000000 0.000000
 1.705000 0.000000 0.000000
 1.707500 0.000000 0.000000
 1.710000 0.000000 0.000000
 1.712500 0.000000 0.000000
 1.715000 0.000000 0.000000
 1.717500 0.000000 0.000000
 1.720000 0.000000 0.000000
 1.722500 0.000000 0.000000
 1.725000 0.000000 0.000000
 1.727500 0.000000 0.000000
 1.730000 0.000000 0.000000
 1.732500 0.000000 0.000000
 1.735000 0.000000 0.000000
 1.737500 0.000000 0.000000
 1.740000 0.000000 0.000000
 1.742500 0.000000 0.000000
 1.745000 0.000000 0.000000
 1.747500 0.000000 0.000000
 1.750000 0.000000 0.000000
 1.752500 0.000000 0.000000
 1.755000 0.000000 0.000000
 1.757500 0.000000 0.000000
 1.760000 0.000000 0.000000
 1.762500 0.000000 0.000000
 1.765000 0.000000 0.000000
 1.767500 0.000000 0.000000
 1.770000 0.000000 0.000000
 1.772500 0.000000 0.000000
 1.775000 0.000000 0.000000
 1.777500 0.000000 0.000000
 1.780000 0.000000 0.000000
 1.782500 0.000000 0.000000
 1.785000 0.000000 0.000000
 1.787500 0.000000 0.000000
 1.790000 0.000000 0.000000
 1.792500 0.000000 0.000000
 1.795000 0.000000 0.000000
 1.797500 0.000000 0.000000
 1.800000 0.000000 0.000000
 1.802500 0.000000 0.000000
 1.805000 0.000000 0.000000
 1.807500 0.000000 0.000000
 1.810000 0.000000 0.000000
 1.812500 0.000000 0.000000
 1.815000 0.000000 0.000000
 1.817500 0.000000 0.000000
 1.820000 0.000000 0.000000
 1.822500 0.000000 0.000000
 1.825000 0.000000 0.000000
 1.827500 0.000000 0.000000
 1.830000 0.000000 0.000000
 1.832500 0.000000 0.000000
 1.835000 0.000000 0.000000
 1.837500 0.000000 0.000000
 1.840000 0.000000 0.000000
 1.842500 0.000000 0.000000
 1.845000 0.000000 0.000000
 1.847500 0.000000 0.000000
 1.850000 0.000000 0.000000
 1.852500 0.000000 0.000000
 1.855000 0.000000 0.000000
 1.857500 0.000000 0.000000
 1.860000 0.000000 0.000000
 1.862500 0.000000 0.000000
 1.865000 0.000000 0.000000
 1.867500 0.000000 0.000000
 1.870000 0.000000 0.000000
 1.872500 0.000000 0.000000
 1.875000 0.000000 0.000000
 1.877500 0.000000 0.000000
 1.880000 0.000000 0.000000
 1.882500 0.000000 0.000000
 1.885000 0.000000 0.000000
 1.887500 0.000000 0.000000
 1.890000 0.000000 0.000000
 1.892500 0.000000 0.000000
 1.895000 0.000000 0.000000
 1.897500 0.000000 0.000000
 1.900000 0.000000 0.000000
 1.902500 0.000000 0.000000
 1.905000 0.000000 0.000000
 1.907500 0.000000 0.000000
 1.910000 0.000000 0.000000
 1.912500 0.000000 0.000000
 1.915000 0.000000 0.000000
 1.917500 0.000000 0.000000
 1.920000 0.000000 0.000000
 1.922500 0.000000 0.000000
 1.925000 0.000000 0.000000
 1.927500 0.000000 0.000000
 1.930000 0.000000 0.000000
 1.932500 0.000000 0.000000
 1.935000 0.000000 0.000000
 1.937500 0.000000 0.000000
 1.940000 0.000000 0.000000
 1.942500 0.000000 0.000000
 1.945000 0.000000 0.000000
 1.947500 0.000000 0.000000
 1.950000 0.000000 0.000000
 1.952500 0.000000 0.000000
 1.955000 0.000000 0.000000
 1.957500 0.000000 0.000000
 1.960000 0.000000 0.000000
 1.962500 0.000000 0.000000
 1.965000 0.000000 0.000000
 1.967500 0.000000 0.000000
 1.970000 0.000000 0.000000
 1.972500 0.000000 0.000000
 1.975000 0.000000 0.000000
 1.977500 0.000000 0.000000
 1.980000 0.000000 0.000000
 1.982500 0.000000 0.000000
 1.985000 0.000000 0.000000
 1.987500 0.000000 0.000000
 1.990000 0.000000 0.000000
 1.992500 0.000000 0.000000
 1.995000 0.000000 0.000000
 1.997500 0.000000 0.000000
 2.000000 0.000000 0.000000
