#! FIELDS time refcv.mean refcv.morethan
 0.000000 0.998995 287.904842
 1.000000 1.030555 287.935176
 2.000000 1.012702 287.920286
 3.000000 1.002516 287.912124
 4.000000 1.006176 287.908478
 5.000000 1.002222 287.911023
 6.000000 0.999959 287.903406
 7.000000 1.015852 287.918145
 8.000000 1.007977 287.910574
 9.000000 1.006284 287.898647
 10.000000 1.018509 287.920915
 11.000000 1.005329 287.908327
 12.000000 0.995964 287.892472
 13.000000 0.990196 287.889416
 14.000000 1.015675 287.926483
 15.000000 1.025302 287.936136
 16.000000 1.009464 287.917233
 17.000000 1.010837 287.920105
 18.000000 1.021280 287.924355
 19.000000 1.035935 287.939269
 20.000000 1.042415 287.946057
 21.000000 1.027792 287.932299
 22.000000 1.040219 287.941205
 23.000000 1.033887 287.937372
 24.000000 1.037515 287.944904
 25.000000 1.042759 287.946993
 26.000000 1.038880 287.944061
 27.000000 1.035351 287.941381
 28.000000 1.038914 287.940519
 29.000000 1.025955 287.935201
 30.000000 1.018398 287.931764
 31.000000 1.006858 287.915988
 32.000000 1.032529 287.939931
 33.000000 1.018670 287.928941
 34.000000 1.031690 287.936386
 35.000000 1.020227 287.926037
 36.000000 1.024294 287.933341
 37.000000 1.026590 287.936701
 38.000000 1.027974 287.938474
 39.000000 1.039874 287.945932
 40.000000 1.028028 287.937992
 41.000000 1.033708 287.942938
 42.000000 1.036879 287.946762
 43.000000 1.038731 287.944912
 44.000000 1.017559 287.929674
 45.000000 1.025544 287.935049
 46.000000 1.027009 287.933654
 47.000000 1.006921 287.916612
 48.000000 1.015275 287.925351
 49.000000 1.022791 287.931802
 50.000000 1.017837 287.924527
 51.000000 1.020296 287.931316
 52.000000 1.015494 287.927575
 53.000000 1.041512 287.945139
 54.000000 1.042069 287.943559
 55.000000 1.030550 287.937139
 56.000000 1.041568 287.944232
 57.000000 1.033295 287.941003
 58.000000 1.022674 287.933768
 59.000000 1.023497 287.929667
 60.000000 1.039212 287.942415
 61.000000 1.047415 287.949263
 62.000000 1.029534 287.935293
 63.000000 1.039409 287.941312
 64.000000 1.037770 287.944950
 65.000000 1.033652 287.942488
 66.000000 1.032645 287.941523
 67.000000 1.026082 287.934311
 68.000000 1.053190 287.954217
 69.000000 1.043205 287.950813
 70.000000 1.041979 287.946547
 71.000000 1.043095 287.938622
 72.000000 1.038802 287.943144
 73.000000 1.027240 287.937951
 74.000000 1.036327 287.941630
 75.000000 1.025131 287.930328
 76.000000 1.035593 287.938642
 77.000000 1.038775 287.939568
 78.000000 1.051398 287.948514
 79.000000 1.061183 287.957152
 80.000000 1.051529 287.949469
 81.000000 1.039575 287.939769
 82.000000 1.041085 287.939970
 83.000000 1.031261 287.936192
 84.000000 1.015719 287.924184
 85.000000 1.026920 287.932471
 86.000000 1.037540 287.936034
 87.000000 1.019488 287.924429
 88.000000 1.023024 287.932028
 89.000000 1.025970 287.929994
 90.000000 1.029972 287.940847
 91.000000 1.040774 287.940774
 92.000000 1.039168 287.936367
 93.000000 1.060558 287.953886
 94.000000 1.029312 287.935492
 95.000000 1.033797 287.934880
 96.000000 1.050292 287.949124
 97.000000 1.041449 287.944503
 98.000000 1.044826 287.946699
 99.000000 1.042723 287.945960
 100.000000 1.058583 287.953202
 101.000000 1.056922 287.955364
 102.000000 1.044991 287.945685
 103.000000 1.060455 287.955831
 104.000000 1.053080 287.948522
 105.000000 1.050409 287.951554
 106.000000 1.039151 287.942413
 107.000000 1.052613 287.952620
 108.000000 1.040809 287.945630
 109.000000 1.057544 287.952605
 110.000000 1.037941 287.941678
 111.000000 1.055111 287.955882
 112.000000 1.052531 287.953771
 113.000000 1.046492 287.949005
 114.000000 1.027906 287.938481
 115.000000 1.055325 287.953768
 116.000000 1.070636 287.960823
 117.000000 1.061843 287.959254
 118.000000 1.047700 287.948846
 119.000000 1.068826 287.962475
 120.000000 1.047223 287.946587
 121.000000 1.064026 287.957660
 122.000000 1.055753 287.954052
 123.000000 1.047277 287.950601
 124.000000 1.045856 287.947838
 125.000000 1.047508 287.952211
 126.000000 1.051590 287.955113
 127.000000 1.046549 287.950397
 128.000000 1.053591 287.957333
 129.000000 1.065282 287.962017
 130.000000 1.069897 287.963444
 131.000000 1.054712 287.951981
 132.000000 1.060869 287.957296
 133.000000 1.058643 287.953819
 134.000000 1.068838 287.961728
 135.000000 1.053274 287.953519
 136.000000 1.054517 287.950857
 137.000000 1.093247 287.971261
 138.000000 1.075753 287.965318
 139.000000 1.056140 287.953148
 140.000000 1.061156 287.956488
 141.000000 1.048620 287.950874
 142.000000 1.057482 287.954548
 143.000000 1.049573 287.951695
 144.000000 1.040486 287.946931
 145.000000 1.051534 287.952456
 146.000000 1.069399 287.960820
 147.000000 1.049240 287.946781
 148.000000 1.057237 287.956763
 149.000000 1.054720 287.952397
 150.000000 1.040106 287.940007
 151.000000 1.055482 287.954903
 152.000000 1.052737 287.949004
 153.000000 1.039418 287.941543
 154.000000 1.050365 287.950776
 155.000000 1.050276 287.944578
 156.000000 1.042577 287.936906
 157.000000 1.044035 287.944308
 158.000000 1.031857 287.929372
 159.000000 1.030421 287.933195
 160.000000 1.008924 287.907167
 161.000000 1.022572 287.920084
 162.000000 1.033613 287.942715
 163.000000 1.034921 287.944428
 164.000000 1.040102 287.945716
 165.000000 1.040461 287.939337
 166.000000 1.049773 287.951105
 167.000000 1.036972 287.942388
 168.000000 1.053456 287.948962
 169.000000 1.040249 287.940373
 170.000000 1.062473 287.954692
 171.000000 1.039271 287.935868
 172.000000 1.035346 287.940361
 173.000000 1.035234 287.937413
 174.000000 1.036772 287.944015
 175.000000 1.045033 287.948280
 176.000000 1.036579 287.942159
 177.000000 1.033496 287.940176
 178.000000 1.034448 287.940617
 179.000000 1.026077 287.934057
 180.000000 1.033909 287.939620
 181.000000 1.043059 287.941270
 182.000000 1.041312 287.940414
 183.000000 1.052719 287.944620
 184.000000 1.042800 287.935540
 185.000000 1.047263 287.945502
 186.000000 1.052802 287.940875
 187.000000 1.045853 287.939253
 188.000000 1.041244 287.939219
 189.000000 1.047557 287.943014
 190.000000 1.065554 287.952923
 191.000000 1.056486 287.945870
 192.000000 1.052981 287.944565
 193.000000 1.046845 287.938737
 194.000000 1.049610 287.943266
 195.000000 1.050169 287.942897
 196.000000 1.045904 287.939685
 197.000000 1.066669 287.948786
 198.000000 1.053561 287.940617
 199.000000 1.056486 287.940990
 200.000000 1.060506 287.947287
 201.000000 1.058130 287.950271
 202.000000 1.071993 287.955636
 203.000000 1.041586 287.937127
 204.000000 1.038287 287.934485
 205.000000 1.047280 287.941825
 206.000000 1.041798 287.937989
 207.000000 1.031287 287.928420
 208.000000 1.042186 287.932246
 209.000000 1.025908 287.926113
 210.000000 1.021175 287.926897
 211.000000 1.042123 287.932170
 212.000000 1.047681 287.945384
 213.000000 1.044052 287.941068
 214.000000 1.032268 287.932857
 215.000000 1.020028 287.927196
 216.000000 1.024537 287.930627
 217.000000 1.037982 287.940102
 218.000000 1.046638 287.949890
 219.000000 1.050469 287.951465
 220.000000 1.037738 287.942788
 221.000000 1.051345 287.949416
 222.000000 1.053181 287.951381
 223.000000 1.045357 287.949826
 224.000000 1.060187 287.956628
 225.000000 1.043491 287.948308
 226.000000 1.046633 287.950871
 227.000000 1.023284 287.931270
 228.000000 1.015737 287.930529
 229.000000 1.034037 287.942711
 230.000000 1.019909 287.932447
 231.000000 1.039509 287.947030
 232.000000 1.027580 287.937248
 233.000000 1.033824 287.939471
 234.000000 1.040846 287.945953
 235.000000 1.022847 287.933085
 236.000000 1.021830 287.933685
 237.000000 1.040732 287.944918
 238.000000 1.024225 287.931627
 239.000000 1.024997 287.934400
 240.000000 1.024930 287.934296
 241.000000 1.020742 287.921526
 242.000000 1.036734 287.941354
 243.000000 1.026236 287.929982
 244.000000 1.008474 287.913498
 245.000000 1.029159 287.931392
 246.000000 1.024619 287.929268
 247.000000 1.020513 287.926440
 248.000000 1.026130 287.929424
 249.000000 1.029604 287.934401
 250.000000 1.043947 287.942136
 251.000000 1.027439 287.932786
 252.000000 1.016831 287.922706
 253.000000 1.027559 287.931111
 254.000000 1.043040 287.947025
 255.000000 1.042134 287.947626
 256.000000 1.041135 287.945244
 257.000000 1.026330 287.931003
 258.000000 1.028250 287.938853
 259.000000 1.028672 287.935368
 260.000000 1.010773 287.924895
 261.000000 1.013496 287.921427
 262.000000 1.017927 287.926563
 263.000000 1.047607 287.950095
 264.000000 1.020264 287.929352
 265.000000 1.035162 287.942156
 266.000000 1.047446 287.948729
 267.000000 1.027533 287.935998
 268.000000 1.032107 287.938192
 269.000000 1.036761 287.942379
 270.000000 1.033875 287.939173
 271.000000 1.047762 287.946642
 272.000000 1.035254 287.935381
 273.000000 1.056620 287.948565
 274.000000 1.040603 287.940029
 275.000000 1.037275 287.937647
 276.000000 1.056385 287.952188
 277.000000 1.046872 287.947075
 278.000000 1.034098 287.937510
 279.000000 1.039906 287.936327
 280.000000 1.042954 287.947228
 281.000000 1.016153 287.922338
 282.000000 1.046223 287.948845
 283.000000 1.044787 287.946678
 284.000000 1.051351 287.952879
 285.000000 1.053732 287.951573
 286.000000 1.044714 287.943829
 287.000000 1.045614 287.948518
 288.000000 1.030090 287.933617
 289.000000 1.043427 287.947380
 290.000000 1.036796 287.934407
 291.000000 1.044421 287.948535
 292.000000 1.060187 287.954638
 293.000000 1.040375 287.940396
 294.000000 1.079476 287.965429
 295.000000 1.066427 287.960406
 296.000000 1.073956 287.963655
 297.000000 1.073241 287.962600
 298.000000 1.057502 287.958035
 299.000000 1.072346 287.963862
 300.000000 1.055094 287.956422
 301.000000 1.059524 287.956957
 302.000000 1.064037 287.959818
 303.000000 1.055021 287.955121
 304.000000 1.065663 287.960686
 305.000000 1.053678 287.956274
 306.000000 1.064786 287.960656
 307.000000 1.063455 287.960419
 308.000000 1.061810 287.956587
 309.000000 1.075936 287.960189
 310.000000 1.058436 287.953824
 311.000000 1.040205 287.943378
 312.000000 1.053552 287.947262
 313.000000 1.047744 287.949833
 314.000000 1.054535 287.954851
 315.000000 1.032315 287.940917
 316.000000 1.049173 287.953180
 317.000000 1.043673 287.950621
 318.000000 1.045592 287.950785
 319.000000 1.043503 287.948789
 320.000000 1.041348 287.946232
 321.000000 1.047218 287.950276
 322.000000 1.056706 287.956182
 323.000000 1.042025 287.942961
 324.000000 1.046936 287.951668
 325.000000 1.055476 287.954767
 326.000000 1.049243 287.952695
 327.000000 1.047059 287.951696
 328.000000 1.050685 287.950779
 329.000000 1.032113 287.938760
 330.000000 1.052240 287.952280
 331.000000 1.041575 287.947983
 332.000000 1.044421 287.945585
 333.000000 1.044335 287.942697
 334.000000 1.050311 287.951447
 335.000000 1.038059 287.944450
 336.000000 1.057854 287.953920
 337.000000 1.032080 287.944140
 338.000000 1.059936 287.959166
 339.000000 1.051391 287.951291
 340.000000 1.038842 287.942315
 341.000000 1.042158 287.944990
 342.000000 1.043841 287.931387
 343.000000 1.060109 287.951740
 344.000000 1.064707 287.958263
 345.000000 1.071900 287.963517
 346.000000 1.084736 287.968290
 347.000000 1.048613 287.948440
 348.000000 1.059156 287.955881
 349.000000 1.050395 287.951376
 350.000000 1.055526 287.956224
 351.000000 1.059621 287.958242
 352.000000 1.048681 287.951467
 353.000000 1.038846 287.943451
 354.000000 1.042726 287.950763
 355.000000 1.047800 287.951790
 356.000000 1.043436 287.947368
 357.000000 1.064727 287.959675
 358.000000 1.057215 287.956320
 359.000000 1.043217 287.949421
 360.000000 1.045227 287.950852
 361.000000 1.052301 287.954987
 362.000000 1.048300 287.951087
 363.000000 1.064557 287.959969
 364.000000 1.051618 287.953900
 365.000000 1.037676 287.944325
 366.000000 1.055424 287.952813
 367.000000 1.030926 287.940561
 368.000000 1.037615 287.943617
 369.000000 1.050047 287.951699
 370.000000 1.059311 287.957503
 371.000000 1.048163 287.951174
 372.000000 1.049556 287.951824
 373.000000 1.040190 287.948752
 374.000000 1.029931 287.937396
 375.000000 1.041375 287.946259
 376.000000 1.033933 287.942179
 377.000000 1.030255 287.939628
 378.000000 1.035454 287.940863
 379.000000 1.031610 287.931871
 380.000000 1.026991 287.935654
 381.000000 1.029494 287.938880
 382.000000 1.022049 287.930549
 383.000000 1.005322 287.917388
 384.000000 1.011547 287.924263
 385.000000 1.009409 287.920945
 386.000000 1.023996 287.930619
 387.000000 1.031929 287.938469
 388.000000 1.022913 287.932715
 389.000000 1.032752 287.942647
 390.000000 1.044331 287.943732
 391.000000 1.041145 287.942696
 392.000000 1.012853 287.915548
 393.000000 1.036197 287.940132
 394.000000 1.024417 287.929241
 395.000000 1.010236 287.919322
 396.000000 1.033213 287.940114
 397.000000 1.013173 287.921734
 398.000000 1.028446 287.935481
 399.000000 1.047016 287.949249
 400.000000 1.040751 287.945794
 401.000000 1.046411 287.946615
 402.000000 1.028045 287.937062
 403.000000 1.034645 287.941813
 404.000000 1.052397 287.952814
 405.000000 1.033994 287.939021
 406.000000 1.021031 287.929215
 407.000000 1.051793 287.952551
 408.000000 1.046987 287.949352
 409.000000 1.034210 287.939637
 410.000000 1.032123 287.941621
 411.000000 1.041754 287.947709
 412.000000 1.045693 287.949919
 413.000000 1.029745 287.939354
 414.000000 1.040220 287.945279
 415.000000 1.024560 287.932319
 416.000000 1.032150 287.930319
 417.000000 1.042770 287.943595
 418.000000 1.026466 287.933061
 419.000000 1.042823 287.943972
 420.000000 1.038944 287.944612
 421.000000 1.032356 287.936386
 422.000000 1.042569 287.946108
 423.000000 1.033265 287.938148
 424.000000 1.038742 287.942977
 425.000000 1.021332 287.931338
 426.000000 1.029797 287.939861
 427.000000 1.040552 287.948433
 428.000000 1.023183 287.936527
 429.000000 1.032473 287.942563
 430.000000 1.063303 287.961394
 431.000000 1.028790 287.939889
 432.000000 1.051976 287.954940
 433.000000 1.036818 287.944853
 434.000000 1.039756 287.948144
 435.000000 1.035769 287.947005
 436.000000 1.045320 287.950173
 437.000000 1.033018 287.938442
 438.000000 1.034658 287.942628
 439.000000 1.038167 287.943684
 440.000000 1.041778 287.946856
 441.000000 1.050922 287.951444
 442.000000 1.045631 287.950823
 443.000000 1.043604 287.947882
 444.000000 1.037919 287.944201
 445.000000 1.024958 287.935920
 446.000000 1.045907 287.952328
 447.000000 1.042143 287.947779
 448.000000 1.051954 287.955298
 449.000000 1.040213 287.945654
 450.000000 1.044594 287.951686
 451.000000 1.044050 287.949529
 452.000000 1.046660 287.949385
 453.000000 1.037888 287.941334
 454.000000 1.031172 287.937169
 455.000000 1.046238 287.948210
 456.000000 1.045777 287.946940
 457.000000 1.051677 287.951419
 458.000000 1.056454 287.956580
 459.000000 1.045087 287.947668
 460.000000 1.044412 287.946635
 461.000000 1.046217 287.946281
 462.000000 1.042760 287.945560
 463.000000 1.038996 287.942126
 464.000000 1.048227 287.947161
 465.000000 1.041188 287.943049
 466.000000 1.036145 287.942327
 467.000000 1.027892 287.933749
 468.000000 1.031861 287.939653
 469.000000 1.043567 287.948979
 470.000000 1.029665 287.935731
 471.000000 1.038969 287.941164
 472.000000 1.043859 287.947289
 473.000000 1.047950 287.949517
 474.000000 1.055109 287.952418
 475.000000 1.051619 287.952654
 476.000000 1.042443 287.944778
 477.000000 1.046646 287.951044
 478.000000 1.049231 287.950715
 479.000000 1.023597 287.934545
 480.000000 1.052335 287.953230
 481.000000 1.050169 287.953265
 482.000000 1.045382 287.947685
 483.000000 1.027324 287.933927
 484.000000 1.033599 287.942039
 485.000000 1.028374 287.934643
 486.000000 1.040264 287.944742
 487.000000 1.026177 287.931709
 488.000000 1.031037 287.935904
 489.000000 1.030441 287.939527
 490.000000 1.027783 287.935473
 491.000000 1.024087 287.931798
 492.000000 1.038758 287.944942
 493.000000 1.047285 287.949566
 494.000000 1.025046 287.935381
 495.000000 1.037508 287.943288
 496.000000 1.032876 287.943563
 497.000000 1.023190 287.937870
 498.000000 1.026243 287.940888
 499.000000 1.027425 287.937618
 500.000000 1.025642 287.934806
 501.000000 1.025604 287.930584
 502.000000 1.039620 287.947633
 503.000000 1.046844 287.950821
 504.000000 1.055265 287.956131
 505.000000 1.055024 287.953596
 506.000000 1.038359 287.946131
 507.000000 1.057739 287.955712
 508.000000 1.024103 287.935373
 509.000000 1.017185 287.928038
 510.000000 1.029582 287.936166
 511.000000 1.031875 287.939638
 512.000000 1.026103 287.937050
 513.000000 1.005439 287.916588
 514.000000 1.026682 287.932894
 515.000000 1.020426 287.922526
 516.000000 1.016158 287.920160
 517.000000 1.027020 287.934073
 518.000000 1.033764 287.940468
 519.000000 1.032904 287.932116
 520.000000 1.020714 287.930847
 521.000000 1.037161 287.942810
 522.000000 1.042962 287.947360
 523.000000 1.020800 287.931317
 524.000000 1.033221 287.941464
 525.000000 1.052134 287.951742
 526.000000 1.043021 287.946885
 527.000000 1.049250 287.948147
 528.000000 1.032846 287.937577
 529.000000 1.045921 287.949372
 530.000000 1.033625 287.942676
 531.000000 1.045078 287.946883
 532.000000 1.041383 287.949697
 533.000000 1.041163 287.949268
 534.000000 1.045910 287.950528
 535.000000 1.033226 287.943425
 536.000000 1.044852 287.945987
 537.000000 1.024514 287.931504
 538.000000 1.043499 287.942937
 539.000000 1.044585 287.946709
 540.000000 1.049872 287.948697
 541.000000 1.038398 287.943091
 542.000000 1.038557 287.940389
 543.000000 1.051812 287.952537
 544.000000 1.033960 287.940597
 545.000000 1.040510 287.944345
 546.000000 1.021880 287.929955
 547.000000 1.029601 287.933183
 548.000000 1.027521 287.937815
 549.000000 1.035192 287.939441
 550.000000 1.037824 287.940386
 551.000000 1.053593 287.950906
 552.000000 1.022644 287.930232
 553.000000 1.028090 287.934903
 554.000000 1.018697 287.926808
 555.000000 1.015540 287.922175
 556.000000 1.032899 287.940787
 557.000000 1.026601 287.932621
 558.000000 1.054130 287.953521
 559.000000 1.038784 287.943066
 560.000000 1.030665 287.940077
 561.000000 1.038878 287.937387
 562.000000 1.025872 287.932088
 563.000000 1.044619 287.943042
 564.000000 1.034811 287.938371
 565.000000 1.047430 287.950249
 566.000000 1.039215 287.940083
 567.000000 1.016010 287.924401
 568.000000 1.017422 287.926653
 569.000000 1.030103 287.929533
 570.000000 1.007684 287.914090
 571.000000 1.002234 287.915530
 572.000000 1.018438 287.931303
 573.000000 0.993834 287.908549
 574.000000 1.030914 287.935433
 575.000000 1.014113 287.925751
 576.000000 1.023250 287.932366
 577.000000 1.028392 287.933495
 578.000000 1.001225 287.914566
 579.000000 0.999841 287.896633
 580.000000 0.999333 287.901788
 581.000000 1.017839 287.922761
 582.000000 1.002945 287.911931
 583.000000 1.016580 287.927050
 584.000000 1.024039 287.932147
 585.000000 1.034488 287.941806
 586.000000 1.013241 287.925333
 587.000000 0.995796 287.902369
 588.000000 1.005456 287.914952
 589.000000 1.005025 287.908298
 590.000000 1.025904 287.934985
 591.000000 1.007206 287.913487
 592.000000 1.001515 287.913672
 593.000000 1.014484 287.925534
 594.000000 1.015754 287.921232
 595.000000 0.998394 287.905200
 596.000000 1.003118 287.913033
 597.000000 1.013489 287.923725
 598.000000 1.028546 287.935295
 599.000000 1.035176 287.936100
 600.000000 1.045803 287.950206
 601.000000 1.016504 287.930189
 602.000000 1.015903 287.924494
 603.000000 1.010612 287.922036
 604.000000 1.009850 287.914803
 605.000000 1.031933 287.940275
 606.000000 1.040229 287.945214
 607.000000 1.032542 287.940028
 608.000000 1.040101 287.946046
 609.000000 1.020151 287.931296
 610.000000 1.027433 287.935103
 611.000000 1.039579 287.944739
 612.000000 1.008963 287.918424
 613.000000 1.026844 287.936067
 614.000000 1.031148 287.940091
 615.000000 1.038468 287.945463
 616.000000 1.026740 287.935324
 617.000000 1.030557 287.936908
 618.000000 1.025889 287.937216
 619.000000 1.043205 287.944943
 620.000000 1.040729 287.943529
 621.000000 1.020668 287.933219
 622.000000 1.055090 287.951742
 623.000000 1.045582 287.948005
 624.000000 1.065247 287.958168
 625.000000 1.059963 287.955233
 626.000000 1.051893 287.951461
 627.000000 1.045775 287.948652
 628.000000 1.061037 287.957373
 629.000000 1.060795 287.956611
 630.000000 1.064952 287.959982
 631.000000 1.043649 287.947820
 632.000000 1.029155 287.934915
 633.000000 1.047177 287.951037
 634.000000 1.059186 287.955612
 635.000000 1.067192 287.960397
 636.000000 1.059012 287.952585
 637.000000 1.060616 287.954850
 638.000000 1.039198 287.945769
 639.000000 1.057011 287.957188
 640.000000 1.033996 287.941762
 641.000000 1.060316 287.954403
 642.000000 1.047930 287.947745
 643.000000 1.048851 287.949565
 644.000000 1.056222 287.951055
 645.000000 1.050335 287.951050
 646.000000 1.044022 287.945303
 647.000000 1.046664 287.945917
 648.000000 1.061001 287.957257
 649.000000 1.051460 287.950461
 650.000000 1.042441 287.945993
 651.000000 1.044292 287.947982
 652.000000 1.029740 287.935024
 653.000000 1.024383 287.921041
 654.000000 1.018095 287.925760
 655.000000 1.038796 287.942676
 656.000000 1.034182 287.939791
 657.000000 1.029436 287.936539
 658.000000 1.032923 287.937718
 659.000000 1.045060 287.950855
 660.000000 1.032011 287.937986
 661.000000 1.051793 287.954298
 662.000000 1.049677 287.951550
 663.000000 1.039956 287.943705
 664.000000 1.043340 287.943697
 665.000000 1.042717 287.948611
 666.000000 1.040641 287.939282
 667.000000 1.037138 287.939632
 668.000000 1.047151 287.950595
 669.000000 1.049827 287.954273
 670.000000 1.050098 287.951047
 671.000000 1.056006 287.956900
 672.000000 1.063648 287.958827
 673.000000 1.039414 287.943135
 674.000000 1.038067 287.944998
 675.000000 1.047401 287.949503
 676.000000 1.048419 287.951160
 677.000000 1.045650 287.950470
 678.000000 1.042357 287.943806
 679.000000 1.055844 287.955863
 680.000000 1.024492 287.933510
 681.000000 1.024055 287.932703
 682.000000 1.031340 287.940431
 683.000000 1.034672 287.938919
 684.000000 1.028864 287.939282
 685.000000 1.033782 287.939986
 686.000000 1.033753 287.932424
 687.000000 1.035596 287.933020
 688.000000 1.040133 287.940090
 689.000000 1.036933 287.936378
 690.000000 1.023717 287.929992
 691.000000 1.024562 287.926327
 692.000000 1.036552 287.937800
 693.000000 1.033300 287.935975
 694.000000 1.024740 287.924940
 695.000000 1.034638 287.938814
 696.000000 1.031164 287.929638
 697.000000 1.025086 287.918169
 698.000000 1.026768 287.924283
 699.000000 1.025110 287.925159
 700.000000 1.029510 287.933701
 701.000000 1.027637 287.930590
 702.000000 1.009376 287.907939
 703.000000 1.034762 287.934378
 704.000000 1.015096 287.920263
 705.000000 1.035336 287.941391
 706.000000 1.002639 287.906346
 707.000000 1.023604 287.927824
 708.000000 1.018909 287.924271
 709.000000 1.017495 287.919288
 710.000000 1.011132 287.915174
 711.000000 1.026782 287.935677
 712.000000 1.027441 287.928811
 713.000000 1.018444 287.921145
 714.000000 1.012607 287.913536
 715.000000 1.016532 287.920466
 716.000000 0.998780 287.903077
 717.000000 1.010134 287.915889
 718.000000 1.014788 287.925351
 719.000000 1.008460 287.907237
 720.000000 1.026749 287.925462
 721.000000 1.006745 287.916218
 722.000000 1.009593 287.914674
 723.000000 1.009717 287.913892
 724.000000 1.017348 287.927194
 725.000000 1.003666 287.915045
 726.000000 1.026699 287.931343
 727.000000 1.034251 287.939302
 728.000000 1.039161 287.945639
 729.000000 1.037043 287.942773
 730.000000 1.021915 287.926664
 731.000000 1.042766 287.946851
 732.000000 1.044511 287.949429
 733.000000 1.053748 287.952581
 734.000000 1.034456 287.942114
 735.000000 1.042481 287.943114
 736.000000 1.038592 287.936300
 737.000000 1.046878 287.946678
 738.000000 1.043359 287.945535
 739.000000 1.051503 287.950609
 740.000000 1.051018 287.950960
 741.000000 1.042436 287.946993
 742.000000 1.037877 287.938826
 743.000000 1.045851 287.945787
 744.000000 1.048100 287.948498
 745.000000 1.047638 287.950411
 746.000000 1.032024 287.937477
 747.000000 1.040228 287.942380
 748.000000 1.045724 287.950434
 749.000000 1.022127 287.930851
 750.000000 1.032569 287.938279
 751.000000 1.046269 287.947269
 752.000000 1.024071 287.932992
 753.000000 1.045072 287.944575
 754.000000 1.035786 287.943134
 755.000000 1.032024 287.939805
 756.000000 1.035774 287.943645
 757.000000 1.028092 287.937538
 758.000000 1.038527 287.943838
 759.000000 1.041168 287.945323
 760.000000 1.049818 287.948650
 761.000000 1.050576 287.954564
 762.000000 1.047418 287.949874
 763.000000 1.042657 287.947597
 764.000000 1.026014 287.937116
 765.000000 1.041425 287.948570
 766.000000 1.015646 287.926442
 767.000000 1.030398 287.938609
 768.000000 1.052647 287.951077
 769.000000 1.046392 287.949519
 770.000000 1.038623 287.946249
 771.000000 1.037678 287.943569
 772.000000 1.030871 287.936878
 773.000000 1.043335 287.943483
 774.000000 1.039916 287.941913
 775.000000 1.038486 287.942060
 776.000000 1.041905 287.944224
 777.000000 1.036568 287.944769
 778.000000 1.040277 287.940585
 779.000000 1.049012 287.950285
 780.000000 1.037754 287.942765
 781.000000 1.040185 287.944235
 782.000000 1.041333 287.944542
 783.000000 1.050201 287.950816
 784.000000 1.067287 287.959958
 785.000000 1.057442 287.955164
 786.000000 1.063533 287.956444
 787.000000 1.042257 287.945061
 788.000000 1.046464 287.948255
 789.000000 1.041744 287.943260
 790.000000 1.049550 287.949747
 791.000000 1.057837 287.952723
 792.000000 1.045355 287.943763
 793.000000 1.045101 287.946692
 794.000000 1.043159 287.947223
 795.000000 1.025589 287.931019
 796.000000 1.046184 287.945548
 797.000000 1.041721 287.942521
 798.000000 1.055056 287.952515
 799.000000 1.047187 287.944906
 800.000000 1.044658 287.947758
 801.000000 1.044862 287.948211
 802.000000 1.008833 287.914098
 803.000000 1.021436 287.928181
 804.000000 1.027097 287.933984
 805.000000 1.015271 287.929529
 806.000000 1.034845 287.942442
 807.000000 1.026493 287.932132
 808.000000 1.030322 287.935053
 809.000000 1.054553 287.953778
 810.000000 1.033783 287.935976
 811.000000 1.051141 287.950049
 812.000000 1.047870 287.951063
 813.000000 1.054525 287.953849
 814.000000 1.061316 287.958122
 815.000000 1.065922 287.961040
 816.000000 1.065713 287.960863
 817.000000 1.060301 287.957192
 818.000000 1.066158 287.959538
 819.000000 1.061320 287.956836
 820.000000 1.061781 287.956019
 821.000000 1.062150 287.957879
 822.000000 1.064102 287.952732
 823.000000 1.050919 287.949792
 824.000000 1.042923 287.947727
 825.000000 1.065368 287.957404
 826.000000 1.077928 287.964207
 827.000000 1.061485 287.954474
 828.000000 1.067959 287.958890
 829.000000 1.056741 287.954303
 830.000000 1.059401 287.953187
 831.000000 1.059962 287.956768
 832.000000 1.048074 287.950323
 833.000000 1.054468 287.952522
 834.000000 1.067852 287.962170
 835.000000 1.054618 287.955725
 836.000000 1.064735 287.958551
 837.000000 1.046962 287.943991
 838.000000 1.067939 287.957103
 839.000000 1.050010 287.945936
 840.000000 1.054029 287.952325
 841.000000 1.038177 287.944456
 842.000000 1.037254 287.941077
 843.000000 1.054531 287.955318
 844.000000 1.055607 287.953959
 845.000000 1.056158 287.952819
 846.000000 1.055771 287.953276
 847.000000 1.038332 287.940531
 848.000000 1.048872 287.950476
 849.000000 1.051625 287.951852
 850.000000 1.018734 287.929127
 851.000000 1.039457 287.942366
 852.000000 1.050004 287.951263
 853.000000 1.036572 287.943192
 854.000000 1.041841 287.943827
 855.000000 1.055653 287.953284
 856.000000 1.044016 287.946842
 857.000000 1.043563 287.949102
 858.000000 1.039527 287.945559
 859.000000 1.042020 287.946333
 860.000000 1.059344 287.957873
 861.000000 1.046613 287.951345
 862.000000 1.040616 287.948070
 863.000000 1.027613 287.938504
 864.000000 1.049008 287.954699
 865.000000 1.043197 287.947462
 866.000000 1.032693 287.943469
 867.000000 1.032898 287.939433
 868.000000 1.018906 287.922573
 869.000000 1.028880 287.936710
 870.000000 1.030362 287.936166
 871.000000 1.024540 287.932018
 872.000000 1.031375 287.939909
 873.000000 1.028122 287.939660
 874.000000 1.032769 287.941166
 875.000000 1.033666 287.939720
 876.000000 1.054214 287.955450
 877.000000 1.029367 287.937416
 878.000000 1.046108 287.951089
 879.000000 1.059139 287.956038
 880.000000 1.056623 287.954758
 881.000000 1.054172 287.955677
 882.000000 1.059817 287.958620
 883.000000 1.056306 287.956865
 884.000000 1.047031 287.951595
 885.000000 1.032004 287.940736
 886.000000 1.033222 287.944223
 887.000000 1.035335 287.943594
 888.000000 1.039519 287.946187
 889.000000 1.032070 287.940277
 890.000000 1.026364 287.934514
 891.000000 1.027638 287.932962
 892.000000 1.034047 287.940652
 893.000000 1.054028 287.952028
 894.000000 1.052771 287.951846
 895.000000 1.060942 287.954178
 896.000000 1.057118 287.955085
 897.000000 1.064474 287.958753
 898.000000 1.047975 287.943460
 899.000000 1.039166 287.942541
 900.000000 1.050452 287.950504
 901.000000 1.041443 287.945818
 902.000000 1.067147 287.961211
 903.000000 1.060623 287.958775
 904.000000 1.063745 287.959663
 905.000000 1.065743 287.958765
 906.000000 1.073983 287.964569
 907.000000 1.071090 287.959985
 908.000000 1.050803 287.952041
 909.000000 1.052472 287.948992
 910.000000 1.059244 287.957656
 911.000000 1.052435 287.953551
 912.000000 1.072628 287.962199
 913.000000 1.061215 287.954955
 914.000000 1.059993 287.957850
 915.000000 1.061990 287.957819
 916.000000 1.070838 287.960983
 917.000000 1.076061 287.963553
 918.000000 1.064596 287.958609
 919.000000 1.065844 287.958433
 920.000000 1.063332 287.954030
 921.000000 1.065653 287.958902
 922.000000 1.054023 287.951833
 923.000000 1.065915 287.958238
 924.000000 1.051637 287.947852
 925.000000 1.067136 287.957162
 926.000000 1.072844 287.958763
 927.000000 1.064069 287.957376
 928.000000 1.049036 287.950735
 929.000000 1.057710 287.957574
 930.000000 1.064064 287.959018
 931.000000 1.060037 287.958677
 932.000000 1.045563 287.949021
 933.000000 1.055790 287.953862
 934.000000 1.041344 287.949163
 935.000000 1.055909 287.956197
 936.000000 1.064059 287.960027
 937.000000 1.056994 287.957317
 938.000000 1.046802 287.951410
 939.000000 1.056540 287.956978
 940.000000 1.055876 287.957282
 941.000000 1.058734 287.955609
 942.000000 1.055228 287.955092
 943.000000 1.063967 287.960143
 944.000000 1.055428 287.956341
 945.000000 1.060509 287.957246
 946.000000 1.046213 287.945976
 947.000000 1.065734 287.961012
 948.000000 1.079296 287.967270
 949.000000 1.052641 287.954023
 950.000000 1.033333 287.942852
 951.000000 1.068389 287.961096
 952.000000 1.048431 287.949402
 953.000000 1.045153 287.949871
 954.000000 1.053341 287.955495
 955.000000 1.044589 287.950695
 956.000000 1.056530 287.957813
 957.000000 1.048941 287.952494
 958.000000 1.030045 287.940699
 959.000000 1.029470 287.939157
 960.000000 1.030755 287.938830
 961.000000 1.033549 287.942030
 962.000000 1.022751 287.932354
 963.000000 1.047479 287.950590
 964.000000 1.014137 287.924752
 965.000000 1.037086 287.942129
 966.000000 1.037163 287.945461
 967.000000 1.041286 287.947292
 968.000000 1.062563 287.954650
 969.000000 1.031989 287.938318
 970.000000 1.046677 287.948740
 971.000000 1.046094 287.948934
 972.000000 1.052751 287.952029
 973.000000 1.043767 287.943408
 974.000000 1.038449 287.942473
 975.000000 1.044246 287.947573
 976.000000 1.040189 287.943558
 977.000000 1.055507 287.953371
 978.000000 1.054027 287.954372
 979.000000 1.035368 287.939954
 980.000000 1.049327 287.952843
 981.000000 1.047499 287.949153
 982.000000 1.049908 287.951247
 983.000000 1.053457 287.954159
 984.000000 1.068672 287.961438
 985.000000 1.053258 287.953090
 986.000000 1.061834 287.956420
 987.000000 1.059348 287.957109
 988.000000 1.056426 287.953276
 989.000000 1.074731 287.964527
 990.000000 1.061257 287.960957
 991.000000 1.042300 287.945153
 992.000000 1.044582 287.947554
 993.000000 1.031905 287.938378
 994.000000 1.030237 287.939463
 995.000000 1.039601 287.944316
 996.000000 1.031500 287.938997
 997.000000 1.035373 287.939032
 998.000000 1.040969 287.946640
 999.000000 1.034929 287.943146
 1000.000000 1.049571 287.952626
