# Time-averaged data for fix AVG
# TimeStep v_Vol v_H
27000000 8.26294 2.08653
27001000 8.26165 -3.11027
27002000 8.18679 -3.0536
27003000 8.23467 -3.133
27004000 7.99845 -3.12439
27005000 8.10148 -2.9777
27006000 8.13999 -3.17596
27007000 8.26908 -3.19839
27008000 8.21198 -3.14659
27009000 8.24637 -3.10741
27010000 8.2573 -3.09274
27011000 8.1628 -3.20015
27012000 8.19816 -2.98766
27013000 8.19962 -2.90111
27014000 8.16977 -3.16276
27015000 8.25046 -3.2335
27016000 8.29319 -3.24938
27017000 8.18352 -3.02235
27018000 8.29542 -3.38644
27019000 8.21568 -2.98189
27020000 8.29692 -3.3014
27021000 8.2705 -3.16149
27022000 8.17404 -2.9302
27023000 8.09509 -2.98982
27024000 8.1459 -2.80394
27025000 8.06075 -2.8194
27026000 8.07317 -2.90487
27027000 8.14356 -3.09855
27028000 8.23618 -3.2714
27029000 8.11626 -3.16581
27030000 8.17525 -3.08757
27031000 8.16494 -3.21227
27032000 8.20862 -2.9967
27033000 8.20249 -3.09865
27034000 8.22461 -3.3243
27035000 8.13279 -3.13885
27036000 8.10672 -3.05973
27037000 8.08455 -2.87506
27038000 8.21777 -3.20555
27039000 8.13918 -3.19714
27040000 8.15367 -3.18336
27041000 8.16291 -2.87228
27042000 8.12328 -3.18242
27043000 8.17251 -3.04852
27044000 8.10864 -3.20546
27045000 8.07433 -3.34193
27046000 8.06334 -3.0888
27047000 8.09549 -3.05564
27048000 8.11863 -2.98143
27049000 8.08896 -2.93088
27050000 8.11954 -3.1541
27051000 8.12089 -3.02806
27052000 8.1591 -3.01297
27053000 8.17197 -3.12524
27054000 8.35083 -3.27493
27055000 8.18355 -2.89681
27056000 8.27495 -3.20099
27057000 8.15258 -3.09014
27058000 8.19312 -3.1819
27059000 8.22492 -2.75007
27060000 8.20904 -3.38537
27061000 8.22181 -3.34677
27062000 8.22444 -3.2888
27063000 8.15686 -3.09897
27064000 8.10319 -2.88992
27065000 8.12741 -3.21219
27066000 8.25742 -3.08091
27067000 8.16247 -3.33306
27068000 8.24452 -3.25927
27069000 8.12275 -3.09412
27070000 8.20335 -3.13999
27071000 8.28095 -3.34734
27072000 8.2799 -3.13802
27073000 8.18276 -3.12083
27074000 8.10527 -2.94757
27075000 8.13648 -3.00216
27076000 8.13164 -3.03626
27077000 8.1521 -2.9521
27078000 8.27038 -3.17459
27079000 8.08346 -2.9462
27080000 8.18616 -3.1383
27081000 8.12921 -3.17624
27082000 8.22875 -3.2904
27083000 8.13227 -3.26241
27084000 8.1887 -3.07779
27085000 8.17852 -3.13539
27086000 8.15481 -3.18168
27087000 8.14591 -3.14177
27088000 8.15704 -3.01871
27089000 8.15143 -2.9782
27090000 8.138 -3.18735
27091000 8.25108 -3.34885
27092000 8.18918 -3.26843
27093000 8.1218 -3.10201
27094000 8.15516 -3.11056
27095000 8.20977 -3.10536
27096000 8.21253 -3.28996
27097000 8.2975 -3.33575
27098000 8.24725 -2.9575
27099000 8.21737 -3.0618
27100000 8.19149 -3.15915
27101000 8.11745 -2.84659
27102000 8.15043 -2.95991
27103000 8.17693 -3.28004
27104000 8.15826 -3.0086
27105000 8.19456 -3.21794
27106000 8.19274 -3.04881
27107000 8.18266 -3.18306
27108000 8.15037 -2.96951
27109000 8.22032 -3.12768
27110000 8.19767 -3.10338
27111000 8.1776 -2.97246
27112000 8.25099 -3.28907
27113000 8.13591 -3.19084
27114000 8.20664 -2.90938
27115000 8.129 -2.84918
27116000 8.25206 -3.19845
27117000 8.16597 -3.18986
27118000 8.00879 -3.02231
27119000 8.03586 -2.89274
27120000 8.06305 -3.00272
27121000 8.08654 -2.99854
27122000 8.26586 -3.31347
27123000 8.2146 -3.23588
27124000 8.18408 -3.05637
27125000 8.19657 -3.2509
27126000 8.30359 -3.2835
27127000 8.17806 -3.02628
27128000 8.19864 -3.10421
27129000 8.23438 -3.23787
27130000 8.13173 -3.06854
27131000 8.08933 -3.05038
27132000 8.16329 -2.99001
27133000 8.21566 -3.26191
27134000 8.01449 -3.01088
27135000 8.14671 -3.25034
27136000 8.19283 -3.35849
27137000 8.16195 -3.24621
27138000 8.05599 -2.88842
27139000 8.13555 -3.03825
27140000 8.06099 -2.9577
27141000 8.07845 -3.07872
27142000 8.20294 -3.29951
27143000 8.12032 -3.07434
27144000 8.07359 -2.80481
27145000 8.07585 -2.83415
27146000 8.16014 -3.16088
27147000 8.06067 -2.94862
27148000 8.20573 -3.1862
27149000 8.2409 -3.20782
27150000 8.21505 -3.11083
27151000 8.16086 -3.03888
27152000 8.11393 -3.09488
27153000 8.06675 -2.94566
27154000 8.18075 -3.24587
27155000 8.29598 -3.2678
27156000 8.11757 -3.01583
27157000 8.19954 -3.24709
27158000 8.14283 -2.96061
27159000 8.31016 -3.15963
27160000 8.24751 -3.27933
27161000 8.1678 -3.10337
27162000 8.20634 -3.18972
27163000 8.08556 -3.10223
27164000 8.20472 -3.54076
27165000 8.14198 -3.20873
27166000 8.12728 -3.01619
27167000 8.08138 -3.19721
27168000 8.08072 -3.09713
27169000 8.14299 -3.10269
27170000 8.16971 -2.94689
27171000 8.11563 -3.16764
27172000 8.15296 -3.25804
27173000 8.11264 -3.08466
27174000 8.0679 -3.12771
27175000 8.15282 -3.09005
27176000 8.15722 -3.29785
27177000 8.22349 -3.12692
27178000 8.18691 -3.1004
27179000 8.07408 -2.98014
27180000 8.14254 -3.2447
27181000 8.09787 -3.07083
27182000 8.11587 -3.0283
27183000 8.14299 -3.06465
27184000 8.17475 -3.2003
27185000 8.17971 -3.10829
27186000 8.11237 -2.99737
27187000 8.1726 -3.09124
27188000 8.21342 -3.04025
27189000 8.1775 -3.17579
27190000 8.16516 -2.97765
27191000 8.13549 -3.00589
27192000 8.15379 -2.8337
27193000 8.2098 -3.26416
27194000 8.187 -3.11567
27195000 8.19705 -3.2184
27196000 8.03775 -2.93851
27197000 8.13462 -2.9416
27198000 8.16783 -3.15096
27199000 8.10798 -3.0621
27200000 8.15537 -3.06914
27201000 8.23339 -3.31624
27202000 8.26021 -3.1683
27203000 8.13982 -3.11671
27204000 8.15116 -3.19732
27205000 8.20521 -3.10284
27206000 8.09557 -3.15209
27207000 8.24511 -3.30259
27208000 8.15391 -3.02919
27209000 8.19486 -3.2215
27210000 8.17459 -3.17416
27211000 8.14081 -3.10788
27212000 8.20529 -3.05002
27213000 8.10542 -3.02043
27214000 8.2446 -3.26154
27215000 8.15213 -3.20719
27216000 8.28435 -3.38355
27217000 8.18381 -3.09871
27218000 8.24411 -3.35426
27219000 8.2265 -3.23222
27220000 8.14723 -3.00981
27221000 8.20742 -3.09323
27222000 8.17881 -3.16169
27223000 8.22237 -3.1882
27224000 8.07724 -2.93906
27225000 8.14624 -3.21784
27226000 8.21922 -3.49805
27227000 8.0514 -2.86157
27228000 8.105 -3.05337
27229000 8.11358 -3.09622
27230000 8.24908 -3.39711
27231000 8.12807 -2.93719
27232000 8.10922 -2.8924
27233000 8.04519 -3.00449
27234000 8.23238 -3.08886
27235000 8.17582 -3.14263
27236000 8.18081 -3.14032
27237000 8.09356 -3.07795
27238000 8.15409 -3.13138
27239000 8.25025 -3.49708
27240000 8.14104 -3.22824
27241000 8.04558 -3.02544
27242000 8.1895 -3.22423
27243000 8.12351 -3.01462
27244000 8.20529 -3.19641
27245000 8.26089 -3.03491
27246000 8.20076 -3.04826
27247000 8.2106 -3.10592
27248000 8.18413 -3.07295
27249000 8.28142 -3.20728
27250000 8.25755 -3.05875
