#! FIELDS time refcv.mean refcv.morethan
 0.000000 0.257134 0.485375
 1.000000 0.273784 1.085783
 2.000000 0.277889 1.171187
 3.000000 0.284018 1.387893
 4.000000 0.288387 2.629735
 5.000000 0.299494 3.439205
 6.000000 0.289531 1.418055
 7.000000 0.283339 2.514159
 8.000000 0.291226 2.762500
 9.000000 0.289056 2.134720
 10.000000 0.292779 5.331161
 11.000000 0.287478 2.136399
 12.000000 0.290008 2.692508
 13.000000 0.286990 1.812347
 14.000000 0.280623 1.233540
 15.000000 0.284582 1.533460
 16.000000 0.289270 2.670061
 17.000000 0.288339 2.117398
 18.000000 0.291274 4.026546
 19.000000 0.294490 3.003304
 20.000000 0.298805 4.357141
 21.000000 0.295805 4.394400
 22.000000 0.296836 2.134461
 23.000000 0.293980 3.582066
 24.000000 0.302271 3.715758
 25.000000 0.299763 3.556325
 26.000000 0.289962 1.830584
 27.000000 0.296182 3.694999
 28.000000 0.289888 1.725012
 29.000000 0.293276 2.690600
 30.000000 0.295862 1.879612
 31.000000 0.282710 1.257252
 32.000000 0.292833 3.062481
 33.000000 0.291407 2.742585
 34.000000 0.296167 1.876676
 35.000000 0.297920 2.465491
 36.000000 0.298078 2.727930
 37.000000 0.296560 2.713803
 38.000000 0.297709 3.840314
 39.000000 0.299852 2.553980
 40.000000 0.302781 3.969793
 41.000000 0.299049 3.565589
 42.000000 0.305544 3.667116
 43.000000 0.298706 2.792293
 44.000000 0.298155 2.629918
 45.000000 0.298410 2.551699
 46.000000 0.291365 1.628677
 47.000000 0.302769 3.374238
 48.000000 0.299079 2.959152
 49.000000 0.303842 5.096259
 50.000000 0.299538 2.014259
 51.000000 0.299868 2.943963
 52.000000 0.300898 3.943705
 53.000000 0.300273 3.438167
 54.000000 0.300415 3.039242
 55.000000 0.292116 2.123328
 56.000000 0.291764 2.197917
 57.000000 0.291887 1.655709
 58.000000 0.289351 1.732282
 59.000000 0.289103 1.725737
 60.000000 0.292266 1.657724
 61.000000 0.294443 2.865396
 62.000000 0.294452 2.118126
 63.000000 0.293086 2.110336
 64.000000 0.286586 1.408846
 65.000000 0.289572 2.571301
 66.000000 0.282747 1.476490
 67.000000 0.286536 2.796093
 68.000000 0.289820 2.188420
 69.000000 0.297299 2.653402
 70.000000 0.295348 4.436670
 71.000000 0.302067 5.517703
 72.000000 0.294696 2.709228
 73.000000 0.295126 2.187407
 74.000000 0.296077 2.592787
 75.000000 0.291623 2.432806
 76.000000 0.283816 1.841996
 77.000000 0.294278 3.873709
 78.000000 0.289838 1.836889
 79.000000 0.289541 2.591312
 80.000000 0.294725 2.572865
 81.000000 0.292360 2.186658
 82.000000 0.289127 1.769305
 83.000000 0.286960 1.368194
 84.000000 0.290849 2.005225
 85.000000 0.288541 2.466480
 86.000000 0.296043 2.404454
 87.000000 0.289392 1.629113
 88.000000 0.291090 2.277035
 89.000000 0.288750 2.202518
 90.000000 0.291488 2.255240
 91.000000 0.289531 2.066978
 92.000000 0.298639 5.169361
 93.000000 0.295447 4.206706
 94.000000 0.289013 1.785871
 95.000000 0.287963 1.553559
 96.000000 0.294908 2.552557
 97.000000 0.292471 2.693519
 98.000000 0.290179 1.980111
 99.000000 0.294881 4.332578
 100.000000 0.298374 2.913244
 101.000000 0.285899 1.338648
 102.000000 0.296405 2.876233
 103.000000 0.292767 2.438001
 104.000000 0.295366 2.646538
 105.000000 0.288205 1.646217
 106.000000 0.283542 1.534520
 107.000000 0.288414 1.623894
 108.000000 0.289086 2.174243
 109.000000 0.285113 1.499819
 110.000000 0.295154 2.449233
 111.000000 0.293689 2.811485
 112.000000 0.283182 1.280054
 113.000000 0.288399 1.839322
 114.000000 0.295406 2.196681
 115.000000 0.291096 2.164821
 116.000000 0.294130 2.379013
 117.000000 0.291247 2.845532
 118.000000 0.292825 2.281821
 119.000000 0.295246 1.950483
 120.000000 0.300445 1.893072
 121.000000 0.300955 2.347667
 122.000000 0.306812 3.994308
 123.000000 0.300871 2.226555
 124.000000 0.300039 3.007720
 125.000000 0.298837 2.200165
 126.000000 0.287340 1.351358
 127.000000 0.300290 3.778906
 128.000000 0.293820 2.465434
 129.000000 0.297119 2.744002
 130.000000 0.299115 3.647125
 131.000000 0.287535 2.130399
 132.000000 0.287701 1.471280
 133.000000 0.289451 2.173098
 134.000000 0.290392 2.209860
 135.000000 0.290167 2.306629
 136.000000 0.297871 2.935261
 137.000000 0.287545 1.361818
 138.000000 0.298152 3.505483
 139.000000 0.293063 2.312041
 140.000000 0.292595 1.926374
 141.000000 0.300061 3.846731
 142.000000 0.292253 2.078526
 143.000000 0.300537 3.318546
 144.000000 0.293680 1.816640
 145.000000 0.291320 2.386810
 146.000000 0.301617 3.572202
 147.000000 0.304182 3.432864
 148.000000 0.301622 2.804639
 149.000000 0.297714 2.307907
 150.000000 0.301801 4.225038
 151.000000 0.303137 3.892678
 152.000000 0.293815 1.646541
 153.000000 0.296080 4.414443
 154.000000 0.294327 2.609272
 155.000000 0.298761 2.873159
 156.000000 0.296166 2.254167
 157.000000 0.298888 2.702056
 158.000000 0.294902 2.269470
 159.000000 0.298834 2.747856
 160.000000 0.296625 2.188385
 161.000000 0.297762 2.487381
 162.000000 0.288722 1.657243
 163.000000 0.295254 2.468779
 164.000000 0.294122 1.919815
 165.000000 0.299739 2.851663
 166.000000 0.291897 2.174709
 167.000000 0.295806 1.989048
 168.000000 0.296427 2.670622
 169.000000 0.285132 1.433385
 170.000000 0.295773 3.083398
 171.000000 0.289360 2.170321
 172.000000 0.306593 4.599663
 173.000000 0.298403 2.640514
 174.000000 0.293673 2.276993
 175.000000 0.286899 1.866198
 176.000000 0.293918 3.236407
 177.000000 0.294731 4.096736
 178.000000 0.290578 1.920074
 179.000000 0.287027 1.816289
 180.000000 0.289533 2.735770
 181.000000 0.288502 2.513699
 182.000000 0.290660 2.165302
 183.000000 0.290004 1.441828
 184.000000 0.289545 1.618765
 185.000000 0.299063 2.983104
 186.000000 0.289990 1.895814
 187.000000 0.288392 1.705948
 188.000000 0.287171 2.226623
 189.000000 0.283229 1.503091
 190.000000 0.285213 1.625619
 191.000000 0.278092 1.547869
 192.000000 0.276723 1.451920
 193.000000 0.284237 1.946414
 194.000000 0.288745 1.793463
 195.000000 0.297701 3.804062
 196.000000 0.289413 2.896802
 197.000000 0.290103 2.701351
 198.000000 0.292885 3.904787
 199.000000 0.291427 1.609827
 200.000000 0.289570 1.935739
 201.000000 0.287498 1.956437
 202.000000 0.282891 1.459141
 203.000000 0.292080 1.968395
 204.000000 0.283600 1.359385
 205.000000 0.283033 1.141714
 206.000000 0.285158 1.930861
 207.000000 0.293295 1.824578
 208.000000 0.288783 1.593456
 209.000000 0.300385 3.676108
 210.000000 0.295033 2.099735
 211.000000 0.290526 1.456650
 212.000000 0.279461 1.341745
 213.000000 0.290243 2.118298
 214.000000 0.297465 2.331320
 215.000000 0.285872 1.892289
 216.000000 0.285388 2.156858
 217.000000 0.301108 3.630090
 218.000000 0.291232 1.878527
 219.000000 0.288736 2.009750
 220.000000 0.298788 2.959219
 221.000000 0.298176 4.404066
 222.000000 0.289482 1.825506
 223.000000 0.294750 2.036277
 224.000000 0.295237 2.746022
 225.000000 0.295874 2.116306
 226.000000 0.295837 4.113117
 227.000000 0.296203 3.036500
 228.000000 0.293405 3.424905
 229.000000 0.289341 2.723178
 230.000000 0.294983 2.685082
 231.000000 0.292940 1.730760
 232.000000 0.305847 4.234196
 233.000000 0.298525 2.143650
 234.000000 0.291832 1.979244
 235.000000 0.298639 2.715733
 236.000000 0.290751 2.200675
 237.000000 0.292129 1.537763
 238.000000 0.294792 2.236366
 239.000000 0.294878 2.485996
 240.000000 0.297022 2.792059
 241.000000 0.298923 2.525570
 242.000000 0.295006 1.892854
 243.000000 0.297025 2.545240
 244.000000 0.291278 2.563154
 245.000000 0.299290 3.982329
 246.000000 0.292522 3.618126
 247.000000 0.294789 3.281075
 248.000000 0.292571 4.767891
 249.000000 0.299948 4.012301
 250.000000 0.292800 2.779354
 251.000000 0.297814 2.839922
 252.000000 0.288296 1.781570
 253.000000 0.294256 3.636478
 254.000000 0.292183 1.905677
 255.000000 0.284296 1.836065
 256.000000 0.282672 1.395459
 257.000000 0.288857 2.090973
 258.000000 0.289026 2.037239
 259.000000 0.294105 2.198741
 260.000000 0.291157 1.880187
 261.000000 0.299783 2.791646
 262.000000 0.296070 2.554558
 263.000000 0.294932 1.542080
 264.000000 0.296464 3.085176
 265.000000 0.298432 3.500602
 266.000000 0.301909 3.193654
 267.000000 0.295448 1.961915
 268.000000 0.291442 2.144306
 269.000000 0.294406 2.139240
 270.000000 0.292775 2.665982
 271.000000 0.294026 2.320032
 272.000000 0.296230 2.132158
 273.000000 0.288774 1.981024
 274.000000 0.295665 3.042214
 275.000000 0.289547 2.542791
 276.000000 0.289446 1.955472
 277.000000 0.292248 2.354322
 278.000000 0.296096 2.727469
 279.000000 0.291990 1.659776
 280.000000 0.291163 2.482329
 281.000000 0.301495 3.137956
 282.000000 0.297850 2.312817
 283.000000 0.292238 1.745797
 284.000000 0.294076 1.877353
 285.000000 0.291767 2.591970
 286.000000 0.293065 2.218074
 287.000000 0.292321 1.958549
 288.000000 0.297835 3.261076
 289.000000 0.290581 2.253689
 290.000000 0.294946 2.094407
 291.000000 0.293583 1.975857
 292.000000 0.299933 2.728002
 293.000000 0.295616 2.505950
 294.000000 0.297498 2.880360
 295.000000 0.284880 1.322700
 296.000000 0.286916 1.169563
 297.000000 0.292530 2.583662
 298.000000 0.293831 3.627866
 299.000000 0.297124 1.989866
 300.000000 0.292672 2.099587
 301.000000 0.289898 3.011598
 302.000000 0.289889 2.569071
 303.000000 0.299373 2.272159
 304.000000 0.302342 3.044769
 305.000000 0.295980 2.591644
 306.000000 0.296636 3.107536
 307.000000 0.293552 1.869741
 308.000000 0.296862 2.716879
 309.000000 0.295102 2.497736
 310.000000 0.299166 3.089805
 311.000000 0.298706 3.399325
 312.000000 0.298357 3.960127
 313.000000 0.293906 2.508335
 314.000000 0.295751 2.523155
 315.000000 0.302732 2.963297
 316.000000 0.295393 3.425474
 317.000000 0.288612 2.633626
 318.000000 0.287907 1.568048
 319.000000 0.290965 2.121970
 320.000000 0.283175 1.839017
 321.000000 0.284558 1.988600
 322.000000 0.287265 2.255850
 323.000000 0.286149 1.797342
 324.000000 0.290461 1.746617
 325.000000 0.289274 1.976880
 326.000000 0.286469 1.621108
 327.000000 0.291655 4.108525
 328.000000 0.300176 4.251605
 329.000000 0.293448 2.008081
 330.000000 0.296371 1.972181
 331.000000 0.301060 2.939412
 332.000000 0.295513 2.218397
 333.000000 0.292384 2.375815
 334.000000 0.293113 3.456765
 335.000000 0.291684 2.354742
 336.000000 0.292745 4.325607
 337.000000 0.289699 2.354840
 338.000000 0.288772 1.673513
 339.000000 0.287001 3.651492
 340.000000 0.297374 4.339349
 341.000000 0.294036 2.853487
 342.000000 0.295865 2.585403
 343.000000 0.298495 3.932550
 344.000000 0.301729 3.151347
 345.000000 0.294125 2.986258
 346.000000 0.288259 1.479157
 347.000000 0.284445 1.695165
 348.000000 0.285564 1.757202
 349.000000 0.292328 2.782584
 350.000000 0.287260 1.604507
 351.000000 0.279886 1.328053
 352.000000 0.290115 3.103090
 353.000000 0.287416 2.434890
 354.000000 0.287513 2.005056
 355.000000 0.285195 1.619635
 356.000000 0.288743 1.779129
 357.000000 0.293943 2.713015
 358.000000 0.293763 2.081452
 359.000000 0.292309 2.005265
 360.000000 0.292632 2.409156
 361.000000 0.288427 1.954807
 362.000000 0.292418 2.148128
 363.000000 0.290431 1.745966
 364.000000 0.289639 3.076587
 365.000000 0.295470 2.906531
 366.000000 0.285520 1.401479
 367.000000 0.285029 1.597846
 368.000000 0.284621 1.588025
 369.000000 0.281006 1.195886
 370.000000 0.290329 3.902582
 371.000000 0.285301 2.652412
 372.000000 0.285637 1.667509
 373.000000 0.289704 1.990603
 374.000000 0.294796 1.986134
 375.000000 0.287239 2.353375
 376.000000 0.288223 2.018332
 377.000000 0.288098 2.213158
 378.000000 0.289593 1.603270
 379.000000 0.293091 2.207049
 380.000000 0.285842 1.460203
 381.000000 0.291382 1.673150
 382.000000 0.290305 2.000882
 383.000000 0.288732 1.987735
 384.000000 0.298498 2.617532
 385.000000 0.289195 2.168894
 386.000000 0.286524 1.530391
 387.000000 0.295194 3.136867
 388.000000 0.300590 2.774428
 389.000000 0.301384 3.709012
 390.000000 0.295494 1.974456
 391.000000 0.302265 3.849039
 392.000000 0.305619 4.741200
 393.000000 0.297723 2.351037
 394.000000 0.301382 3.924716
 395.000000 0.293696 2.232955
 396.000000 0.291690 1.597448
 397.000000 0.291865 1.918048
 398.000000 0.301901 3.214897
 399.000000 0.294876 1.891566
 400.000000 0.301765 3.772218
 401.000000 0.291233 2.036200
 402.000000 0.298750 2.704005
 403.000000 0.289992 2.331726
 404.000000 0.281718 1.194667
 405.000000 0.291580 2.304829
 406.000000 0.288987 2.254538
 407.000000 0.285815 1.534570
 408.000000 0.288673 2.257571
 409.000000 0.286333 1.666368
 410.000000 0.286033 1.473943
 411.000000 0.288132 2.580264
 412.000000 0.292198 2.360827
 413.000000 0.287809 1.571722
 414.000000 0.286458 1.441258
 415.000000 0.292566 1.870720
 416.000000 0.286500 1.675351
 417.000000 0.290516 2.330870
 418.000000 0.291443 2.263415
 419.000000 0.285135 1.552133
 420.000000 0.294617 4.072906
 421.000000 0.289039 1.683450
 422.000000 0.293941 2.847731
 423.000000 0.290276 1.581293
 424.000000 0.293376 2.511056
 425.000000 0.299237 2.856347
 426.000000 0.301341 3.145158
 427.000000 0.299001 1.999386
 428.000000 0.292052 2.361649
 429.000000 0.293524 2.848264
 430.000000 0.290425 2.426792
 431.000000 0.288129 2.436130
 432.000000 0.294055 2.594610
 433.000000 0.287705 2.474319
 434.000000 0.293868 1.995562
 435.000000 0.290847 1.728049
 436.000000 0.299761 2.613751
 437.000000 0.294534 2.376308
 438.000000 0.295293 2.585616
 439.000000 0.294781 3.915309
 440.000000 0.295873 2.468187
 441.000000 0.291297 2.486169
 442.000000 0.290470 2.093466
 443.000000 0.291036 1.820148
 444.000000 0.285358 1.358279
 445.000000 0.290386 2.497336
 446.000000 0.289011 1.877501
 447.000000 0.282465 1.115345
 448.000000 0.291332 1.873889
 449.000000 0.286368 1.594541
 450.000000 0.291948 1.836501
 451.000000 0.289238 1.937685
 452.000000 0.293024 2.119238
 453.000000 0.295977 2.732421
 454.000000 0.293555 2.024581
 455.000000 0.285033 1.337950
 456.000000 0.289968 2.368275
 457.000000 0.287203 1.559021
 458.000000 0.299262 3.519039
 459.000000 0.298800 3.179437
 460.000000 0.291863 2.847350
 461.000000 0.293749 2.104423
 462.000000 0.289437 1.539072
 463.000000 0.301385 4.341526
 464.000000 0.289890 1.833654
 465.000000 0.293442 2.515339
 466.000000 0.288733 2.607174
 467.000000 0.291072 1.819433
 468.000000 0.293002 2.111988
 469.000000 0.289735 1.754150
 470.000000 0.281262 1.457574
 471.000000 0.286653 1.434513
 472.000000 0.292453 2.359410
 473.000000 0.288988 2.123934
 474.000000 0.291229 2.795999
 475.000000 0.296729 2.476140
 476.000000 0.294616 3.095594
 477.000000 0.295118 2.418536
 478.000000 0.293365 1.849800
 479.000000 0.297500 2.931227
 480.000000 0.290592 2.822063
 481.000000 0.292938 2.103781
 482.000000 0.290407 2.376887
 483.000000 0.293442 2.290566
 484.000000 0.289569 2.036945
 485.000000 0.291185 1.968471
 486.000000 0.296434 3.456143
 487.000000 0.289036 1.863478
 488.000000 0.294874 1.728297
 489.000000 0.292524 1.837177
 490.000000 0.291451 2.124248
 491.000000 0.289672 2.582404
 492.000000 0.291134 1.885186
 493.000000 0.289174 1.837752
 494.000000 0.287438 1.826819
 495.000000 0.291747 1.402415
 496.000000 0.297371 1.902022
 497.000000 0.305922 2.723467
 498.000000 0.288622 2.432555
 499.000000 0.297959 4.401144
 500.000000 0.290256 1.794347
 501.000000 0.294670 1.753165
 502.000000 0.295871 2.644797
 503.000000 0.301837 2.995085
 504.000000 0.295602 2.187383
 505.000000 0.295040 2.121694
 506.000000 0.296488 2.551812
 507.000000 0.293665 1.690828
 508.000000 0.293557 1.558875
 509.000000 0.296245 1.985777
 510.000000 0.287724 1.710781
 511.000000 0.293011 1.472545
 512.000000 0.288227 2.024298
 513.000000 0.286774 1.279867
 514.000000 0.293429 2.207375
 515.000000 0.291407 1.448261
 516.000000 0.287448 2.157204
 517.000000 0.289124 1.503166
 518.000000 0.290367 1.709632
 519.000000 0.280671 1.211344
 520.000000 0.291144 1.974169
 521.000000 0.287770 1.380986
 522.000000 0.295850 2.809222
 523.000000 0.302407 3.197405
 524.000000 0.295739 2.471089
 525.000000 0.294330 2.349458
 526.000000 0.295054 2.525736
 527.000000 0.287726 2.726519
 528.000000 0.294262 2.823422
 529.000000 0.282322 1.831948
 530.000000 0.292472 2.206369
 531.000000 0.292638 2.085943
 532.000000 0.287014 3.068925
 533.000000 0.288057 2.640892
 534.000000 0.295614 2.200844
 535.000000 0.293690 3.283733
 536.000000 0.291819 1.566958
 537.000000 0.294708 2.532709
 538.000000 0.287578 1.501748
 539.000000 0.292948 1.856547
 540.000000 0.289448 1.737884
 541.000000 0.287734 1.595915
 542.000000 0.290766 3.182222
 543.000000 0.292493 2.524253
 544.000000 0.296629 1.593395
 545.000000 0.296619 2.230994
 546.000000 0.287344 2.001481
 547.000000 0.287102 1.334161
 548.000000 0.291479 2.098067
 549.000000 0.286720 1.419878
 550.000000 0.297649 2.067572
 551.000000 0.289437 1.907972
 552.000000 0.290324 2.110882
 553.000000 0.285744 1.412141
 554.000000 0.292166 2.520851
 555.000000 0.291103 2.245601
 556.000000 0.288681 2.040632
 557.000000 0.286708 2.249559
 558.000000 0.293039 2.668537
 559.000000 0.291184 1.602569
 560.000000 0.295831 2.063062
 561.000000 0.293664 2.116301
 562.000000 0.291823 1.983408
 563.000000 0.302283 3.017769
 564.000000 0.299122 2.727153
 565.000000 0.295190 2.634169
 566.000000 0.303119 3.360025
 567.000000 0.303209 4.183382
 568.000000 0.287500 3.879184
 569.000000 0.294290 2.098931
 570.000000 0.297146 2.725998
 571.000000 0.292040 3.236267
 572.000000 0.298579 4.220672
 573.000000 0.291724 2.240616
 574.000000 0.284148 2.082570
 575.000000 0.285364 1.963928
 576.000000 0.288613 1.508318
 577.000000 0.298047 2.141312
 578.000000 0.290431 2.181697
 579.000000 0.286873 2.559763
 580.000000 0.290925 1.675890
 581.000000 0.291013 2.751422
 582.000000 0.278717 1.664217
 583.000000 0.283303 1.827461
 584.000000 0.291736 3.153374
 585.000000 0.293265 4.082808
 586.000000 0.293561 2.377044
 587.000000 0.289304 2.224904
 588.000000 0.298562 2.461671
 589.000000 0.289552 1.672631
 590.000000 0.298379 2.650372
 591.000000 0.299197 2.743479
 592.000000 0.301723 3.010941
 593.000000 0.301187 3.165661
 594.000000 0.302674 2.480426
 595.000000 0.299680 3.216427
 596.000000 0.305724 5.451040
 597.000000 0.295424 2.916957
 598.000000 0.301068 3.616106
 599.000000 0.306359 5.018531
 600.000000 0.308480 5.742348
 601.000000 0.304053 4.011760
 602.000000 0.306987 4.445676
 603.000000 0.300885 3.013423
 604.000000 0.295294 3.063171
 605.000000 0.291543 2.077425
 606.000000 0.292590 2.491719
 607.000000 0.289886 2.128376
 608.000000 0.292622 2.492471
 609.000000 0.288953 1.878034
 610.000000 0.293759 3.951131
 611.000000 0.296040 2.655511
 612.000000 0.299042 4.539979
 613.000000 0.295862 2.182162
 614.000000 0.293689 2.752202
 615.000000 0.296535 2.835501
 616.000000 0.290809 1.643518
 617.000000 0.295246 2.556558
 618.000000 0.292104 1.991522
 619.000000 0.293379 1.919176
 620.000000 0.295211 2.187569
 621.000000 0.289584 2.176855
 622.000000 0.290870 2.769664
 623.000000 0.293291 3.800654
 624.000000 0.284373 1.191962
 625.000000 0.291591 1.791124
 626.000000 0.299750 2.107505
 627.000000 0.289283 1.565718
 628.000000 0.297557 2.260646
 629.000000 0.295868 2.053822
 630.000000 0.294629 1.885463
 631.000000 0.294941 1.960599
 632.000000 0.291615 1.930335
 633.000000 0.295799 3.808308
 634.000000 0.290903 2.208583
 635.000000 0.297295 2.839369
 636.000000 0.297213 3.089024
 637.000000 0.289002 1.879854
 638.000000 0.287525 1.732589
 639.000000 0.284199 1.886465
 640.000000 0.295813 3.714197
 641.000000 0.289071 1.508852
 642.000000 0.290136 1.748731
 643.000000 0.289601 2.887312
 644.000000 0.281260 1.439832
 645.000000 0.285656 1.764745
 646.000000 0.288360 2.542541
 647.000000 0.289326 1.821860
 648.000000 0.299979 2.836530
 649.000000 0.294003 2.177322
 650.000000 0.297438 2.943514
 651.000000 0.289408 1.818245
 652.000000 0.294590 2.816416
 653.000000 0.288090 2.077661
 654.000000 0.291576 2.912563
 655.000000 0.298059 2.073231
 656.000000 0.288207 1.583259
 657.000000 0.286796 1.738432
 658.000000 0.290119 2.371740
 659.000000 0.299891 5.112166
 660.000000 0.294163 2.310468
 661.000000 0.292520 2.221655
 662.000000 0.297719 2.985897
 663.000000 0.290847 1.639037
 664.000000 0.302848 3.427161
 665.000000 0.299954 2.740490
 666.000000 0.294997 1.576618
 667.000000 0.302744 3.087624
 668.000000 0.292318 1.876793
 669.000000 0.296351 3.547982
 670.000000 0.304533 2.670515
 671.000000 0.291298 1.532872
 672.000000 0.295605 2.695444
 673.000000 0.289832 2.093568
 674.000000 0.295318 2.300969
 675.000000 0.295408 2.119472
 676.000000 0.290578 2.518760
 677.000000 0.300516 3.152997
 678.000000 0.292430 2.755130
 679.000000 0.292304 2.381263
 680.000000 0.295264 2.372957
 681.000000 0.297240 3.971596
 682.000000 0.287754 2.289578
 683.000000 0.298865 3.275986
 684.000000 0.299915 2.989118
 685.000000 0.299584 3.771178
 686.000000 0.295180 1.853410
 687.000000 0.309862 4.314971
 688.000000 0.307782 4.535988
 689.000000 0.307720 5.621417
 690.000000 0.294912 2.760652
 691.000000 0.296340 3.046948
 692.000000 0.297327 2.837990
 693.000000 0.300742 3.438245
 694.000000 0.303124 3.217172
 695.000000 0.304013 3.679704
 696.000000 0.305935 3.979036
 697.000000 0.299188 3.141599
 698.000000 0.301001 3.794246
 699.000000 0.301807 3.310686
 700.000000 0.312352 4.274837
 701.000000 0.307008 4.159524
 702.000000 0.302584 3.326467
 703.000000 0.299452 3.284024
 704.000000 0.302708 2.618597
 705.000000 0.306486 3.665695
 706.000000 0.302066 3.170932
 707.000000 0.303090 2.381308
 708.000000 0.297635 3.311501
 709.000000 0.299888 2.696276
 710.000000 0.299677 3.251222
 711.000000 0.300686 2.272068
 712.000000 0.304707 3.449439
 713.000000 0.307201 4.057330
 714.000000 0.301349 3.721274
 715.000000 0.297771 4.200508
 716.000000 0.305154 3.982976
 717.000000 0.300613 3.011481
 718.000000 0.297114 2.281215
 719.000000 0.299671 2.672734
 720.000000 0.300603 3.122412
 721.000000 0.296798 3.478074
 722.000000 0.297130 2.867569
 723.000000 0.296491 2.819555
 724.000000 0.297029 3.470871
 725.000000 0.293592 2.808791
 726.000000 0.289830 2.508421
 727.000000 0.288085 2.518404
 728.000000 0.291689 2.126555
 729.000000 0.287898 1.848871
 730.000000 0.283728 1.970308
 731.000000 0.285651 1.517835
 732.000000 0.293822 2.548884
 733.000000 0.297283 2.691794
 734.000000 0.295239 1.478336
 735.000000 0.295430 2.120195
 736.000000 0.290492 1.733936
 737.000000 0.291862 1.923743
 738.000000 0.293342 2.229749
 739.000000 0.292428 1.351102
 740.000000 0.286951 1.156899
 741.000000 0.293062 2.479599
 742.000000 0.283638 1.690954
 743.000000 0.287734 1.316304
 744.000000 0.289559 2.315184
 745.000000 0.285436 1.087041
 746.000000 0.290452 1.845496
 747.000000 0.298518 3.459186
 748.000000 0.293366 1.978363
 749.000000 0.292128 2.155026
 750.000000 0.293380 2.057439
 751.000000 0.302449 4.436656
 752.000000 0.289189 2.102691
 753.000000 0.286683 2.043157
 754.000000 0.291712 1.993966
 755.000000 0.286598 2.467918
 756.000000 0.293147 2.479958
 757.000000 0.287786 2.153974
 758.000000 0.284187 1.557037
 759.000000 0.292535 2.782876
 760.000000 0.288709 2.103180
 761.000000 0.287273 1.774947
 762.000000 0.290077 2.294144
 763.000000 0.289298 2.268635
 764.000000 0.291450 2.441042
 765.000000 0.283736 1.236397
 766.000000 0.289176 2.109715
 767.000000 0.288416 2.168191
 768.000000 0.289669 2.284428
 769.000000 0.282188 1.600100
 770.000000 0.293728 2.113244
 771.000000 0.295148 2.547286
 772.000000 0.293269 1.931700
 773.000000 0.296820 2.555538
 774.000000 0.293716 2.010127
 775.000000 0.292139 2.288596
 776.000000 0.290863 2.546045
 777.000000 0.290756 2.508141
 778.000000 0.293727 2.459726
 779.000000 0.287189 2.083256
 780.000000 0.287888 1.688994
 781.000000 0.283717 1.434336
 782.000000 0.282726 1.572961
 783.000000 0.286779 3.818479
 784.000000 0.287940 1.626096
 785.000000 0.290917 2.550159
 786.000000 0.285212 1.598982
 787.000000 0.292466 2.524346
 788.000000 0.298129 2.139973
 789.000000 0.300327 3.288287
 790.000000 0.296999 2.368697
 791.000000 0.293884 1.991070
 792.000000 0.298769 3.272782
 793.000000 0.295151 2.847281
 794.000000 0.293883 2.920876
 795.000000 0.295938 2.556935
 796.000000 0.296481 3.037509
 797.000000 0.297779 2.530066
 798.000000 0.300846 2.742548
 799.000000 0.293470 1.842916
 800.000000 0.297148 2.497145
 801.000000 0.293976 2.575852
 802.000000 0.293574 1.744742
 803.000000 0.291667 2.186431
 804.000000 0.296506 3.111194
 805.000000 0.300552 3.194762
 806.000000 0.296778 1.849270
 807.000000 0.301243 3.633504
 808.000000 0.293285 2.757210
 809.000000 0.295147 2.179747
 810.000000 0.290963 2.084734
 811.000000 0.293670 2.016975
 812.000000 0.300011 3.972511
 813.000000 0.294346 3.579278
 814.000000 0.285139 1.691569
 815.000000 0.292794 1.796585
 816.000000 0.296498 2.815419
 817.000000 0.292950 2.061843
 818.000000 0.304598 3.931991
 819.000000 0.302079 3.600898
 820.000000 0.299333 2.688266
 821.000000 0.299676 4.077864
 822.000000 0.294598 3.287986
 823.000000 0.295680 3.297392
 824.000000 0.289890 2.633677
 825.000000 0.285685 1.689880
 826.000000 0.299790 2.445158
 827.000000 0.295820 2.151136
 828.000000 0.297448 2.882862
 829.000000 0.297144 3.229458
 830.000000 0.291616 2.137475
 831.000000 0.282808 1.783218
 832.000000 0.296051 3.183974
 833.000000 0.294341 2.695137
 834.000000 0.294299 2.891588
 835.000000 0.281974 1.403480
 836.000000 0.288451 1.694182
 837.000000 0.295089 2.958904
 838.000000 0.287189 1.347368
 839.000000 0.294184 2.141493
 840.000000 0.295112 1.981568
 841.000000 0.297625 3.036115
 842.000000 0.293257 2.961056
 843.000000 0.298451 2.134575
 844.000000 0.287517 1.356655
 845.000000 0.290661 1.878282
 846.000000 0.284413 1.245104
 847.000000 0.285204 1.660452
 848.000000 0.287396 1.428319
 849.000000 0.290113 1.522442
 850.000000 0.284159 1.466954
 851.000000 0.290285 1.805296
 852.000000 0.290672 1.677107
 853.000000 0.291565 2.039276
 854.000000 0.287365 1.817002
 855.000000 0.288857 1.525799
 856.000000 0.292108 2.418437
 857.000000 0.291994 2.613017
 858.000000 0.301110 3.004605
 859.000000 0.300519 3.042357
 860.000000 0.305524 3.887544
 861.000000 0.302911 3.440177
 862.000000 0.302618 2.640331
 863.000000 0.298952 2.779257
 864.000000 0.291909 2.287179
 865.000000 0.295204 2.058269
 866.000000 0.288526 1.482597
 867.000000 0.300429 4.184936
 868.000000 0.300437 2.310522
 869.000000 0.295318 3.047777
 870.000000 0.295515 2.362567
 871.000000 0.299267 2.561232
 872.000000 0.294254 2.391006
 873.000000 0.299293 2.391747
 874.000000 0.290428 1.611401
 875.000000 0.291973 1.846311
 876.000000 0.297755 3.360436
 877.000000 0.303745 3.121805
 878.000000 0.290427 2.886364
 879.000000 0.293054 2.308252
 880.000000 0.299411 2.900672
 881.000000 0.295100 1.982133
 882.000000 0.284797 1.323941
 883.000000 0.291269 2.525107
 884.000000 0.288567 1.498627
 885.000000 0.299871 3.119087
 886.000000 0.306527 5.012987
 887.000000 0.292484 2.136461
 888.000000 0.301458 3.627873
 889.000000 0.305682 4.384768
 890.000000 0.304788 4.023806
 891.000000 0.298978 4.299007
 892.000000 0.299803 2.737952
 893.000000 0.300053 3.548711
 894.000000 0.300220 5.342843
 895.000000 0.297665 2.664413
 896.000000 0.304893 5.075739
 897.000000 0.303519 3.987845
 898.000000 0.304686 4.863809
 899.000000 0.295098 2.891902
 900.000000 0.297680 2.895179
 901.000000 0.299295 3.751941
 902.000000 0.296552 3.058593
 903.000000 0.301269 2.518554
 904.000000 0.295011 2.273596
 905.000000 0.301366 3.709725
 906.000000 0.297487 3.551895
 907.000000 0.290755 2.125927
 908.000000 0.297961 3.175522
 909.000000 0.290406 1.859937
 910.000000 0.291793 2.721922
 911.000000 0.286623 1.633936
 912.000000 0.283809 1.202692
 913.000000 0.299128 3.451016
 914.000000 0.293112 2.764354
 915.000000 0.289689 2.438503
 916.000000 0.295667 1.525056
 917.000000 0.296825 2.978160
 918.000000 0.294535 2.123710
 919.000000 0.296690 2.032669
 920.000000 0.295609 2.186620
 921.000000 0.297351 2.382147
 922.000000 0.292248 2.732114
 923.000000 0.290124 1.365928
 924.000000 0.288943 1.600367
 925.000000 0.289157 1.271753
 926.000000 0.289538 1.730576
 927.000000 0.290103 1.684529
 928.000000 0.282973 1.535445
 929.000000 0.280373 1.258430
 930.000000 0.283443 1.047078
 931.000000 0.291317 2.370461
 932.000000 0.289232 1.655280
 933.000000 0.291459 2.301496
 934.000000 0.282463 1.346904
 935.000000 0.289234 1.944433
 936.000000 0.298053 2.845358
 937.000000 0.297149 2.691537
 938.000000 0.292334 2.596552
 939.000000 0.293248 2.407981
 940.000000 0.297919 2.873408
 941.000000 0.288972 3.928589
 942.000000 0.300628 5.069396
 943.000000 0.294697 5.400516
 944.000000 0.291604 2.769839
 945.000000 0.282733 1.527721
 946.000000 0.284944 1.492013
 947.000000 0.285241 2.169816
 948.000000 0.287930 2.245571
 949.000000 0.282598 2.257490
 950.000000 0.285072 1.894041
 951.000000 0.290602 1.937044
 952.000000 0.283625 1.695707
 953.000000 0.285205 2.445675
 954.000000 0.282515 2.384315
 955.000000 0.295317 3.755460
 956.000000 0.292510 3.280115
 957.000000 0.284380 2.011221
 958.000000 0.288631 2.059362
 959.000000 0.287010 2.160075
 960.000000 0.290167 2.556829
 961.000000 0.281455 1.837594
 962.000000 0.287067 1.295886
 963.000000 0.294126 1.804817
 964.000000 0.282722 1.145028
 965.000000 0.283601 1.172822
 966.000000 0.287375 1.683290
 967.000000 0.284777 2.144807
 968.000000 0.291538 2.444993
 969.000000 0.285542 1.806266
 970.000000 0.291570 2.008338
 971.000000 0.288476 1.843183
 972.000000 0.282165 1.547834
 973.000000 0.287003 1.301921
 974.000000 0.294230 1.712704
 975.000000 0.295415 2.019326
 976.000000 0.295212 2.081178
 977.000000 0.295771 3.997572
 978.000000 0.290287 2.625237
 979.000000 0.293855 2.559107
 980.000000 0.296249 2.540082
 981.000000 0.290858 1.919068
 982.000000 0.289005 1.817647
 983.000000 0.289511 1.737411
 984.000000 0.286987 1.331724
 985.000000 0.282402 1.278776
 986.000000 0.283233 1.642048
 987.000000 0.276824 0.958181
 988.000000 0.288410 1.489956
 989.000000 0.285371 1.237981
 990.000000 0.277864 1.693861
 991.000000 0.281265 0.995115
 992.000000 0.283185 2.767433
 993.000000 0.278297 0.975039
 994.000000 0.286551 1.844339
 995.000000 0.281826 1.852882
 996.000000 0.277588 1.325084
 997.000000 0.281574 1.833887
 998.000000 0.287084 1.907749
 999.000000 0.286700 2.590664
 1000.000000 0.289968 2.024890
