#! FIELDS time refcv.mean refcv.morethan
 0.000000 0.529461 180.350024
 1.000000 0.566285 221.854451
 2.000000 0.563160 218.995674
 3.000000 0.575945 233.200628
 4.000000 0.582851 235.955333
 5.000000 0.598801 247.677270
 6.000000 0.589898 243.792949
 7.000000 0.584506 237.347338
 8.000000 0.590086 241.991079
 9.000000 0.593814 244.783881
 10.000000 0.586286 237.715311
 11.000000 0.589388 241.125352
 12.000000 0.592634 243.295170
 13.000000 0.586758 237.991533
 14.000000 0.582105 236.327296
 15.000000 0.588202 242.869683
 16.000000 0.588672 241.542192
 17.000000 0.586248 238.567824
 18.000000 0.589083 240.834581
 19.000000 0.599260 250.382846
 20.000000 0.607065 254.092100
 21.000000 0.592526 243.029360
 22.000000 0.602870 253.126211
 23.000000 0.594609 246.977361
 24.000000 0.601290 251.091970
 25.000000 0.602986 252.731856
 26.000000 0.589029 242.472545
 27.000000 0.597291 248.798074
 28.000000 0.592701 245.617609
 29.000000 0.595406 245.771629
 30.000000 0.596476 249.186273
 31.000000 0.584011 241.242984
 32.000000 0.600044 251.398963
 33.000000 0.591783 244.235757
 34.000000 0.598870 250.054533
 35.000000 0.601199 251.341036
 36.000000 0.605218 253.116845
 37.000000 0.604159 255.095026
 38.000000 0.599392 249.357252
 39.000000 0.607232 255.400679
 40.000000 0.609242 254.679507
 41.000000 0.605846 253.077856
 42.000000 0.611695 255.749398
 43.000000 0.603705 252.923663
 44.000000 0.607930 254.583107
 45.000000 0.609179 256.877940
 46.000000 0.599194 250.806229
 47.000000 0.606669 255.351187
 48.000000 0.606637 253.701736
 49.000000 0.611868 258.097377
 50.000000 0.605596 254.408379
 51.000000 0.606351 253.466471
 52.000000 0.605178 251.833211
 53.000000 0.605735 253.369823
 54.000000 0.606530 255.478610
 55.000000 0.600710 250.423748
 56.000000 0.600974 250.151298
 57.000000 0.597440 248.099801
 58.000000 0.599063 249.161270
 59.000000 0.592565 245.500698
 60.000000 0.599175 250.442202
 61.000000 0.599654 249.915004
 62.000000 0.595604 245.898413
 63.000000 0.594056 245.656412
 64.000000 0.588565 242.212459
 65.000000 0.593334 245.638321
 66.000000 0.585254 239.764541
 67.000000 0.591789 244.138186
 68.000000 0.597580 249.611172
 69.000000 0.602491 252.267541
 70.000000 0.599161 249.765194
 71.000000 0.601418 248.794696
 72.000000 0.602372 251.106573
 73.000000 0.594619 246.207174
 74.000000 0.599685 249.710870
 75.000000 0.599521 251.177781
 76.000000 0.587977 242.595943
 77.000000 0.599440 248.694603
 78.000000 0.594986 247.066620
 79.000000 0.591405 244.123453
 80.000000 0.603325 251.695198
 81.000000 0.596087 247.956462
 82.000000 0.592880 243.734236
 83.000000 0.592314 244.625184
 84.000000 0.597686 249.385940
 85.000000 0.590951 244.300661
 86.000000 0.602670 249.752495
 87.000000 0.596131 247.321967
 88.000000 0.597413 248.644905
 89.000000 0.587367 240.221029
 90.000000 0.597553 248.611108
 91.000000 0.594590 246.995257
 92.000000 0.602243 249.574286
 93.000000 0.597835 246.383040
 94.000000 0.595902 247.679236
 95.000000 0.587560 242.066860
 96.000000 0.596644 246.498904
 97.000000 0.597875 248.218091
 98.000000 0.598458 249.518216
 99.000000 0.596399 245.401665
 100.000000 0.607836 254.928581
 101.000000 0.590078 244.043838
 102.000000 0.601619 250.964920
 103.000000 0.595275 247.822679
 104.000000 0.601621 252.486046
 105.000000 0.593114 244.765055
 106.000000 0.586240 240.096346
 107.000000 0.592973 245.874824
 108.000000 0.588849 242.389616
 109.000000 0.588243 242.391759
 110.000000 0.594906 244.831730
 111.000000 0.598854 248.445894
 112.000000 0.588803 244.141941
 113.000000 0.593922 246.127180
 114.000000 0.604240 254.087560
 115.000000 0.596361 249.715471
 116.000000 0.600649 251.285353
 117.000000 0.598934 249.742867
 118.000000 0.598210 250.341475
 119.000000 0.604087 255.035552
 120.000000 0.610918 258.202795
 121.000000 0.609344 256.285179
 122.000000 0.615426 259.605584
 123.000000 0.611854 258.820589
 124.000000 0.608795 256.698536
 125.000000 0.607329 254.876646
 126.000000 0.596573 247.837873
 127.000000 0.610169 255.346024
 128.000000 0.600968 251.455354
 129.000000 0.605363 253.276214
 130.000000 0.601852 250.180510
 131.000000 0.593248 243.951304
 132.000000 0.594080 246.507867
 133.000000 0.591198 241.846919
 134.000000 0.590556 242.966294
 135.000000 0.592469 244.280873
 136.000000 0.599377 248.320448
 137.000000 0.592012 242.704571
 138.000000 0.600613 250.172071
 139.000000 0.598606 248.545780
 140.000000 0.598061 249.973762
 141.000000 0.607406 254.955810
 142.000000 0.602177 253.281219
 143.000000 0.612253 257.690924
 144.000000 0.598614 252.046137
 145.000000 0.597451 249.834178
 146.000000 0.608947 255.760984
 147.000000 0.613243 258.690074
 148.000000 0.608154 256.829469
 149.000000 0.604117 253.170623
 150.000000 0.607634 254.600518
 151.000000 0.612247 257.899505
 152.000000 0.598347 250.747223
 153.000000 0.601063 250.173105
 154.000000 0.602074 250.865992
 155.000000 0.602521 251.673325
 156.000000 0.602445 253.024707
 157.000000 0.610417 257.322870
 158.000000 0.602950 252.844718
 159.000000 0.609608 256.284008
 160.000000 0.604714 252.759171
 161.000000 0.605471 254.634987
 162.000000 0.598096 249.112183
 163.000000 0.596341 246.800700
 164.000000 0.602014 252.706052
 165.000000 0.605427 252.006522
 166.000000 0.593768 246.336718
 167.000000 0.600843 252.361847
 168.000000 0.603506 249.671629
 169.000000 0.592350 245.266703
 170.000000 0.604105 252.299140
 171.000000 0.592530 242.163714
 172.000000 0.612732 256.512570
 173.000000 0.602626 251.368760
 174.000000 0.596133 246.052432
 175.000000 0.589136 241.238002
 176.000000 0.598106 246.977100
 177.000000 0.599548 247.920564
 178.000000 0.593931 245.019979
 179.000000 0.587991 241.100918
 180.000000 0.587627 239.265547
 181.000000 0.588239 240.551698
 182.000000 0.590489 244.360879
 183.000000 0.594470 248.028352
 184.000000 0.597570 249.785799
 185.000000 0.603033 252.102899
 186.000000 0.589935 243.825208
 187.000000 0.589413 242.385223
 188.000000 0.587486 241.216972
 189.000000 0.587564 240.885189
 190.000000 0.586733 239.028310
 191.000000 0.577174 230.916676
 192.000000 0.574604 228.596555
 193.000000 0.585507 235.703369
 194.000000 0.590984 242.389116
 195.000000 0.598964 246.823860
 196.000000 0.594746 244.671011
 197.000000 0.596354 245.046794
 198.000000 0.591495 242.652862
 199.000000 0.595602 247.985600
 200.000000 0.592937 247.249363
 201.000000 0.592208 244.618108
 202.000000 0.587408 242.657185
 203.000000 0.597299 247.975804
 204.000000 0.584597 239.356822
 205.000000 0.583849 237.191590
 206.000000 0.585127 237.547994
 207.000000 0.597169 248.852724
 208.000000 0.592774 245.418692
 209.000000 0.606195 254.091647
 210.000000 0.599762 249.229320
 211.000000 0.596581 248.640892
 212.000000 0.580364 237.301589
 213.000000 0.595147 247.597146
 214.000000 0.598411 249.545835
 215.000000 0.585472 240.427875
 216.000000 0.582954 238.295998
 217.000000 0.603334 251.094376
 218.000000 0.593829 247.779411
 219.000000 0.596162 249.078954
 220.000000 0.607985 255.702911
 221.000000 0.599810 248.399504
 222.000000 0.592302 244.688933
 223.000000 0.596275 248.585557
 224.000000 0.601893 251.263506
 225.000000 0.607763 254.966731
 226.000000 0.602932 251.527000
 227.000000 0.607373 256.080707
 228.000000 0.595774 246.845105
 229.000000 0.595272 246.676384
 230.000000 0.598492 248.003626
 231.000000 0.598424 248.194629
 232.000000 0.610222 255.346312
 233.000000 0.608463 256.644352
 234.000000 0.599760 250.132155
 235.000000 0.606182 254.411267
 236.000000 0.596918 249.546368
 237.000000 0.598320 249.316815
 238.000000 0.594456 247.853830
 239.000000 0.604196 253.159521
 240.000000 0.604614 252.394687
 241.000000 0.607494 254.895303
 242.000000 0.601980 251.675806
 243.000000 0.604331 252.922030
 244.000000 0.597228 247.960755
 245.000000 0.602498 251.844859
 246.000000 0.594792 246.055177
 247.000000 0.597561 247.615856
 248.000000 0.589341 241.085449
 249.000000 0.601652 251.819489
 250.000000 0.597819 249.487492
 251.000000 0.598006 249.021110
 252.000000 0.590911 245.929409
 253.000000 0.595026 246.042877
 254.000000 0.595178 248.599714
 255.000000 0.585827 241.516068
 256.000000 0.589006 242.559460
 257.000000 0.589602 242.456005
 258.000000 0.589295 241.048920
 259.000000 0.595062 245.775418
 260.000000 0.595664 248.794312
 261.000000 0.601752 251.299432
 262.000000 0.603826 253.503119
 263.000000 0.604366 253.688586
 264.000000 0.603213 252.174497
 265.000000 0.605463 253.247886
 266.000000 0.610876 257.332996
 267.000000 0.602911 252.451302
 268.000000 0.597949 247.955542
 269.000000 0.604898 252.048490
 270.000000 0.596110 246.084041
 271.000000 0.594774 246.790820
 272.000000 0.600613 250.351838
 273.000000 0.592707 243.826622
 274.000000 0.600745 248.622764
 275.000000 0.592948 244.133793
 276.000000 0.592659 244.109481
 277.000000 0.600393 250.941963
 278.000000 0.600951 251.362557
 279.000000 0.598502 250.579860
 280.000000 0.595824 249.064752
 281.000000 0.606053 253.969837
 282.000000 0.598643 250.192313
 283.000000 0.593375 246.582844
 284.000000 0.596946 249.460977
 285.000000 0.596025 246.646133
 286.000000 0.596912 249.082508
 287.000000 0.593100 244.929356
 288.000000 0.600584 249.975242
 289.000000 0.595636 247.235159
 290.000000 0.599504 247.514228
 291.000000 0.600638 251.693630
 292.000000 0.605816 254.219364
 293.000000 0.600958 249.273693
 294.000000 0.602841 252.702818
 295.000000 0.586086 242.061888
 296.000000 0.597789 249.955751
 297.000000 0.597565 249.066206
 298.000000 0.598673 247.741726
 299.000000 0.607782 255.517444
 300.000000 0.602499 252.440225
 301.000000 0.595976 247.724199
 302.000000 0.592675 244.757071
 303.000000 0.605624 255.258903
 304.000000 0.607844 255.575119
 305.000000 0.604897 254.477772
 306.000000 0.602295 251.774687
 307.000000 0.598047 249.987172
 308.000000 0.603594 253.007269
 309.000000 0.600435 251.314427
 310.000000 0.607908 255.699665
 311.000000 0.602384 250.239737
 312.000000 0.607285 254.695021
 313.000000 0.598746 248.696745
 314.000000 0.602923 252.900624
 315.000000 0.608361 254.527199
 316.000000 0.596342 246.231283
 317.000000 0.588340 242.112963
 318.000000 0.592909 246.745167
 319.000000 0.591218 245.709865
 320.000000 0.585713 240.315596
 321.000000 0.586007 240.017153
 322.000000 0.589720 241.290623
 323.000000 0.587186 240.190338
 324.000000 0.596905 249.654334
 325.000000 0.593237 247.188936
 326.000000 0.588267 244.352426
 327.000000 0.595670 246.638821
 328.000000 0.603317 251.574639
 329.000000 0.596336 249.040662
 330.000000 0.601275 251.860427
 331.000000 0.608761 255.922793
 332.000000 0.600175 250.899447
 333.000000 0.594518 246.918398
 334.000000 0.595378 247.261937
 335.000000 0.593611 246.334505
 336.000000 0.595946 246.197345
 337.000000 0.594140 246.559509
 338.000000 0.595346 247.165316
 339.000000 0.585976 240.688035
 340.000000 0.603955 251.660549
 341.000000 0.603975 253.110313
 342.000000 0.601055 251.112275
 343.000000 0.607949 255.650143
 344.000000 0.611167 256.686160
 345.000000 0.595729 246.613836
 346.000000 0.591333 243.621827
 347.000000 0.588083 241.016810
 348.000000 0.592640 243.012868
 349.000000 0.596069 246.061650
 350.000000 0.595587 248.189304
 351.000000 0.582698 238.327321
 352.000000 0.595265 245.407260
 353.000000 0.586888 240.491591
 354.000000 0.592021 245.197327
 355.000000 0.586735 241.916814
 356.000000 0.591946 246.168252
 357.000000 0.600601 252.070751
 358.000000 0.601522 252.478553
 359.000000 0.594010 245.975922
 360.000000 0.596636 248.178270
 361.000000 0.592699 245.179984
 362.000000 0.601334 252.144538
 363.000000 0.598047 248.506437
 364.000000 0.592595 244.020757
 365.000000 0.600364 250.870424
 366.000000 0.590144 244.659520
 367.000000 0.591127 245.267462
 368.000000 0.589126 242.604003
 369.000000 0.581477 236.609067
 370.000000 0.593573 245.115341
 371.000000 0.589178 242.396879
 372.000000 0.594478 247.544188
 373.000000 0.592778 247.216871
 374.000000 0.603833 253.644788
 375.000000 0.592527 245.195371
 376.000000 0.590507 242.560458
 377.000000 0.595577 245.504461
 378.000000 0.595895 248.888190
 379.000000 0.596828 245.760193
 380.000000 0.587336 240.330359
 381.000000 0.600701 252.146976
 382.000000 0.593777 247.288463
 383.000000 0.597618 249.498314
 384.000000 0.604646 254.214524
 385.000000 0.594353 246.718821
 386.000000 0.594491 247.559207
 387.000000 0.604360 251.802292
 388.000000 0.604936 253.238671
 389.000000 0.611593 255.960836
 390.000000 0.602384 253.809839
 391.000000 0.610683 257.189096
 392.000000 0.608355 252.306814
 393.000000 0.605390 254.507795
 394.000000 0.604947 251.329567
 395.000000 0.598056 249.207680
 396.000000 0.599286 251.747761
 397.000000 0.596785 248.770359
 398.000000 0.609782 256.471878
 399.000000 0.605804 254.849509
 400.000000 0.605386 252.367459
 401.000000 0.596030 249.688440
 402.000000 0.602604 251.323145
 403.000000 0.591732 243.675697
 404.000000 0.580934 236.420406
 405.000000 0.595075 246.190649
 406.000000 0.590891 242.838511
 407.000000 0.589062 242.833377
 408.000000 0.590434 243.203594
 409.000000 0.593604 245.814562
 410.000000 0.592720 246.168619
 411.000000 0.593024 246.514902
 412.000000 0.595745 245.792237
 413.000000 0.595818 248.118575
 414.000000 0.591416 243.854333
 415.000000 0.601806 250.386074
 416.000000 0.590522 244.367090
 417.000000 0.597921 249.398256
 418.000000 0.596714 249.418442
 419.000000 0.591530 244.713375
 420.000000 0.599653 248.888732
 421.000000 0.591145 244.761863
 422.000000 0.598728 248.798953
 423.000000 0.596183 249.315538
 424.000000 0.596408 247.214820
 425.000000 0.603690 252.299326
 426.000000 0.610453 256.564136
 427.000000 0.604536 255.408210
 428.000000 0.598079 250.852586
 429.000000 0.601333 252.269438
 430.000000 0.591643 243.716430
 431.000000 0.594485 246.140921
 432.000000 0.599926 250.069861
 433.000000 0.595505 248.047282
 434.000000 0.605849 255.182959
 435.000000 0.595650 249.113798
 436.000000 0.605872 253.678878
 437.000000 0.595411 247.236573
 438.000000 0.600174 250.767612
 439.000000 0.602151 250.476034
 440.000000 0.601806 252.012372
 441.000000 0.590639 243.966950
 442.000000 0.594882 246.992565
 443.000000 0.595776 247.411116
 444.000000 0.586139 240.542423
 445.000000 0.592476 245.237096
 446.000000 0.595401 245.745529
 447.000000 0.587712 240.973556
 448.000000 0.598368 248.828466
 449.000000 0.590587 244.954233
 450.000000 0.596284 246.453236
 451.000000 0.590059 243.447898
 452.000000 0.600438 251.841474
 453.000000 0.602648 252.691668
 454.000000 0.598100 249.524713
 455.000000 0.590203 245.835542
 456.000000 0.595446 247.806835
 457.000000 0.586899 240.036539
 458.000000 0.600406 248.834406
 459.000000 0.598909 248.925770
 460.000000 0.595263 246.347044
 461.000000 0.597147 248.626246
 462.000000 0.591659 246.018969
 463.000000 0.605996 252.984815
 464.000000 0.594968 247.443757
 465.000000 0.597992 248.184819
 466.000000 0.591412 244.787819
 467.000000 0.591400 244.136733
 468.000000 0.598281 249.108392
 469.000000 0.595174 247.104215
 470.000000 0.580630 234.938273
 471.000000 0.591529 243.370279
 472.000000 0.599134 247.769045
 473.000000 0.590957 242.349186
 474.000000 0.593120 244.257225
 475.000000 0.602049 251.293392
 476.000000 0.596483 247.128815
 477.000000 0.598672 250.283150
 478.000000 0.602453 252.459089
 479.000000 0.602738 253.279701
 480.000000 0.593520 245.169403
 481.000000 0.596962 248.894816
 482.000000 0.595606 247.984445
 483.000000 0.603188 253.207872
 484.000000 0.590955 245.983876
 485.000000 0.596099 249.687914
 486.000000 0.601600 251.056580
 487.000000 0.591829 245.983607
 488.000000 0.600997 252.061156
 489.000000 0.598638 249.924019
 490.000000 0.598324 250.453378
 491.000000 0.590301 243.566060
 492.000000 0.591747 245.654171
 493.000000 0.593096 246.180841
 494.000000 0.589610 243.941503
 495.000000 0.599690 251.094982
 496.000000 0.606230 256.251609
 497.000000 0.616200 261.017170
 498.000000 0.591425 246.449591
 499.000000 0.603917 253.200240
 500.000000 0.598249 249.483114
 501.000000 0.603827 251.933088
 502.000000 0.599728 250.246888
 503.000000 0.609025 256.637676
 504.000000 0.606980 254.943443
 505.000000 0.598520 250.527373
 506.000000 0.603364 253.628222
 507.000000 0.594769 247.912921
 508.000000 0.596658 250.589827
 509.000000 0.602459 253.828034
 510.000000 0.594681 248.235062
 511.000000 0.604119 254.957943
 512.000000 0.598335 251.108176
 513.000000 0.590575 245.217750
 514.000000 0.600604 252.302064
 515.000000 0.595071 249.242499
 516.000000 0.594348 247.291408
 517.000000 0.598007 251.605387
 518.000000 0.594820 249.032305
 519.000000 0.586113 241.142754
 520.000000 0.592041 245.569334
 521.000000 0.592281 247.379292
 522.000000 0.599834 250.288727
 523.000000 0.608084 256.451553
 524.000000 0.604148 254.067508
 525.000000 0.596315 247.354024
 526.000000 0.597324 248.314654
 527.000000 0.586210 238.894364
 528.000000 0.595495 248.112237
 529.000000 0.583677 238.260335
 530.000000 0.593824 246.408821
 531.000000 0.594501 245.549055
 532.000000 0.588586 240.080697
 533.000000 0.586869 237.949496
 534.000000 0.596860 248.811874
 535.000000 0.597319 249.244200
 536.000000 0.596807 248.889694
 537.000000 0.599558 249.732739
 538.000000 0.589500 243.629650
 539.000000 0.598472 249.546877
 540.000000 0.587996 240.785048
 541.000000 0.590121 243.305907
 542.000000 0.591258 242.800876
 543.000000 0.596930 247.795124
 544.000000 0.606852 254.806557
 545.000000 0.600378 249.426782
 546.000000 0.590351 242.495697
 547.000000 0.591125 245.681418
 548.000000 0.598229 249.453623
 549.000000 0.589637 244.839355
 550.000000 0.604529 253.325622
 551.000000 0.595607 247.024819
 552.000000 0.588011 242.281123
 553.000000 0.588650 243.372393
 554.000000 0.595040 246.205903
 555.000000 0.599626 251.453357
 556.000000 0.591057 243.627111
 557.000000 0.587775 240.733379
 558.000000 0.600629 250.329261
 559.000000 0.599745 249.856037
 560.000000 0.600891 252.121182
 561.000000 0.599161 250.076383
 562.000000 0.593140 246.732700
 563.000000 0.608045 255.309103
 564.000000 0.606012 253.911981
 565.000000 0.598641 250.337776
 566.000000 0.613487 258.512771
 567.000000 0.616636 260.015481
 568.000000 0.592500 243.921115
 569.000000 0.603461 253.328054
 570.000000 0.602396 251.667058
 571.000000 0.598611 248.829994
 572.000000 0.604065 252.872686
 573.000000 0.594685 246.850403
 574.000000 0.589180 242.179686
 575.000000 0.586378 241.740992
 576.000000 0.595253 247.328932
 577.000000 0.606154 254.274899
 578.000000 0.596048 249.040920
 579.000000 0.585559 236.996112
 580.000000 0.596505 248.606464
 581.000000 0.592880 242.667460
 582.000000 0.580192 236.767833
 583.000000 0.582010 236.114492
 584.000000 0.598441 248.595132
 585.000000 0.597467 248.489274
 586.000000 0.603264 253.512895
 587.000000 0.593903 246.699643
 588.000000 0.601386 252.077973
 589.000000 0.597561 249.507416
 590.000000 0.607347 255.457514
 591.000000 0.606511 255.326370
 592.000000 0.607106 255.325308
 593.000000 0.609295 255.771253
 594.000000 0.616515 259.588287
 595.000000 0.612552 257.064692
 596.000000 0.613691 256.618741
 597.000000 0.603113 251.962616
 598.000000 0.610010 255.050293
 599.000000 0.613736 256.560611
 600.000000 0.613183 257.163867
 601.000000 0.611269 255.946989
 602.000000 0.611718 257.330661
 603.000000 0.608829 255.404917
 604.000000 0.602398 252.422399
 605.000000 0.591555 244.681602
 606.000000 0.597348 248.708288
 607.000000 0.590791 244.192363
 608.000000 0.593011 243.675278
 609.000000 0.591903 243.943454
 610.000000 0.592568 244.895029
 611.000000 0.595868 247.718993
 612.000000 0.598453 249.379309
 613.000000 0.601633 251.839290
 614.000000 0.596852 248.623771
 615.000000 0.601009 251.914950
 616.000000 0.596084 249.905324
 617.000000 0.601344 252.022786
 618.000000 0.598077 249.622680
 619.000000 0.598934 249.200817
 620.000000 0.601016 251.921485
 621.000000 0.592517 245.309765
 622.000000 0.595779 247.755799
 623.000000 0.598861 250.009281
 624.000000 0.585530 241.598480
 625.000000 0.594892 246.629779
 626.000000 0.603498 252.753155
 627.000000 0.592935 245.115292
 628.000000 0.601881 251.392694
 629.000000 0.606298 255.368987
 630.000000 0.599259 252.043764
 631.000000 0.600952 251.064112
 632.000000 0.597105 250.072625
 633.000000 0.600043 251.620503
 634.000000 0.600219 251.763509
 635.000000 0.605331 253.360900
 636.000000 0.601438 251.361642
 637.000000 0.593151 245.379062
 638.000000 0.589900 242.832959
 639.000000 0.585816 242.342964
 640.000000 0.599828 249.340737
 641.000000 0.595806 249.071926
 642.000000 0.595322 245.634024
 643.000000 0.586858 240.853893
 644.000000 0.581266 236.195719
 645.000000 0.584439 238.775072
 646.000000 0.591529 245.002208
 647.000000 0.590190 242.738572
 648.000000 0.602033 251.392591
 649.000000 0.600233 251.071937
 650.000000 0.605126 252.677226
 651.000000 0.596805 249.705135
 652.000000 0.600747 252.667248
 653.000000 0.587553 242.240289
 654.000000 0.598327 248.055807
 655.000000 0.604355 253.912493
 656.000000 0.595340 246.966172
 657.000000 0.587888 242.404328
 658.000000 0.595884 246.863540
 659.000000 0.605555 252.849438
 660.000000 0.604228 254.132703
 661.000000 0.599316 250.151298
 662.000000 0.603397 252.314761
 663.000000 0.594070 247.548913
 664.000000 0.607947 253.991366
 665.000000 0.604997 254.311641
 666.000000 0.609087 257.543862
 667.000000 0.610414 257.602269
 668.000000 0.597279 248.674017
 669.000000 0.596428 248.405132
 670.000000 0.612704 258.585504
 671.000000 0.597353 249.257449
 672.000000 0.596834 247.934172
 673.000000 0.595003 248.283991
 674.000000 0.600878 251.731245
 675.000000 0.600893 251.515047
 676.000000 0.592348 244.672058
 677.000000 0.607205 253.406114
 678.000000 0.594078 244.858649
 679.000000 0.598418 247.378187
 680.000000 0.595380 248.065782
 681.000000 0.598789 249.245296
 682.000000 0.588489 239.497361
 683.000000 0.602620 252.548251
 684.000000 0.605450 253.920039
 685.000000 0.605699 251.928980
 686.000000 0.600847 251.192261
 687.000000 0.614144 257.824243
 688.000000 0.614263 258.236074
 689.000000 0.616392 258.525103
 690.000000 0.603705 251.578647
 691.000000 0.602395 251.752085
 692.000000 0.604147 251.951778
 693.000000 0.607795 253.865729
 694.000000 0.607080 254.115610
 695.000000 0.609826 254.195301
 696.000000 0.610952 255.710189
 697.000000 0.604398 251.790882
 698.000000 0.613718 257.753625
 699.000000 0.605711 252.532896
 700.000000 0.625661 262.631917
 701.000000 0.615009 258.457661
 702.000000 0.612448 256.406494
 703.000000 0.607238 252.925788
 704.000000 0.613861 257.228469
 705.000000 0.622798 262.209827
 706.000000 0.618089 260.073909
 707.000000 0.617419 260.445972
 708.000000 0.608565 253.998334
 709.000000 0.610841 256.270621
 710.000000 0.610012 256.354321
 711.000000 0.610056 258.260973
 712.000000 0.615827 258.426265
 713.000000 0.619457 260.588888
 714.000000 0.605869 253.571153
 715.000000 0.604674 253.619755
 716.000000 0.609485 255.250440
 717.000000 0.606168 253.882222
 718.000000 0.607458 253.978194
 719.000000 0.604295 252.697083
 720.000000 0.605217 253.932059
 721.000000 0.600808 250.578514
 722.000000 0.594947 248.256366
 723.000000 0.601186 250.669984
 724.000000 0.600435 250.183605
 725.000000 0.597308 248.195848
 726.000000 0.591828 244.957229
 727.000000 0.589639 242.298240
 728.000000 0.595708 247.120890
 729.000000 0.592878 245.344135
 730.000000 0.584320 238.608394
 731.000000 0.590028 243.706585
 732.000000 0.600584 251.568648
 733.000000 0.601053 251.572194
 734.000000 0.597844 250.278913
 735.000000 0.604224 253.912197
 736.000000 0.599126 251.598276
 737.000000 0.603679 253.093639
 738.000000 0.603138 253.349840
 739.000000 0.606158 256.695975
 740.000000 0.595887 249.271080
 741.000000 0.599622 250.652015
 742.000000 0.589404 242.844538
 743.000000 0.592913 247.662428
 744.000000 0.590659 246.182732
 745.000000 0.587249 244.154670
 746.000000 0.598211 250.913745
 747.000000 0.600205 251.053657
 748.000000 0.598160 249.654607
 749.000000 0.599166 249.797431
 750.000000 0.595325 246.700092
 751.000000 0.607812 253.846562
 752.000000 0.597735 249.757699
 753.000000 0.587107 240.452000
 754.000000 0.593672 245.142888
 755.000000 0.589470 241.393700
 756.000000 0.594484 246.369839
 757.000000 0.591893 244.382256
 758.000000 0.589200 243.447159
 759.000000 0.597098 248.244135
 760.000000 0.592789 243.473992
 761.000000 0.590312 244.628919
 762.000000 0.597344 248.889221
 763.000000 0.592204 244.145603
 764.000000 0.591743 243.691195
 765.000000 0.582220 237.709445
 766.000000 0.589139 242.955127
 767.000000 0.589564 244.453625
 768.000000 0.592436 246.079698
 769.000000 0.581562 235.805123
 770.000000 0.596335 248.811988
 771.000000 0.598116 247.991610
 772.000000 0.595995 248.954905
 773.000000 0.603742 252.547373
 774.000000 0.595074 247.946435
 775.000000 0.589287 242.559912
 776.000000 0.588057 242.088442
 777.000000 0.593134 247.036883
 778.000000 0.592447 244.467691
 779.000000 0.588871 240.955928
 780.000000 0.590955 244.976565
 781.000000 0.583197 238.977556
 782.000000 0.583382 237.441534
 783.000000 0.589890 241.627925
 784.000000 0.591711 245.983471
 785.000000 0.598690 248.165059
 786.000000 0.591145 244.445539
 787.000000 0.592943 245.316783
 788.000000 0.599783 250.776524
 789.000000 0.609648 255.868734
 790.000000 0.601643 251.193721
 791.000000 0.597840 249.083797
 792.000000 0.601547 249.302113
 793.000000 0.597330 246.489263
 794.000000 0.596695 246.579289
 795.000000 0.602363 252.321415
 796.000000 0.602075 250.308841
 797.000000 0.600842 251.331621
 798.000000 0.611206 255.761227
 799.000000 0.595472 248.021757
 800.000000 0.603052 253.493821
 801.000000 0.598894 249.622650
 802.000000 0.599071 250.865160
 803.000000 0.592621 245.457999
 804.000000 0.598235 249.297924
 805.000000 0.605630 254.488101
 806.000000 0.601628 251.734055
 807.000000 0.607840 253.986158
 808.000000 0.597296 249.687366
 809.000000 0.598614 250.146794
 810.000000 0.591180 243.830803
 811.000000 0.598855 249.587118
 812.000000 0.605017 252.463953
 813.000000 0.599131 249.615996
 814.000000 0.588036 242.721066
 815.000000 0.594872 248.177666
 816.000000 0.604595 253.561957
 817.000000 0.601191 251.655886
 818.000000 0.606008 254.382613
 819.000000 0.607906 256.187925
 820.000000 0.603697 252.219863
 821.000000 0.603462 252.428093
 822.000000 0.595613 247.024919
 823.000000 0.600166 250.110657
 824.000000 0.597599 250.082268
 825.000000 0.588239 243.881704
 826.000000 0.607649 254.878941
 827.000000 0.594737 248.772160
 828.000000 0.599844 251.421443
 829.000000 0.598066 249.896136
 830.000000 0.594267 247.365447
 831.000000 0.588868 244.012730
 832.000000 0.598110 249.243599
 833.000000 0.591570 244.746218
 834.000000 0.598372 249.203004
 835.000000 0.585616 242.229489
 836.000000 0.592955 246.169274
 837.000000 0.600821 250.366366
 838.000000 0.590339 244.951182
 839.000000 0.597167 248.415134
 840.000000 0.604045 252.822928
 841.000000 0.604432 253.840142
 842.000000 0.596036 247.881361
 843.000000 0.605443 253.109467
 844.000000 0.592383 246.916111
 845.000000 0.592347 245.015856
 846.000000 0.588404 242.029549
 847.000000 0.585055 240.818641
 848.000000 0.589964 243.339006
 849.000000 0.596892 248.820642
 850.000000 0.591775 244.466583
 851.000000 0.593258 244.829690
 852.000000 0.592711 245.916913
 853.000000 0.598215 248.962411
 854.000000 0.590485 243.826955
 855.000000 0.594983 247.919233
 856.000000 0.592606 243.958130
 857.000000 0.592673 244.583605
 858.000000 0.605557 254.177937
 859.000000 0.606570 255.905255
 860.000000 0.612516 257.586116
 861.000000 0.607423 253.719693
 862.000000 0.610489 256.725196
 863.000000 0.604719 252.720535
 864.000000 0.600833 251.235336
 865.000000 0.602538 251.604932
 866.000000 0.591615 246.687987
 867.000000 0.603498 252.479265
 868.000000 0.608391 255.458758
 869.000000 0.595961 247.398490
 870.000000 0.598019 249.040358
 871.000000 0.604722 252.776854
 872.000000 0.597405 247.955008
 873.000000 0.600625 250.415666
 874.000000 0.596275 245.959678
 875.000000 0.595311 247.161916
 876.000000 0.604377 253.019816
 877.000000 0.611461 256.991268
 878.000000 0.594387 247.408695
 879.000000 0.600051 251.401664
 880.000000 0.602611 251.700214
 881.000000 0.600085 251.199736
 882.000000 0.594319 248.151814
 883.000000 0.597514 248.178342
 884.000000 0.592615 245.974006
 885.000000 0.603372 252.815330
 886.000000 0.614817 258.435925
 887.000000 0.597119 249.061027
 888.000000 0.611280 256.326721
 889.000000 0.611157 256.960114
 890.000000 0.608566 254.953663
 891.000000 0.604108 252.480557
 892.000000 0.601330 252.093654
 893.000000 0.606947 255.591027
 894.000000 0.602923 251.379637
 895.000000 0.607541 255.762224
 896.000000 0.611771 255.835807
 897.000000 0.610604 256.730656
 898.000000 0.611445 256.164960
 899.000000 0.604178 252.079831
 900.000000 0.602210 250.656025
 901.000000 0.602038 250.090593
 902.000000 0.598993 249.137917
 903.000000 0.609985 257.190650
 904.000000 0.601460 251.807910
 905.000000 0.607922 255.234848
 906.000000 0.606596 255.412467
 907.000000 0.596249 249.089492
 908.000000 0.604570 252.826361
 909.000000 0.597681 249.792260
 910.000000 0.598302 250.405919
 911.000000 0.589882 244.612917
 912.000000 0.590131 246.480603
 913.000000 0.605440 254.763550
 914.000000 0.599191 250.014592
 915.000000 0.595846 248.417433
 916.000000 0.601137 252.999417
 917.000000 0.601977 250.600144
 918.000000 0.599236 249.576470
 919.000000 0.600221 251.661058
 920.000000 0.600036 249.719637
 921.000000 0.602985 252.395135
 922.000000 0.594328 246.464469
 923.000000 0.598453 250.039526
 924.000000 0.594459 248.395313
 925.000000 0.597287 250.823658
 926.000000 0.597973 250.304612
 927.000000 0.595908 248.828268
 928.000000 0.588159 242.070895
 929.000000 0.587073 242.054805
 930.000000 0.593448 246.952630
 931.000000 0.595659 247.084999
 932.000000 0.592568 244.539983
 933.000000 0.599359 250.331004
 934.000000 0.584366 240.989087
 935.000000 0.596921 247.563131
 936.000000 0.603763 252.704694
 937.000000 0.601404 251.101880
 938.000000 0.598561 249.561350
 939.000000 0.593447 245.701423
 940.000000 0.601136 250.155610
 941.000000 0.590445 242.543275
 942.000000 0.601741 251.626344
 943.000000 0.597851 246.789048
 944.000000 0.591664 243.414463
 945.000000 0.587909 242.617914
 946.000000 0.585355 240.587671
 947.000000 0.585608 239.925124
 948.000000 0.591188 243.395066
 949.000000 0.579009 235.631907
 950.000000 0.587520 241.581709
 951.000000 0.593265 245.028861
 952.000000 0.582649 238.105466
 953.000000 0.585473 237.780847
 954.000000 0.581953 235.168916
 955.000000 0.599725 248.464178
 956.000000 0.594738 245.427220
 957.000000 0.588802 243.400668
 958.000000 0.592316 244.586499
 959.000000 0.591251 244.951585
 960.000000 0.593618 243.347165
 961.000000 0.583985 238.596582
 962.000000 0.590461 245.406734
 963.000000 0.600406 250.670527
 964.000000 0.585690 242.886120
 965.000000 0.582583 239.978418
 966.000000 0.590414 245.100128
 967.000000 0.591171 243.940747
 968.000000 0.596165 247.290638
 969.000000 0.589566 243.029091
 970.000000 0.596176 247.996578
 971.000000 0.591660 244.601815
 972.000000 0.586369 240.153704
 973.000000 0.597529 252.011079
 974.000000 0.599842 252.048042
 975.000000 0.604104 252.798068
 976.000000 0.600891 250.499751
 977.000000 0.600559 247.457148
 978.000000 0.594264 246.443570
 979.000000 0.600069 249.915947
 980.000000 0.606542 255.300135
 981.000000 0.593986 247.308140
 982.000000 0.593647 247.113132
 983.000000 0.590398 245.177097
 984.000000 0.595735 248.769017
 985.000000 0.583667 237.830797
 986.000000 0.586349 240.526195
 987.000000 0.583696 240.449766
 988.000000 0.598092 250.628327
 989.000000 0.588683 242.077230
 990.000000 0.579317 234.501700
 991.000000 0.585511 242.461349
 992.000000 0.586214 239.920953
 993.000000 0.581870 239.557066
 994.000000 0.586256 238.719495
 995.000000 0.584303 239.140530
 996.000000 0.580784 237.903309
 997.000000 0.583128 238.098485
 998.000000 0.591845 245.349404
 999.000000 0.590323 244.623930
 1000.000000 0.594687 246.068962
