#! FIELDS time refcv.mean refcv.morethan
 0.000000 1.510312 323.999438
 1.000000 1.483353 323.999285
 2.000000 1.486152 323.999306
 3.000000 1.472727 323.999224
 4.000000 1.471572 323.999219
 5.000000 1.472126 323.999224
 6.000000 1.467862 323.999193
 7.000000 1.471478 323.999215
 8.000000 1.474951 323.999238
 9.000000 1.477432 323.999255
 10.000000 1.474790 323.999233
 11.000000 1.465105 323.999173
 12.000000 1.490842 323.999332
 13.000000 1.470918 323.999215
 14.000000 1.469851 323.999205
 15.000000 1.482962 323.999288
 16.000000 1.474967 323.999236
 17.000000 1.469600 323.999205
 18.000000 1.478617 323.999257
 19.000000 1.474878 323.999242
 20.000000 1.481659 323.999278
 21.000000 1.472222 323.999221
 22.000000 1.473549 323.999227
 23.000000 1.486170 323.999307
 24.000000 1.462654 323.999152
 25.000000 1.479659 323.999273
 26.000000 1.474399 323.999236
 27.000000 1.485000 323.999302
 28.000000 1.471127 323.999215
 29.000000 1.472941 323.999227
 30.000000 1.474813 323.999235
 31.000000 1.480494 323.999271
 32.000000 1.470386 323.999207
 33.000000 1.482344 323.999280
 34.000000 1.466072 323.999179
 35.000000 1.472185 323.999220
 36.000000 1.479234 323.999267
 37.000000 1.476392 323.999250
 38.000000 1.480272 323.999268
 39.000000 1.470118 323.999208
 40.000000 1.485230 323.999295
 41.000000 1.473902 323.999226
 42.000000 1.467296 323.999191
 43.000000 1.470077 323.999207
 44.000000 1.472313 323.999219
 45.000000 1.470396 323.999212
 46.000000 1.484192 323.999293
 47.000000 1.468547 323.999187
 48.000000 1.475795 323.999245
 49.000000 1.480102 323.999270
 50.000000 1.470662 323.999209
 51.000000 1.476863 323.999252
 52.000000 1.481313 323.999276
 53.000000 1.484656 323.999295
 54.000000 1.470486 323.999208
 55.000000 1.482157 323.999283
 56.000000 1.473307 323.999229
 57.000000 1.471233 323.999213
 58.000000 1.482599 323.999286
 59.000000 1.472563 323.999220
 60.000000 1.471520 323.999213
 61.000000 1.474188 323.999237
 62.000000 1.472433 323.999223
 63.000000 1.481110 323.999279
 64.000000 1.464999 323.999174
 65.000000 1.477395 323.999255
 66.000000 1.462344 323.999154
 67.000000 1.480927 323.999273
 68.000000 1.480769 323.999275
 69.000000 1.475741 323.999245
 70.000000 1.482458 323.999285
 71.000000 1.486977 323.999313
 72.000000 1.470893 323.999210
 73.000000 1.466407 323.999181
 74.000000 1.477632 323.999251
 75.000000 1.475257 323.999243
 76.000000 1.475643 323.999242
 77.000000 1.464992 323.999167
 78.000000 1.485100 323.999296
 79.000000 1.454230 323.999092
 80.000000 1.483112 323.999288
 81.000000 1.476676 323.999249
 82.000000 1.476264 323.999243
 83.000000 1.482521 323.999287
 84.000000 1.475220 323.999241
 85.000000 1.465218 323.999175
 86.000000 1.475340 323.999236
 87.000000 1.477344 323.999254
 88.000000 1.467339 323.999186
 89.000000 1.478518 323.999262
 90.000000 1.482140 323.999281
 91.000000 1.464259 323.999169
 92.000000 1.486485 323.999307
 93.000000 1.476647 323.999250
 94.000000 1.479163 323.999265
 95.000000 1.475478 323.999242
 96.000000 1.465342 323.999172
 97.000000 1.483586 323.999291
 98.000000 1.471962 323.999212
 99.000000 1.465893 323.999182
 100.000000 1.477197 323.999256
 101.000000 1.478031 323.999256
 102.000000 1.471369 323.999214
 103.000000 1.479652 323.999266
 104.000000 1.470390 323.999211
 105.000000 1.479356 323.999261
 106.000000 1.489317 323.999323
 107.000000 1.477615 323.999252
 108.000000 1.470352 323.999208
 109.000000 1.469507 323.999199
 110.000000 1.475071 323.999240
 111.000000 1.484760 323.999298
 112.000000 1.472023 323.999212
 113.000000 1.476750 323.999251
 114.000000 1.481099 323.999279
 115.000000 1.469377 323.999202
 116.000000 1.482810 323.999288
 117.000000 1.471397 323.999215
 118.000000 1.481613 323.999280
 119.000000 1.471923 323.999220
 120.000000 1.472730 323.999226
 121.000000 1.461443 323.999144
 122.000000 1.478423 323.999261
 123.000000 1.467101 323.999174
 124.000000 1.470684 323.999212
 125.000000 1.476076 323.999245
 126.000000 1.471559 323.999221
 127.000000 1.464749 323.999169
 128.000000 1.473654 323.999229
 129.000000 1.480045 323.999266
 130.000000 1.475662 323.999243
 131.000000 1.481480 323.999277
 132.000000 1.467817 323.999189
 133.000000 1.465826 323.999176
 134.000000 1.475748 323.999238
 135.000000 1.480591 323.999271
 136.000000 1.477343 323.999255
 137.000000 1.462839 323.999148
 138.000000 1.485222 323.999299
 139.000000 1.471744 323.999217
 140.000000 1.472717 323.999222
 141.000000 1.465706 323.999179
 142.000000 1.482418 323.999279
 143.000000 1.467723 323.999189
 144.000000 1.480785 323.999272
 145.000000 1.460911 323.999146
 146.000000 1.485213 323.999301
 147.000000 1.461923 323.999154
 148.000000 1.475316 323.999235
 149.000000 1.468430 323.999200
 150.000000 1.477489 323.999254
 151.000000 1.483332 323.999289
 152.000000 1.473396 323.999232
 153.000000 1.475918 323.999243
 154.000000 1.473212 323.999226
 155.000000 1.474393 323.999234
 156.000000 1.484126 323.999285
 157.000000 1.478473 323.999261
 158.000000 1.469674 323.999203
 159.000000 1.474625 323.999239
 160.000000 1.462693 323.999160
 161.000000 1.477773 323.999260
 162.000000 1.458161 323.999128
 163.000000 1.475162 323.999236
 164.000000 1.477207 323.999252
 165.000000 1.474108 323.999226
 166.000000 1.475024 323.999237
 167.000000 1.477305 323.999252
 168.000000 1.474873 323.999232
 169.000000 1.479392 323.999266
 170.000000 1.473795 323.999233
 171.000000 1.467482 323.999191
 172.000000 1.487852 323.999317
 173.000000 1.466658 323.999177
 174.000000 1.478655 323.999262
 175.000000 1.465994 323.999180
 176.000000 1.474438 323.999232
 177.000000 1.472147 323.999223
 178.000000 1.477043 323.999252
 179.000000 1.478795 323.999260
 180.000000 1.477435 323.999252
 181.000000 1.471824 323.999217
 182.000000 1.471799 323.999219
 183.000000 1.472472 323.999212
 184.000000 1.468700 323.999192
 185.000000 1.483843 323.999294
 186.000000 1.468532 323.999192
 187.000000 1.485579 323.999304
 188.000000 1.471638 323.999218
 189.000000 1.483177 323.999292
 190.000000 1.473686 323.999231
 191.000000 1.464580 323.999171
 192.000000 1.475324 323.999237
 193.000000 1.475284 323.999242
 194.000000 1.476308 323.999245
 195.000000 1.475517 323.999242
 196.000000 1.474161 323.999231
 197.000000 1.476477 323.999250
 198.000000 1.480401 323.999273
 199.000000 1.473452 323.999232
 200.000000 1.479182 323.999265
 201.000000 1.463336 323.999152
 202.000000 1.477211 323.999249
 203.000000 1.481383 323.999277
 204.000000 1.462471 323.999156
 205.000000 1.475433 323.999238
 206.000000 1.484991 323.999295
 207.000000 1.469539 323.999199
 208.000000 1.487130 323.999308
 209.000000 1.472668 323.999224
 210.000000 1.468968 323.999197
 211.000000 1.477464 323.999253
 212.000000 1.475646 323.999243
 213.000000 1.484193 323.999298
 214.000000 1.468446 323.999192
 215.000000 1.480633 323.999276
 216.000000 1.473746 323.999228
 217.000000 1.485192 323.999301
 218.000000 1.477209 323.999249
 219.000000 1.469068 323.999199
 220.000000 1.485707 323.999296
 221.000000 1.469616 323.999194
 222.000000 1.476465 323.999249
 223.000000 1.476358 323.999249
 224.000000 1.479319 323.999265
 225.000000 1.479670 323.999268
 226.000000 1.474557 323.999238
 227.000000 1.474610 323.999233
 228.000000 1.478775 323.999261
 229.000000 1.473677 323.999229
 230.000000 1.472389 323.999223
 231.000000 1.470478 323.999207
 232.000000 1.472618 323.999222
 233.000000 1.481860 323.999280
 234.000000 1.473298 323.999228
 235.000000 1.487225 323.999313
 236.000000 1.468444 323.999196
 237.000000 1.481702 323.999281
 238.000000 1.482440 323.999284
 239.000000 1.469111 323.999201
 240.000000 1.465568 323.999173
 241.000000 1.474126 323.999233
 242.000000 1.478708 323.999253
 243.000000 1.475391 323.999243
 244.000000 1.469731 323.999202
 245.000000 1.470645 323.999204
 246.000000 1.479198 323.999265
 247.000000 1.472593 323.999220
 248.000000 1.486026 323.999306
 249.000000 1.463264 323.999156
 250.000000 1.473577 323.999229
 251.000000 1.470649 323.999213
 252.000000 1.472555 323.999225
 253.000000 1.483173 323.999283
 254.000000 1.465507 323.999174
 255.000000 1.479383 323.999265
 256.000000 1.467883 323.999192
 257.000000 1.478498 323.999261
 258.000000 1.470366 323.999207
 259.000000 1.466253 323.999179
 260.000000 1.477710 323.999255
 261.000000 1.471957 323.999219
 262.000000 1.473016 323.999224
 263.000000 1.481130 323.999278
 264.000000 1.475368 323.999237
 265.000000 1.482609 323.999283
 266.000000 1.475517 323.999246
 267.000000 1.476061 323.999245
 268.000000 1.482934 323.999286
 269.000000 1.470997 323.999214
 270.000000 1.487590 323.999317
 271.000000 1.474713 323.999239
 272.000000 1.481889 323.999280
 273.000000 1.482018 323.999278
 274.000000 1.473551 323.999234
 275.000000 1.475393 323.999243
 276.000000 1.485757 323.999307
 277.000000 1.476154 323.999247
 278.000000 1.485806 323.999301
 279.000000 1.466913 323.999185
 280.000000 1.471432 323.999216
 281.000000 1.477665 323.999256
 282.000000 1.471717 323.999217
 283.000000 1.480211 323.999271
 284.000000 1.488185 323.999320
 285.000000 1.468712 323.999199
 286.000000 1.468391 323.999197
 287.000000 1.488315 323.999318
 288.000000 1.469365 323.999197
 289.000000 1.470668 323.999215
 290.000000 1.486545 323.999308
 291.000000 1.468820 323.999194
 292.000000 1.467464 323.999192
 293.000000 1.470897 323.999215
 294.000000 1.476130 323.999245
 295.000000 1.482416 323.999287
 296.000000 1.467285 323.999194
 297.000000 1.482595 323.999283
 298.000000 1.482135 323.999281
 299.000000 1.475221 323.999239
 300.000000 1.477666 323.999249
 301.000000 1.475353 323.999242
 302.000000 1.466394 323.999181
 303.000000 1.480119 323.999270
 304.000000 1.478767 323.999257
 305.000000 1.470315 323.999209
 306.000000 1.481235 323.999277
 307.000000 1.478300 323.999258
 308.000000 1.468539 323.999196
 309.000000 1.486736 323.999311
 310.000000 1.462961 323.999152
 311.000000 1.488660 323.999317
 312.000000 1.479600 323.999265
 313.000000 1.472485 323.999221
 314.000000 1.478574 323.999265
 315.000000 1.474352 323.999231
 316.000000 1.479608 323.999265
 317.000000 1.486572 323.999307
 318.000000 1.472719 323.999222
 319.000000 1.476844 323.999248
 320.000000 1.476339 323.999242
 321.000000 1.481275 323.999280
 322.000000 1.468670 323.999193
 323.000000 1.485806 323.999298
 324.000000 1.477171 323.999254
 325.000000 1.467673 323.999189
 326.000000 1.474245 323.999237
 327.000000 1.486658 323.999308
 328.000000 1.481343 323.999281
 329.000000 1.469849 323.999210
 330.000000 1.487127 323.999313
 331.000000 1.472330 323.999226
 332.000000 1.472738 323.999220
 333.000000 1.477902 323.999259
 334.000000 1.479552 323.999271
 335.000000 1.482583 323.999288
 336.000000 1.475793 323.999241
 337.000000 1.478555 323.999256
 338.000000 1.478299 323.999259
 339.000000 1.478672 323.999263
 340.000000 1.469905 323.999208
 341.000000 1.467121 323.999187
 342.000000 1.480863 323.999277
 343.000000 1.473742 323.999232
 344.000000 1.471390 323.999216
 345.000000 1.478037 323.999258
 346.000000 1.461801 323.999149
 347.000000 1.480672 323.999277
 348.000000 1.476210 323.999249
 349.000000 1.468887 323.999198
 350.000000 1.477835 323.999257
 351.000000 1.482777 323.999284
 352.000000 1.471397 323.999218
 353.000000 1.477881 323.999257
 354.000000 1.482013 323.999280
 355.000000 1.472692 323.999227
 356.000000 1.485070 323.999301
 357.000000 1.477683 323.999256
 358.000000 1.488524 323.999321
 359.000000 1.484527 323.999296
 360.000000 1.484410 323.999296
 361.000000 1.482000 323.999282
 362.000000 1.476371 323.999249
 363.000000 1.483336 323.999291
 364.000000 1.470017 323.999205
 365.000000 1.476319 323.999243
 366.000000 1.477500 323.999252
 367.000000 1.475237 323.999240
 368.000000 1.483301 323.999288
 369.000000 1.477657 323.999252
 370.000000 1.473698 323.999228
 371.000000 1.476477 323.999246
 372.000000 1.471247 323.999217
 373.000000 1.472490 323.999221
 374.000000 1.468954 323.999201
 375.000000 1.490302 323.999331
 376.000000 1.468706 323.999197
 377.000000 1.480307 323.999269
 378.000000 1.478810 323.999261
 379.000000 1.473921 323.999233
 380.000000 1.464746 323.999165
 381.000000 1.487889 323.999314
 382.000000 1.465777 323.999178
 383.000000 1.478159 323.999259
 384.000000 1.461247 323.999148
 385.000000 1.473830 323.999229
 386.000000 1.469521 323.999199
 387.000000 1.476063 323.999245
 388.000000 1.474501 323.999236
 389.000000 1.478049 323.999259
 390.000000 1.473756 323.999234
 391.000000 1.468458 323.999197
 392.000000 1.473073 323.999226
 393.000000 1.481106 323.999278
 394.000000 1.473421 323.999229
 395.000000 1.469087 323.999200
 396.000000 1.472482 323.999219
 397.000000 1.476561 323.999252
 398.000000 1.466861 323.999184
 399.000000 1.478666 323.999256
 400.000000 1.473214 323.999229
 401.000000 1.471959 323.999215
 402.000000 1.464553 323.999170
 403.000000 1.477807 323.999251
 404.000000 1.473528 323.999230
 405.000000 1.479198 323.999262
 406.000000 1.471605 323.999218
 407.000000 1.478913 323.999264
 408.000000 1.474641 323.999233
 409.000000 1.473493 323.999230
 410.000000 1.479644 323.999268
 411.000000 1.467389 323.999184
 412.000000 1.491484 323.999335
 413.000000 1.470686 323.999211
 414.000000 1.472841 323.999228
 415.000000 1.480441 323.999271
 416.000000 1.471574 323.999213
 417.000000 1.474217 323.999231
 418.000000 1.483996 323.999293
 419.000000 1.465581 323.999169
 420.000000 1.479618 323.999264
 421.000000 1.468805 323.999199
 422.000000 1.466644 323.999181
 423.000000 1.474950 323.999241
 424.000000 1.475340 323.999241
 425.000000 1.471384 323.999191
 426.000000 1.476388 323.999246
 427.000000 1.479797 323.999268
 428.000000 1.471513 323.999214
 429.000000 1.486134 323.999306
 430.000000 1.476674 323.999247
 431.000000 1.476214 323.999246
 432.000000 1.481892 323.999282
 433.000000 1.471670 323.999218
 434.000000 1.487010 323.999312
 435.000000 1.472470 323.999223
 436.000000 1.477383 323.999252
 437.000000 1.473955 323.999224
 438.000000 1.483569 323.999290
 439.000000 1.476885 323.999250
 440.000000 1.484674 323.999293
 441.000000 1.478123 323.999255
 442.000000 1.478565 323.999255
 443.000000 1.476289 323.999245
 444.000000 1.462896 323.999155
 445.000000 1.482969 323.999289
 446.000000 1.473729 323.999229
 447.000000 1.482910 323.999287
 448.000000 1.478811 323.999257
 449.000000 1.471555 323.999214
 450.000000 1.475572 323.999240
 451.000000 1.472105 323.999221
 452.000000 1.474605 323.999234
 453.000000 1.479377 323.999263
 454.000000 1.455687 323.999101
 455.000000 1.477609 323.999252
 456.000000 1.476034 323.999248
 457.000000 1.470009 323.999205
 458.000000 1.475964 323.999243
 459.000000 1.478165 323.999261
 460.000000 1.467239 323.999188
 461.000000 1.483793 323.999291
 462.000000 1.477307 323.999254
 463.000000 1.484885 323.999297
 464.000000 1.462235 323.999154
 465.000000 1.474613 323.999237
 466.000000 1.477727 323.999254
 467.000000 1.479853 323.999272
 468.000000 1.480400 323.999274
 469.000000 1.474516 323.999239
 470.000000 1.474976 323.999233
 471.000000 1.466927 323.999189
 472.000000 1.470658 323.999213
 473.000000 1.473780 323.999228
 474.000000 1.485216 323.999303
 475.000000 1.479402 323.999266
 476.000000 1.470213 323.999198
 477.000000 1.472524 323.999223
 478.000000 1.485526 323.999295
 479.000000 1.476397 323.999249
 480.000000 1.481895 323.999282
 481.000000 1.467540 323.999194
 482.000000 1.480749 323.999273
 483.000000 1.469327 323.999203
 484.000000 1.480822 323.999275
 485.000000 1.479525 323.999266
 486.000000 1.476123 323.999243
 487.000000 1.481693 323.999281
 488.000000 1.468803 323.999200
 489.000000 1.476724 323.999250
 490.000000 1.463255 323.999156
 491.000000 1.471015 323.999214
 492.000000 1.473723 323.999222
 493.000000 1.472203 323.999216
 494.000000 1.470961 323.999212
 495.000000 1.468758 323.999204
 496.000000 1.477665 323.999250
 497.000000 1.471549 323.999218
 498.000000 1.469384 323.999202
 499.000000 1.474726 323.999236
 500.000000 1.474920 323.999234
 501.000000 1.480915 323.999279
 502.000000 1.466259 323.999181
 503.000000 1.476057 323.999246
 504.000000 1.478272 323.999260
 505.000000 1.462822 323.999158
 506.000000 1.475662 323.999242
 507.000000 1.476510 323.999248
 508.000000 1.483240 323.999289
 509.000000 1.474352 323.999240
 510.000000 1.478505 323.999260
 511.000000 1.486757 323.999308
 512.000000 1.473946 323.999235
 513.000000 1.480328 323.999266
 514.000000 1.481442 323.999279
 515.000000 1.467922 323.999192
 516.000000 1.472576 323.999220
 517.000000 1.474100 323.999230
 518.000000 1.472331 323.999226
 519.000000 1.473890 323.999235
 520.000000 1.465350 323.999177
 521.000000 1.468379 323.999188
 522.000000 1.486422 323.999306
 523.000000 1.476423 323.999252
 524.000000 1.478231 323.999255
 525.000000 1.469259 323.999198
 526.000000 1.478601 323.999259
 527.000000 1.480215 323.999265
 528.000000 1.477953 323.999256
 529.000000 1.476774 323.999251
 530.000000 1.475130 323.999243
 531.000000 1.481314 323.999278
 532.000000 1.478420 323.999260
 533.000000 1.477684 323.999254
 534.000000 1.471107 323.999206
 535.000000 1.477703 323.999257
 536.000000 1.473800 323.999232
 537.000000 1.481029 323.999273
 538.000000 1.477454 323.999252
 539.000000 1.470212 323.999204
 540.000000 1.464765 323.999170
 541.000000 1.480801 323.999273
 542.000000 1.457728 323.999119
 543.000000 1.482623 323.999284
 544.000000 1.473809 323.999232
 545.000000 1.469998 323.999210
 546.000000 1.481642 323.999282
 547.000000 1.478202 323.999257
 548.000000 1.472882 323.999217
 549.000000 1.469530 323.999208
 550.000000 1.481407 323.999274
 551.000000 1.472882 323.999227
 552.000000 1.471814 323.999214
 553.000000 1.466079 323.999180
 554.000000 1.479334 323.999265
 555.000000 1.478949 323.999265
 556.000000 1.473400 323.999228
 557.000000 1.483000 323.999287
 558.000000 1.470714 323.999210
 559.000000 1.477938 323.999255
 560.000000 1.478270 323.999262
 561.000000 1.482085 323.999277
 562.000000 1.466587 323.999186
 563.000000 1.478987 323.999261
 564.000000 1.478783 323.999254
 565.000000 1.481656 323.999280
 566.000000 1.474981 323.999240
 567.000000 1.479014 323.999263
 568.000000 1.478368 323.999263
 569.000000 1.472409 323.999222
 570.000000 1.476190 323.999245
 571.000000 1.478780 323.999266
 572.000000 1.475666 323.999244
 573.000000 1.480097 323.999271
 574.000000 1.479763 323.999272
 575.000000 1.477021 323.999249
 576.000000 1.479221 323.999262
 577.000000 1.477797 323.999257
 578.000000 1.486924 323.999309
 579.000000 1.481625 323.999277
 580.000000 1.481600 323.999281
 581.000000 1.469195 323.999201
 582.000000 1.477070 323.999251
 583.000000 1.478708 323.999260
 584.000000 1.465784 323.999180
 585.000000 1.476130 323.999247
 586.000000 1.484617 323.999300
 587.000000 1.466262 323.999176
 588.000000 1.469309 323.999202
 589.000000 1.471598 323.999207
 590.000000 1.483168 323.999289
 591.000000 1.472460 323.999214
 592.000000 1.465143 323.999165
 593.000000 1.482918 323.999286
 594.000000 1.463571 323.999167
 595.000000 1.463973 323.999161
 596.000000 1.482237 323.999279
 597.000000 1.478308 323.999259
 598.000000 1.465320 323.999176
 599.000000 1.479211 323.999263
 600.000000 1.475377 323.999241
 601.000000 1.468409 323.999193
 602.000000 1.480455 323.999272
 603.000000 1.481725 323.999280
 604.000000 1.469869 323.999210
 605.000000 1.480240 323.999267
 606.000000 1.477879 323.999258
 607.000000 1.483351 323.999288
 608.000000 1.470248 323.999206
 609.000000 1.463204 323.999156
 610.000000 1.475996 323.999243
 611.000000 1.476766 323.999251
 612.000000 1.469639 323.999205
 613.000000 1.475588 323.999242
 614.000000 1.470715 323.999209
 615.000000 1.481367 323.999277
 616.000000 1.470282 323.999209
 617.000000 1.479074 323.999265
 618.000000 1.484514 323.999293
 619.000000 1.461453 323.999143
 620.000000 1.474517 323.999232
 621.000000 1.478946 323.999265
 622.000000 1.482938 323.999288
 623.000000 1.470630 323.999213
 624.000000 1.482247 323.999283
 625.000000 1.475815 323.999246
 626.000000 1.464601 323.999170
 627.000000 1.481179 323.999278
 628.000000 1.477929 323.999260
 629.000000 1.478958 323.999265
 630.000000 1.460322 323.999141
 631.000000 1.486059 323.999305
 632.000000 1.473987 323.999227
 633.000000 1.471771 323.999216
 634.000000 1.474375 323.999235
 635.000000 1.483360 323.999290
 636.000000 1.475845 323.999247
 637.000000 1.481036 323.999277
 638.000000 1.484708 323.999299
 639.000000 1.470568 323.999213
 640.000000 1.477974 323.999252
 641.000000 1.482044 323.999282
 642.000000 1.470763 323.999211
 643.000000 1.488907 323.999322
 644.000000 1.472176 323.999218
 645.000000 1.483790 323.999291
 646.000000 1.483298 323.999291
 647.000000 1.477169 323.999256
 648.000000 1.475067 323.999235
 649.000000 1.473301 323.999224
 650.000000 1.480527 323.999270
 651.000000 1.466469 323.999177
 652.000000 1.480534 323.999275
 653.000000 1.472902 323.999225
 654.000000 1.469548 323.999202
 655.000000 1.475336 323.999242
 656.000000 1.476050 323.999246
 657.000000 1.471044 323.999215
 658.000000 1.473009 323.999226
 659.000000 1.493049 323.999345
 660.000000 1.468992 323.999201
 661.000000 1.478007 323.999260
 662.000000 1.483912 323.999291
 663.000000 1.474066 323.999230
 664.000000 1.469857 323.999205
 665.000000 1.479739 323.999267
 666.000000 1.475129 323.999245
 667.000000 1.472597 323.999223
 668.000000 1.473597 323.999229
 669.000000 1.476471 323.999245
 670.000000 1.471831 323.999217
 671.000000 1.467479 323.999192
 672.000000 1.470610 323.999215
 673.000000 1.460042 323.999138
 674.000000 1.475480 323.999242
 675.000000 1.480663 323.999272
 676.000000 1.480231 323.999271
 677.000000 1.469024 323.999202
 678.000000 1.482807 323.999287
 679.000000 1.479188 323.999263
 680.000000 1.476437 323.999242
 681.000000 1.475251 323.999244
 682.000000 1.479572 323.999267
 683.000000 1.478423 323.999261
 684.000000 1.468761 323.999200
 685.000000 1.475748 323.999243
 686.000000 1.477053 323.999250
 687.000000 1.476938 323.999252
 688.000000 1.478313 323.999257
 689.000000 1.473967 323.999230
 690.000000 1.482943 323.999288
 691.000000 1.477474 323.999246
 692.000000 1.467931 323.999193
 693.000000 1.483501 323.999289
 694.000000 1.478909 323.999252
 695.000000 1.469184 323.999198
 696.000000 1.474326 323.999236
 697.000000 1.478322 323.999255
 698.000000 1.471158 323.999217
 699.000000 1.480814 323.999273
 700.000000 1.478863 323.999262
 701.000000 1.471149 323.999213
 702.000000 1.488716 323.999322
 703.000000 1.480652 323.999271
 704.000000 1.471730 323.999219
 705.000000 1.476683 323.999242
 706.000000 1.485151 323.999299
 707.000000 1.480794 323.999273
 708.000000 1.474882 323.999237
 709.000000 1.475142 323.999239
 710.000000 1.469743 323.999198
 711.000000 1.482079 323.999282
 712.000000 1.466674 323.999181
 713.000000 1.480508 323.999274
 714.000000 1.475572 323.999243
 715.000000 1.461362 323.999147
 716.000000 1.479669 323.999269
 717.000000 1.476165 323.999248
 718.000000 1.474470 323.999235
 719.000000 1.466769 323.999184
 720.000000 1.465253 323.999175
 721.000000 1.477253 323.999258
 722.000000 1.474374 323.999236
 723.000000 1.479740 323.999268
 724.000000 1.474214 323.999233
 725.000000 1.466133 323.999182
 726.000000 1.486059 323.999305
 727.000000 1.471806 323.999216
 728.000000 1.472353 323.999218
 729.000000 1.468641 323.999196
 730.000000 1.480925 323.999271
 731.000000 1.466860 323.999185
 732.000000 1.478935 323.999264
 733.000000 1.475943 323.999241
 734.000000 1.468570 323.999188
 735.000000 1.483163 323.999287
 736.000000 1.474971 323.999237
 737.000000 1.473615 323.999230
 738.000000 1.470376 323.999213
 739.000000 1.479982 323.999269
 740.000000 1.473919 323.999235
 741.000000 1.472638 323.999223
 742.000000 1.474664 323.999237
 743.000000 1.473864 323.999234
 744.000000 1.481282 323.999276
 745.000000 1.486869 323.999311
 746.000000 1.477711 323.999256
 747.000000 1.483142 323.999285
 748.000000 1.480342 323.999272
 749.000000 1.472957 323.999227
 750.000000 1.479691 323.999269
 751.000000 1.476316 323.999247
 752.000000 1.479129 323.999266
 753.000000 1.469879 323.999203
 754.000000 1.481265 323.999271
 755.000000 1.466315 323.999181
 756.000000 1.482053 323.999277
 757.000000 1.470725 323.999210
 758.000000 1.488375 323.999320
 759.000000 1.464611 323.999170
 760.000000 1.486552 323.999307
 761.000000 1.471740 323.999223
 762.000000 1.485366 323.999295
 763.000000 1.473421 323.999225
 764.000000 1.478247 323.999262
 765.000000 1.477636 323.999259
 766.000000 1.471257 323.999213
 767.000000 1.472988 323.999223
 768.000000 1.476961 323.999250
 769.000000 1.475201 323.999241
 770.000000 1.474177 323.999234
 771.000000 1.467929 323.999193
 772.000000 1.479588 323.999269
 773.000000 1.480605 323.999275
 774.000000 1.470472 323.999210
 775.000000 1.485142 323.999300
 776.000000 1.479069 323.999265
 777.000000 1.479177 323.999261
 778.000000 1.482057 323.999281
 779.000000 1.489034 323.999322
 780.000000 1.480857 323.999276
 781.000000 1.471174 323.999208
 782.000000 1.481783 323.999277
 783.000000 1.474342 323.999235
 784.000000 1.475383 323.999245
 785.000000 1.487876 323.999314
 786.000000 1.471923 323.999214
 787.000000 1.490470 323.999324
 788.000000 1.472995 323.999227
 789.000000 1.470034 323.999204
 790.000000 1.466824 323.999188
 791.000000 1.462680 323.999157
 792.000000 1.476740 323.999247
 793.000000 1.479694 323.999265
 794.000000 1.473344 323.999225
 795.000000 1.477144 323.999255
 796.000000 1.473205 323.999224
 797.000000 1.480874 323.999274
 798.000000 1.479608 323.999268
 799.000000 1.478298 323.999258
 800.000000 1.475801 323.999247
 801.000000 1.482593 323.999286
 802.000000 1.471604 323.999212
 803.000000 1.471762 323.999216
 804.000000 1.480506 323.999267
 805.000000 1.469456 323.999200
 806.000000 1.471249 323.999215
 807.000000 1.473618 323.999226
 808.000000 1.485238 323.999302
 809.000000 1.475801 323.999243
 810.000000 1.476305 323.999244
 811.000000 1.479437 323.999265
 812.000000 1.476861 323.999249
 813.000000 1.460380 323.999144
 814.000000 1.489952 323.999330
 815.000000 1.472895 323.999222
 816.000000 1.477450 323.999255
 817.000000 1.476386 323.999252
 818.000000 1.471611 323.999214
 819.000000 1.462919 323.999158
 820.000000 1.468713 323.999196
 821.000000 1.476287 323.999248
 822.000000 1.479659 323.999259
 823.000000 1.475968 323.999247
 824.000000 1.458763 323.999131
 825.000000 1.475040 323.999238
 826.000000 1.477364 323.999253
 827.000000 1.478427 323.999261
 828.000000 1.469625 323.999203
 829.000000 1.485277 323.999302
 830.000000 1.471721 323.999221
 831.000000 1.484014 323.999296
 832.000000 1.471411 323.999215
 833.000000 1.474634 323.999236
 834.000000 1.478510 323.999261
 835.000000 1.468465 323.999193
 836.000000 1.474082 323.999228
 837.000000 1.479056 323.999260
 838.000000 1.475930 323.999241
 839.000000 1.481990 323.999285
 840.000000 1.475822 323.999246
 841.000000 1.483874 323.999294
 842.000000 1.477576 323.999257
 843.000000 1.472061 323.999220
 844.000000 1.481329 323.999274
 845.000000 1.477996 323.999258
 846.000000 1.475021 323.999243
 847.000000 1.476746 323.999246
 848.000000 1.460698 323.999138
 849.000000 1.479651 323.999271
 850.000000 1.467110 323.999186
 851.000000 1.486595 323.999309
 852.000000 1.483127 323.999289
 853.000000 1.470695 323.999211
 854.000000 1.480959 323.999273
 855.000000 1.468619 323.999196
 856.000000 1.469322 323.999198
 857.000000 1.477641 323.999253
 858.000000 1.466429 323.999183
 859.000000 1.476166 323.999242
 860.000000 1.471678 323.999221
 861.000000 1.481539 323.999275
 862.000000 1.481399 323.999278
 863.000000 1.471472 323.999216
 864.000000 1.463166 323.999160
 865.000000 1.486298 323.999309
 866.000000 1.475347 323.999241
 867.000000 1.485381 323.999298
 868.000000 1.467290 323.999182
 869.000000 1.473023 323.999226
 870.000000 1.490964 323.999331
 871.000000 1.478611 323.999262
 872.000000 1.470308 323.999205
 873.000000 1.478571 323.999261
 874.000000 1.470424 323.999212
 875.000000 1.472610 323.999223
 876.000000 1.479749 323.999267
 877.000000 1.485197 323.999301
 878.000000 1.475685 323.999240
 879.000000 1.475748 323.999244
 880.000000 1.486108 323.999304
 881.000000 1.468799 323.999197
 882.000000 1.482098 323.999282
 883.000000 1.474550 323.999239
 884.000000 1.477223 323.999254
 885.000000 1.484546 323.999298
 886.000000 1.472185 323.999223
 887.000000 1.475319 323.999241
 888.000000 1.474894 323.999238
 889.000000 1.469744 323.999208
 890.000000 1.482497 323.999287
 891.000000 1.476938 323.999253
 892.000000 1.477551 323.999256
 893.000000 1.476891 323.999252
 894.000000 1.463642 323.999164
 895.000000 1.478440 323.999257
 896.000000 1.473683 323.999232
 897.000000 1.479876 323.999266
 898.000000 1.482589 323.999278
 899.000000 1.479571 323.999261
 900.000000 1.476630 323.999248
 901.000000 1.480058 323.999264
 902.000000 1.476857 323.999246
 903.000000 1.475455 323.999245
 904.000000 1.467926 323.999184
 905.000000 1.489788 323.999326
 906.000000 1.473901 323.999231
 907.000000 1.477133 323.999246
 908.000000 1.472482 323.999221
 909.000000 1.468521 323.999197
 910.000000 1.477422 323.999257
 911.000000 1.478785 323.999263
 912.000000 1.481564 323.999279
 913.000000 1.466814 323.999186
 914.000000 1.475263 323.999244
 915.000000 1.481909 323.999278
 916.000000 1.478680 323.999260
 917.000000 1.475626 323.999241
 918.000000 1.471787 323.999214
 919.000000 1.484708 323.999300
 920.000000 1.471584 323.999214
 921.000000 1.479427 323.999269
 922.000000 1.464958 323.999172
 923.000000 1.478192 323.999260
 924.000000 1.462968 323.999159
 925.000000 1.478104 323.999257
 926.000000 1.475005 323.999240
 927.000000 1.478245 323.999260
 928.000000 1.478951 323.999266
 929.000000 1.483368 323.999291
 930.000000 1.472746 323.999223
 931.000000 1.471831 323.999221
 932.000000 1.478269 323.999261
 933.000000 1.484874 323.999297
 934.000000 1.476078 323.999246
 935.000000 1.469372 323.999202
 936.000000 1.481711 323.999282
 937.000000 1.472030 323.999211
 938.000000 1.463058 323.999156
 939.000000 1.480776 323.999272
 940.000000 1.473456 323.999228
 941.000000 1.475433 323.999245
 942.000000 1.467516 323.999186
 943.000000 1.480373 323.999275
 944.000000 1.468529 323.999195
 945.000000 1.479961 323.999266
 946.000000 1.472379 323.999221
 947.000000 1.478773 323.999264
 948.000000 1.474928 323.999233
 949.000000 1.473603 323.999225
 950.000000 1.473585 323.999226
 951.000000 1.475015 323.999238
 952.000000 1.481276 323.999274
 953.000000 1.481590 323.999279
 954.000000 1.468815 323.999197
 955.000000 1.471576 323.999217
 956.000000 1.476020 323.999249
 957.000000 1.482398 323.999286
 958.000000 1.478815 323.999261
 959.000000 1.488133 323.999321
 960.000000 1.475404 323.999238
 961.000000 1.465706 323.999177
 962.000000 1.477607 323.999255
 963.000000 1.477734 323.999260
 964.000000 1.481969 323.999285
 965.000000 1.473215 323.999229
 966.000000 1.477472 323.999252
 967.000000 1.477505 323.999254
 968.000000 1.485722 323.999303
 969.000000 1.475784 323.999244
 970.000000 1.477263 323.999252
 971.000000 1.472786 323.999225
 972.000000 1.481423 323.999278
 973.000000 1.472064 323.999226
 974.000000 1.474404 323.999235
 975.000000 1.473144 323.999224
 976.000000 1.467931 323.999196
 977.000000 1.475787 323.999243
 978.000000 1.479125 323.999262
 979.000000 1.477780 323.999257
 980.000000 1.480301 323.999272
 981.000000 1.467892 323.999191
 982.000000 1.475168 323.999240
 983.000000 1.481259 323.999275
 984.000000 1.474531 323.999234
 985.000000 1.474111 323.999235
 986.000000 1.484336 323.999292
 987.000000 1.491558 323.999330
 988.000000 1.475333 323.999238
 989.000000 1.481748 323.999278
 990.000000 1.478541 323.999262
 991.000000 1.473310 323.999230
 992.000000 1.481473 323.999280
 993.000000 1.471522 323.999219
 994.000000 1.481802 323.999280
 995.000000 1.477096 323.999252
 996.000000 1.481241 323.999278
 997.000000 1.478430 323.999257
 998.000000 1.472584 323.999224
 999.000000 1.481997 323.999282
 1000.000000 1.487409 323.999313
