#! FIELDS time refcv.mean refcv.morethan
 0.000000 0.989153 323.909664
 1.000000 0.826050 322.426655
 2.000000 0.817913 322.270801
 3.000000 0.815196 321.826171
 4.000000 0.810875 321.636639
 5.000000 0.825515 321.804057
 6.000000 0.822926 321.859685
 7.000000 0.821214 322.291453
 8.000000 0.820556 320.653878
 9.000000 0.822160 322.343385
 10.000000 0.802361 320.345293
 11.000000 0.813946 320.912430
 12.000000 0.832693 322.215655
 13.000000 0.811875 321.961863
 14.000000 0.823315 321.251871
 15.000000 0.821169 322.263376
 16.000000 0.823895 322.091421
 17.000000 0.812884 322.056512
 18.000000 0.812360 320.909617
 19.000000 0.818819 321.813683
 20.000000 0.820398 322.115543
 21.000000 0.816366 320.345013
 22.000000 0.818501 321.310933
 23.000000 0.829207 322.249763
 24.000000 0.809081 321.315766
 25.000000 0.817972 321.571548
 26.000000 0.808727 321.152219
 27.000000 0.845537 322.804517
 28.000000 0.822075 322.150396
 29.000000 0.822744 322.123021
 30.000000 0.823422 322.436052
 31.000000 0.812807 319.868490
 32.000000 0.817294 321.786622
 33.000000 0.829161 322.364585
 34.000000 0.806137 320.354776
 35.000000 0.819686 321.557140
 36.000000 0.826510 322.359044
 37.000000 0.806368 321.730616
 38.000000 0.813754 321.941330
 39.000000 0.821890 321.278038
 40.000000 0.825225 322.381938
 41.000000 0.794936 321.034245
 42.000000 0.796207 319.217622
 43.000000 0.788044 317.143366
 44.000000 0.817210 321.171939
 45.000000 0.809396 319.447594
 46.000000 0.811905 321.484253
 47.000000 0.801154 318.247425
 48.000000 0.808339 319.360169
 49.000000 0.825123 321.981859
 50.000000 0.807231 320.402991
 51.000000 0.816352 321.750043
 52.000000 0.823218 322.353266
 53.000000 0.807766 320.696382
 54.000000 0.799447 319.907405
 55.000000 0.811982 321.757816
 56.000000 0.817335 321.098055
 57.000000 0.811989 321.294932
 58.000000 0.827402 322.273860
 59.000000 0.811671 320.900774
 60.000000 0.806170 320.385064
 61.000000 0.834607 322.648901
 62.000000 0.820058 321.528617
 63.000000 0.831277 322.363222
 64.000000 0.807728 320.923196
 65.000000 0.824833 321.875879
 66.000000 0.818790 321.455992
 67.000000 0.820265 321.977362
 68.000000 0.826360 322.279756
 69.000000 0.812325 321.251437
 70.000000 0.833724 322.471869
 71.000000 0.832804 321.882222
 72.000000 0.814269 319.435658
 73.000000 0.804464 321.077890
 74.000000 0.826764 321.508356
 75.000000 0.828785 322.750096
 76.000000 0.818100 320.539431
 77.000000 0.801906 319.835450
 78.000000 0.827287 322.088352
 79.000000 0.794644 319.010677
 80.000000 0.810247 320.716169
 81.000000 0.810310 321.501294
 82.000000 0.827902 322.239985
 83.000000 0.833971 322.263890
 84.000000 0.822802 322.037090
 85.000000 0.803730 321.125719
 86.000000 0.813067 320.997034
 87.000000 0.814245 321.151329
 88.000000 0.806109 321.307650
 89.000000 0.814804 322.196142
 90.000000 0.825742 321.821455
 91.000000 0.817684 321.825485
 92.000000 0.826037 322.500722
 93.000000 0.827894 322.612819
 94.000000 0.825993 322.379121
 95.000000 0.823896 321.563176
 96.000000 0.813887 320.444988
 97.000000 0.831214 322.555901
 98.000000 0.811476 321.762392
 99.000000 0.810835 321.895291
 100.000000 0.802560 321.555626
 101.000000 0.805817 321.308156
 102.000000 0.829907 322.156553
 103.000000 0.822625 321.910163
 104.000000 0.801924 320.688504
 105.000000 0.828323 322.580139
 106.000000 0.827713 322.110423
 107.000000 0.810930 321.670479
 108.000000 0.805520 321.410295
 109.000000 0.810109 320.495118
 110.000000 0.832131 322.178566
 111.000000 0.823357 322.254690
 112.000000 0.806044 318.894674
 113.000000 0.816721 322.112392
 114.000000 0.814537 322.063589
 115.000000 0.812200 322.203810
 116.000000 0.825043 322.595049
 117.000000 0.816370 321.253450
 118.000000 0.840423 322.627928
 119.000000 0.805380 320.572060
 120.000000 0.823984 322.303330
 121.000000 0.812734 321.277786
 122.000000 0.811336 321.138200
 123.000000 0.808149 320.500093
 124.000000 0.801077 318.847859
 125.000000 0.811038 321.740183
 126.000000 0.802015 320.722894
 127.000000 0.793096 319.750728
 128.000000 0.823874 322.213807
 129.000000 0.815650 321.590000
 130.000000 0.815260 322.314424
 131.000000 0.813407 320.987269
 132.000000 0.799694 321.291313
 133.000000 0.801974 320.131762
 134.000000 0.805783 320.648135
 135.000000 0.806044 321.540890
 136.000000 0.813161 321.854185
 137.000000 0.807202 321.071505
 138.000000 0.818787 322.204373
 139.000000 0.820624 322.239920
 140.000000 0.817605 321.987632
 141.000000 0.801559 321.194417
 142.000000 0.832396 321.578042
 143.000000 0.822253 321.993618
 144.000000 0.818208 322.159777
 145.000000 0.808120 321.417078
 146.000000 0.828611 322.317169
 147.000000 0.818633 322.133137
 148.000000 0.808878 320.861435
 149.000000 0.810944 321.701266
 150.000000 0.813102 321.170070
 151.000000 0.826997 322.177929
 152.000000 0.819053 321.981713
 153.000000 0.837158 322.603106
 154.000000 0.796450 319.812175
 155.000000 0.834963 321.956098
 156.000000 0.799887 319.892067
 157.000000 0.822162 321.620447
 158.000000 0.820975 322.264636
 159.000000 0.807086 321.493770
 160.000000 0.802918 321.198681
 161.000000 0.829343 322.334695
 162.000000 0.813776 321.309476
 163.000000 0.820095 321.756397
 164.000000 0.814969 321.741174
 165.000000 0.800443 320.103388
 166.000000 0.799220 320.725161
 167.000000 0.817656 321.859972
 168.000000 0.819786 321.448233
 169.000000 0.831648 321.748804
 170.000000 0.817301 321.234872
 171.000000 0.823871 322.224791
 172.000000 0.812410 321.287271
 173.000000 0.818715 321.607317
 174.000000 0.836588 322.637441
 175.000000 0.825568 322.424602
 176.000000 0.831554 321.500157
 177.000000 0.812259 320.933006
 178.000000 0.822569 322.258733
 179.000000 0.807436 321.593759
 180.000000 0.814270 321.313262
 181.000000 0.793835 320.915457
 182.000000 0.809429 320.281313
 183.000000 0.801944 318.501165
 184.000000 0.806379 320.558177
 185.000000 0.814722 321.860343
 186.000000 0.813607 321.732386
 187.000000 0.826672 322.165318
 188.000000 0.813811 321.797532
 189.000000 0.833341 322.683329
 190.000000 0.817791 322.396249
 191.000000 0.818944 320.912884
 192.000000 0.812693 321.912133
 193.000000 0.823880 322.172077
 194.000000 0.824237 321.662579
 195.000000 0.816364 321.176224
 196.000000 0.800643 321.780331
 197.000000 0.818518 321.502763
 198.000000 0.823680 322.187670
 199.000000 0.824583 322.029389
 200.000000 0.817758 321.624519
 201.000000 0.815083 321.107765
 202.000000 0.822194 322.090984
 203.000000 0.809572 320.811349
 204.000000 0.791456 318.696050
 205.000000 0.814511 320.793692
 206.000000 0.814068 320.377909
 207.000000 0.813227 321.195494
 208.000000 0.820348 321.952083
 209.000000 0.826331 322.604601
 210.000000 0.797161 319.446985
 211.000000 0.824831 322.007293
 212.000000 0.842543 322.492322
 213.000000 0.831059 322.633633
 214.000000 0.828776 321.980303
 215.000000 0.824045 321.645108
 216.000000 0.802292 321.375753
 217.000000 0.808512 321.495339
 218.000000 0.810935 320.792712
 219.000000 0.814896 321.633636
 220.000000 0.807613 319.360699
 221.000000 0.797195 316.565991
 222.000000 0.803736 321.106878
 223.000000 0.810350 321.768063
 224.000000 0.813047 321.926391
 225.000000 0.813010 321.117102
 226.000000 0.814702 321.771580
 227.000000 0.801122 320.387184
 228.000000 0.817627 321.629365
 229.000000 0.810904 321.685918
 230.000000 0.790793 319.178995
 231.000000 0.803557 320.319036
 232.000000 0.823485 322.069770
 233.000000 0.833404 322.540514
 234.000000 0.839348 322.566803
 235.000000 0.845853 322.982674
 236.000000 0.838477 322.633112
 237.000000 0.829210 322.223870
 238.000000 0.831264 322.190740
 239.000000 0.823503 320.859700
 240.000000 0.817748 321.686595
 241.000000 0.818809 320.991319
 242.000000 0.808340 320.265942
 243.000000 0.821709 321.949974
 244.000000 0.828820 321.744092
 245.000000 0.799011 319.571943
 246.000000 0.809311 321.589313
 247.000000 0.816432 321.490309
 248.000000 0.823964 321.365600
 249.000000 0.810944 321.522583
 250.000000 0.794506 320.056098
 251.000000 0.801969 321.472840
 252.000000 0.824617 321.290547
 253.000000 0.822619 321.772019
 254.000000 0.817563 321.256596
 255.000000 0.857660 323.098281
 256.000000 0.817473 321.829690
 257.000000 0.825439 321.928479
 258.000000 0.805797 321.078133
 259.000000 0.806404 321.298051
 260.000000 0.811979 321.671785
 261.000000 0.808725 320.847468
 262.000000 0.825065 321.205799
 263.000000 0.833689 322.442800
 264.000000 0.828053 322.242981
 265.000000 0.827401 322.444586
 266.000000 0.819998 321.898555
 267.000000 0.817503 321.001357
 268.000000 0.831804 322.091199
 269.000000 0.821527 322.313024
 270.000000 0.835768 322.607886
 271.000000 0.826281 322.439381
 272.000000 0.814609 321.426933
 273.000000 0.819717 320.484706
 274.000000 0.823175 322.667483
 275.000000 0.814706 322.286985
 276.000000 0.834665 322.744177
 277.000000 0.806030 320.421063
 278.000000 0.830169 322.591985
 279.000000 0.818154 322.102084
 280.000000 0.794820 319.748235
 281.000000 0.817143 321.602373
 282.000000 0.813960 321.073381
 283.000000 0.829183 322.423369
 284.000000 0.835326 322.822755
 285.000000 0.818331 322.162828
 286.000000 0.813851 322.157679
 287.000000 0.819683 321.973671
 288.000000 0.825517 321.678267
 289.000000 0.831166 321.908060
 290.000000 0.822710 321.285318
 291.000000 0.808829 319.698092
 292.000000 0.816838 322.348254
 293.000000 0.812077 320.970178
 294.000000 0.816528 320.644772
 295.000000 0.820758 321.516218
 296.000000 0.831785 322.497767
 297.000000 0.835021 321.890017
 298.000000 0.816155 320.329244
 299.000000 0.821698 322.164883
 300.000000 0.829133 322.161198
 301.000000 0.803015 320.957492
 302.000000 0.799804 321.437273
 303.000000 0.833801 322.146061
 304.000000 0.814933 321.471981
 305.000000 0.831922 321.501886
 306.000000 0.816918 321.687455
 307.000000 0.806341 319.951608
 308.000000 0.821636 321.852607
 309.000000 0.828069 322.321858
 310.000000 0.826624 322.424916
 311.000000 0.819829 322.033662
 312.000000 0.822522 320.556418
 313.000000 0.807448 319.328193
 314.000000 0.809942 321.915035
 315.000000 0.814394 321.167241
 316.000000 0.813704 321.885966
 317.000000 0.834164 322.660382
 318.000000 0.805576 321.670472
 319.000000 0.811053 319.949167
 320.000000 0.818294 321.909414
 321.000000 0.814854 321.595220
 322.000000 0.812392 321.271114
 323.000000 0.811025 321.074413
 324.000000 0.823565 322.515516
 325.000000 0.808818 321.356147
 326.000000 0.823233 321.443221
 327.000000 0.803361 320.827592
 328.000000 0.838545 322.415380
 329.000000 0.809285 321.663408
 330.000000 0.839741 322.344179
 331.000000 0.842123 321.809446
 332.000000 0.817624 321.674475
 333.000000 0.831624 322.701498
 334.000000 0.841948 323.008476
 335.000000 0.834670 322.637998
 336.000000 0.822154 322.352956
 337.000000 0.808623 321.295861
 338.000000 0.812979 321.691607
 339.000000 0.822813 321.174452
 340.000000 0.813071 320.613664
 341.000000 0.810989 321.538256
 342.000000 0.821553 321.673234
 343.000000 0.821464 321.912729
 344.000000 0.812691 321.614977
 345.000000 0.824413 322.561443
 346.000000 0.809646 321.682450
 347.000000 0.833996 322.427083
 348.000000 0.836229 322.464049
 349.000000 0.817195 322.243883
 350.000000 0.817614 321.420795
 351.000000 0.826098 322.126561
 352.000000 0.813772 321.786890
 353.000000 0.805989 320.924431
 354.000000 0.833578 322.076569
 355.000000 0.828030 322.329370
 356.000000 0.832640 322.558098
 357.000000 0.830988 322.428040
 358.000000 0.824437 322.282588
 359.000000 0.820352 321.917215
 360.000000 0.829379 321.803823
 361.000000 0.837963 322.739060
 362.000000 0.828950 321.623713
 363.000000 0.809111 321.484802
 364.000000 0.817276 321.339861
 365.000000 0.798109 321.010873
 366.000000 0.819259 322.591553
 367.000000 0.825359 322.371071
 368.000000 0.820157 322.176690
 369.000000 0.805374 320.551490
 370.000000 0.824814 322.013989
 371.000000 0.819815 321.994068
 372.000000 0.830670 322.683502
 373.000000 0.835430 321.892151
 374.000000 0.833734 322.848967
 375.000000 0.830654 322.170851
 376.000000 0.816968 321.567123
 377.000000 0.830690 321.901943
 378.000000 0.830394 322.499081
 379.000000 0.828757 322.418204
 380.000000 0.801093 319.686181
 381.000000 0.832194 322.646433
 382.000000 0.810254 321.259849
 383.000000 0.823936 321.327981
 384.000000 0.812115 321.595563
 385.000000 0.806813 320.487317
 386.000000 0.812894 321.712375
 387.000000 0.827373 322.572820
 388.000000 0.819265 322.003915
 389.000000 0.805590 321.428988
 390.000000 0.828163 322.285839
 391.000000 0.821894 320.381596
 392.000000 0.830136 322.032742
 393.000000 0.833701 322.321621
 394.000000 0.812379 321.321449
 395.000000 0.803694 321.204126
 396.000000 0.804399 320.391616
 397.000000 0.835207 322.472239
 398.000000 0.809931 320.863690
 399.000000 0.830638 321.868064
 400.000000 0.818026 321.656454
 401.000000 0.818539 321.817153
 402.000000 0.826375 322.288700
 403.000000 0.800746 320.528565
 404.000000 0.803847 321.150899
 405.000000 0.809236 321.148912
 406.000000 0.830479 322.250919
 407.000000 0.836084 321.799119
 408.000000 0.814922 321.072011
 409.000000 0.820688 322.095392
 410.000000 0.831083 322.715458
 411.000000 0.814173 321.745044
 412.000000 0.825080 322.185056
 413.000000 0.814566 321.242089
 414.000000 0.829035 322.522961
 415.000000 0.835908 321.785272
 416.000000 0.826503 321.832623
 417.000000 0.808026 320.884577
 418.000000 0.831445 322.697009
 419.000000 0.810861 320.942147
 420.000000 0.824099 322.010196
 421.000000 0.813220 321.468865
 422.000000 0.815164 322.084632
 423.000000 0.799576 321.013618
 424.000000 0.809931 321.699911
 425.000000 0.801034 318.709997
 426.000000 0.809959 321.742587
 427.000000 0.813501 322.001201
 428.000000 0.839745 322.496404
 429.000000 0.813767 321.310994
 430.000000 0.828572 322.170811
 431.000000 0.802718 320.703001
 432.000000 0.823152 322.256059
 433.000000 0.815706 322.170460
 434.000000 0.798045 320.535111
 435.000000 0.810887 321.732423
 436.000000 0.818979 322.020933
 437.000000 0.810966 320.937489
 438.000000 0.798577 319.969255
 439.000000 0.811542 318.932965
 440.000000 0.819176 321.177738
 441.000000 0.815920 320.775609
 442.000000 0.821760 321.100887
 443.000000 0.816703 321.451116
 444.000000 0.804884 317.988845
 445.000000 0.817730 321.664093
 446.000000 0.824863 321.416281
 447.000000 0.816286 321.681695
 448.000000 0.808619 320.594810
 449.000000 0.814615 321.089692
 450.000000 0.828485 322.228534
 451.000000 0.809066 321.796805
 452.000000 0.822953 321.956446
 453.000000 0.808073 320.434474
 454.000000 0.797060 320.360554
 455.000000 0.801113 321.348556
 456.000000 0.828074 322.534260
 457.000000 0.808386 320.644252
 458.000000 0.806122 321.183069
 459.000000 0.809095 321.811646
 460.000000 0.808149 320.975914
 461.000000 0.811333 320.903387
 462.000000 0.821555 321.499968
 463.000000 0.829994 321.795557
 464.000000 0.799520 321.376523
 465.000000 0.842658 322.944570
 466.000000 0.810285 321.635928
 467.000000 0.839441 322.411116
 468.000000 0.835029 322.644540
 469.000000 0.816925 322.044996
 470.000000 0.823301 322.050389
 471.000000 0.838361 322.734570
 472.000000 0.818294 322.250113
 473.000000 0.819509 321.666390
 474.000000 0.827494 322.695458
 475.000000 0.823676 321.669005
 476.000000 0.803064 320.153961
 477.000000 0.819434 321.852840
 478.000000 0.804066 317.745194
 479.000000 0.823419 322.230675
 480.000000 0.835733 321.695928
 481.000000 0.816443 321.873721
 482.000000 0.803914 320.581609
 483.000000 0.806849 320.671190
 484.000000 0.825929 322.041165
 485.000000 0.832925 322.626511
 486.000000 0.813026 321.181167
 487.000000 0.813990 321.409640
 488.000000 0.813919 321.764170
 489.000000 0.806192 319.950650
 490.000000 0.799369 319.679840
 491.000000 0.810397 321.681281
 492.000000 0.799814 321.371308
 493.000000 0.819144 321.902517
 494.000000 0.810770 321.790251
 495.000000 0.811171 321.511562
 496.000000 0.822100 322.192308
 497.000000 0.816972 321.653549
 498.000000 0.805815 320.986672
 499.000000 0.804667 320.116318
 500.000000 0.822694 321.561760
 501.000000 0.823055 322.236228
 502.000000 0.831311 322.415752
 503.000000 0.837542 322.584163
 504.000000 0.818022 322.413984
 505.000000 0.818482 320.984330
 506.000000 0.818804 321.601152
 507.000000 0.811791 321.979217
 508.000000 0.821152 322.435211
 509.000000 0.832453 322.343794
 510.000000 0.822421 322.048055
 511.000000 0.837076 322.120673
 512.000000 0.824079 322.043444
 513.000000 0.826482 321.827941
 514.000000 0.828127 321.979043
 515.000000 0.822317 321.248487
 516.000000 0.810407 321.499894
 517.000000 0.827593 321.358485
 518.000000 0.837444 322.938177
 519.000000 0.828721 322.067310
 520.000000 0.818245 321.674282
 521.000000 0.797891 320.116708
 522.000000 0.827707 321.292808
 523.000000 0.820268 322.055586
 524.000000 0.820884 321.229839
 525.000000 0.776278 319.725117
 526.000000 0.815570 321.793083
 527.000000 0.794692 319.137221
 528.000000 0.817450 322.027364
 529.000000 0.808128 320.118612
 530.000000 0.821423 322.238922
 531.000000 0.818159 321.877316
 532.000000 0.839494 322.818082
 533.000000 0.814533 322.058622
 534.000000 0.795120 316.995904
 535.000000 0.799466 320.025433
 536.000000 0.820304 321.373951
 537.000000 0.825340 322.509043
 538.000000 0.821428 322.028187
 539.000000 0.819905 322.061098
 540.000000 0.814549 321.572905
 541.000000 0.820940 320.120632
 542.000000 0.798904 320.859477
 543.000000 0.802272 319.214078
 544.000000 0.819719 321.766874
 545.000000 0.803293 321.296427
 546.000000 0.827795 322.386632
 547.000000 0.816477 322.041225
 548.000000 0.804688 320.417835
 549.000000 0.829823 322.680265
 550.000000 0.814344 320.849130
 551.000000 0.814807 322.004229
 552.000000 0.814902 321.293588
 553.000000 0.792687 319.395632
 554.000000 0.813028 321.805951
 555.000000 0.821515 321.881640
 556.000000 0.814960 321.428063
 557.000000 0.825513 321.396994
 558.000000 0.822576 322.100159
 559.000000 0.834562 321.832326
 560.000000 0.807838 321.272202
 561.000000 0.825801 321.241609
 562.000000 0.816708 321.885863
 563.000000 0.818477 321.706043
 564.000000 0.816343 322.106432
 565.000000 0.813097 321.874641
 566.000000 0.843310 322.670740
 567.000000 0.832289 322.192643
 568.000000 0.834399 322.361660
 569.000000 0.825808 322.171777
 570.000000 0.818687 321.801557
 571.000000 0.821040 321.681035
 572.000000 0.826561 321.832256
 573.000000 0.833553 322.483038
 574.000000 0.818586 321.406768
 575.000000 0.826934 322.458687
 576.000000 0.809513 320.586467
 577.000000 0.822215 321.856500
 578.000000 0.811178 320.996904
 579.000000 0.827370 322.084543
 580.000000 0.828295 321.261097
 581.000000 0.806062 320.424114
 582.000000 0.826557 322.388669
 583.000000 0.821327 321.887498
 584.000000 0.790445 319.590024
 585.000000 0.815257 321.822268
 586.000000 0.827689 322.234582
 587.000000 0.810178 318.236708
 588.000000 0.797245 319.393692
 589.000000 0.805746 319.687620
 590.000000 0.825759 322.612156
 591.000000 0.807794 321.472750
 592.000000 0.799228 319.124610
 593.000000 0.815292 322.021154
 594.000000 0.805642 321.418902
 595.000000 0.798633 320.841027
 596.000000 0.815951 322.181962
 597.000000 0.809021 321.079271
 598.000000 0.810650 321.586496
 599.000000 0.815085 321.782477
 600.000000 0.827317 321.918663
 601.000000 0.812043 321.699453
 602.000000 0.830706 321.772461
 603.000000 0.825736 322.172798
 604.000000 0.822422 322.149876
 605.000000 0.814331 320.604056
 606.000000 0.833650 322.724608
 607.000000 0.813994 321.734852
 608.000000 0.806663 319.825144
 609.000000 0.781515 317.715747
 610.000000 0.807522 320.979420
 611.000000 0.804794 320.985610
 612.000000 0.812658 321.600889
 613.000000 0.824486 321.665584
 614.000000 0.798950 321.093858
 615.000000 0.828266 322.045056
 616.000000 0.821369 321.276058
 617.000000 0.836104 322.639688
 618.000000 0.819226 322.184566
 619.000000 0.800894 320.032402
 620.000000 0.792672 320.585850
 621.000000 0.833489 322.652146
 622.000000 0.819588 322.056344
 623.000000 0.828909 322.581989
 624.000000 0.825053 322.403142
 625.000000 0.828883 322.259517
 626.000000 0.802308 319.636712
 627.000000 0.817482 322.315485
 628.000000 0.815968 321.974358
 629.000000 0.827865 322.268712
 630.000000 0.819577 321.929925
 631.000000 0.831112 322.439967
 632.000000 0.826000 321.166094
 633.000000 0.809407 321.800080
 634.000000 0.817647 321.572977
 635.000000 0.831183 322.604057
 636.000000 0.814707 321.539047
 637.000000 0.828242 322.586317
 638.000000 0.835551 322.705144
 639.000000 0.808930 321.230842
 640.000000 0.805994 321.165425
 641.000000 0.808030 321.424773
 642.000000 0.818985 321.624496
 643.000000 0.834036 322.886197
 644.000000 0.807627 321.537318
 645.000000 0.837469 321.805685
 646.000000 0.816531 322.120989
 647.000000 0.812786 321.113139
 648.000000 0.824930 321.540846
 649.000000 0.812030 321.502644
 650.000000 0.818647 321.297327
 651.000000 0.817814 321.891077
 652.000000 0.825755 322.312224
 653.000000 0.826792 321.426451
 654.000000 0.816440 321.170622
 655.000000 0.820355 322.206768
 656.000000 0.819118 321.974895
 657.000000 0.830163 322.195101
 658.000000 0.830694 322.176824
 659.000000 0.838138 322.336159
 660.000000 0.810968 321.850668
 661.000000 0.801203 321.248446
 662.000000 0.809339 321.879829
 663.000000 0.810688 321.667185
 664.000000 0.815354 321.828333
 665.000000 0.819104 322.440230
 666.000000 0.823598 321.859468
 667.000000 0.829116 321.740140
 668.000000 0.808536 320.933049
 669.000000 0.818941 321.678113
 670.000000 0.812375 321.307080
 671.000000 0.806543 321.105375
 672.000000 0.800001 320.954368
 673.000000 0.814937 321.930074
 674.000000 0.811721 321.236753
 675.000000 0.787909 320.515175
 676.000000 0.803331 320.936684
 677.000000 0.815091 321.323727
 678.000000 0.826523 322.116714
 679.000000 0.817515 321.777219
 680.000000 0.824124 321.624795
 681.000000 0.813657 321.640314
 682.000000 0.819924 322.202058
 683.000000 0.826439 322.586701
 684.000000 0.801560 320.976201
 685.000000 0.823940 321.412105
 686.000000 0.806758 319.263027
 687.000000 0.822485 322.030073
 688.000000 0.822833 321.798036
 689.000000 0.823826 322.434790
 690.000000 0.815721 321.989910
 691.000000 0.810979 319.152918
 692.000000 0.825723 321.709957
 693.000000 0.826148 321.604911
 694.000000 0.802169 319.647723
 695.000000 0.802956 319.498484
 696.000000 0.815409 321.013064
 697.000000 0.798582 319.222988
 698.000000 0.815192 321.812491
 699.000000 0.822307 321.474666
 700.000000 0.818172 322.233863
 701.000000 0.810399 321.949248
 702.000000 0.833198 321.499667
 703.000000 0.825494 322.219471
 704.000000 0.823488 322.464706
 705.000000 0.811911 321.081137
 706.000000 0.804814 321.013355
 707.000000 0.829700 322.304240
 708.000000 0.822174 321.465836
 709.000000 0.804082 320.554078
 710.000000 0.809457 320.791082
 711.000000 0.808221 321.673006
 712.000000 0.819332 322.302115
 713.000000 0.834399 322.858699
 714.000000 0.828416 322.496006
 715.000000 0.788216 320.251236
 716.000000 0.814693 321.395534
 717.000000 0.821501 322.269429
 718.000000 0.814198 321.795436
 719.000000 0.820186 322.425610
 720.000000 0.827640 322.588132
 721.000000 0.824309 322.487921
 722.000000 0.810939 320.755993
 723.000000 0.815272 321.778473
 724.000000 0.810255 321.255745
 725.000000 0.820167 321.567795
 726.000000 0.816373 322.003015
 727.000000 0.808987 321.242558
 728.000000 0.810085 321.543853
 729.000000 0.797193 320.008800
 730.000000 0.826367 322.374970
 731.000000 0.803446 320.389037
 732.000000 0.826107 322.238329
 733.000000 0.831881 321.165404
 734.000000 0.811086 320.832891
 735.000000 0.825855 322.461590
 736.000000 0.822671 322.446115
 737.000000 0.842801 322.122664
 738.000000 0.816258 322.310282
 739.000000 0.827061 322.294169
 740.000000 0.838312 322.596252
 741.000000 0.818823 321.716657
 742.000000 0.825508 322.096182
 743.000000 0.834595 322.710101
 744.000000 0.815753 321.898520
 745.000000 0.822889 322.059565
 746.000000 0.837534 322.007620
 747.000000 0.820685 320.541393
 748.000000 0.820836 322.253922
 749.000000 0.824346 322.232580
 750.000000 0.815092 322.314769
 751.000000 0.833260 322.369306
 752.000000 0.821780 322.248987
 753.000000 0.805188 319.848295
 754.000000 0.818206 321.254894
 755.000000 0.819491 321.482639
 756.000000 0.815402 320.344711
 757.000000 0.810370 321.711772
 758.000000 0.822494 322.069601
 759.000000 0.823113 321.866534
 760.000000 0.828138 322.596276
 761.000000 0.820843 322.033922
 762.000000 0.821803 321.008415
 763.000000 0.813838 321.179318
 764.000000 0.826321 322.310240
 765.000000 0.822131 321.977499
 766.000000 0.819102 320.881379
 767.000000 0.809692 320.647794
 768.000000 0.836714 322.364366
 769.000000 0.828493 322.425187
 770.000000 0.840325 322.087822
 771.000000 0.819690 321.566567
 772.000000 0.824726 322.515454
 773.000000 0.813965 322.120410
 774.000000 0.799178 319.654108
 775.000000 0.831424 322.557424
 776.000000 0.812519 321.617045
 777.000000 0.807614 320.872102
 778.000000 0.811354 319.578185
 779.000000 0.830615 322.696340
 780.000000 0.831203 322.458828
 781.000000 0.811851 321.517225
 782.000000 0.807793 321.926473
 783.000000 0.824806 322.181641
 784.000000 0.819700 322.437979
 785.000000 0.818474 322.051893
 786.000000 0.802414 319.837220
 787.000000 0.820015 320.980775
 788.000000 0.825621 322.396845
 789.000000 0.818833 322.090276
 790.000000 0.809225 321.934323
 791.000000 0.827888 322.359431
 792.000000 0.826243 322.452077
 793.000000 0.822671 321.768243
 794.000000 0.811123 321.683730
 795.000000 0.817029 321.629578
 796.000000 0.808389 317.888247
 797.000000 0.810793 321.337957
 798.000000 0.826309 322.004418
 799.000000 0.814953 321.507481
 800.000000 0.823168 321.847758
 801.000000 0.816470 321.618129
 802.000000 0.807071 320.290507
 803.000000 0.785034 318.242781
 804.000000 0.792045 319.368677
 805.000000 0.788603 318.721847
 806.000000 0.823751 322.092672
 807.000000 0.796486 319.999040
 808.000000 0.834503 322.713474
 809.000000 0.817624 321.224480
 810.000000 0.809412 321.089021
 811.000000 0.814337 321.673771
 812.000000 0.801960 321.423724
 813.000000 0.796624 321.094948
 814.000000 0.823068 322.218018
 815.000000 0.810153 321.180100
 816.000000 0.815480 320.973822
 817.000000 0.818656 322.293374
 818.000000 0.804865 321.487692
 819.000000 0.809335 320.821260
 820.000000 0.820180 320.876770
 821.000000 0.830270 322.757369
 822.000000 0.822299 321.371962
 823.000000 0.844663 322.216681
 824.000000 0.797531 320.318258
 825.000000 0.822928 322.250237
 826.000000 0.810567 320.085633
 827.000000 0.825209 322.373242
 828.000000 0.817320 321.778021
 829.000000 0.830510 322.600806
 830.000000 0.832541 322.412914
 831.000000 0.832139 322.370477
 832.000000 0.833265 322.247646
 833.000000 0.830126 322.371947
 834.000000 0.807594 321.013240
 835.000000 0.805523 320.624362
 836.000000 0.821549 321.856757
 837.000000 0.820292 322.262599
 838.000000 0.814687 322.209243
 839.000000 0.819058 322.486279
 840.000000 0.817408 321.050948
 841.000000 0.824125 322.047055
 842.000000 0.794317 320.932619
 843.000000 0.818081 320.693364
 844.000000 0.828821 322.230388
 845.000000 0.838855 322.779211
 846.000000 0.828661 322.649532
 847.000000 0.814745 322.161500
 848.000000 0.812669 321.588677
 849.000000 0.819180 321.890097
 850.000000 0.811589 321.930102
 851.000000 0.811498 321.718432
 852.000000 0.828712 322.238212
 853.000000 0.825838 322.336534
 854.000000 0.833737 322.494013
 855.000000 0.820496 322.240070
 856.000000 0.806378 321.139349
 857.000000 0.811106 321.406378
 858.000000 0.807455 321.800463
 859.000000 0.804043 321.436859
 860.000000 0.825026 322.321484
 861.000000 0.823588 321.369007
 862.000000 0.821857 321.698512
 863.000000 0.810799 321.731700
 864.000000 0.802936 321.297699
 865.000000 0.833148 322.524046
 866.000000 0.826957 322.493380
 867.000000 0.813383 321.771534
 868.000000 0.823284 321.819504
 869.000000 0.805926 320.293262
 870.000000 0.814312 322.158775
 871.000000 0.824568 322.467513
 872.000000 0.814402 320.241586
 873.000000 0.812364 321.184988
 874.000000 0.832635 322.837746
 875.000000 0.816185 321.763164
 876.000000 0.841867 322.580371
 877.000000 0.830115 321.880341
 878.000000 0.807773 321.475472
 879.000000 0.827058 322.357883
 880.000000 0.805185 319.864281
 881.000000 0.807752 319.983485
 882.000000 0.831086 321.632101
 883.000000 0.832177 321.643044
 884.000000 0.823539 322.158723
 885.000000 0.840974 322.864453
 886.000000 0.834530 322.234709
 887.000000 0.818182 321.956767
 888.000000 0.822683 322.009674
 889.000000 0.834711 322.281282
 890.000000 0.840726 322.742715
 891.000000 0.839687 322.868336
 892.000000 0.807789 320.797407
 893.000000 0.814734 320.975387
 894.000000 0.810184 320.748894
 895.000000 0.808607 320.871052
 896.000000 0.816014 321.757417
 897.000000 0.825721 321.316328
 898.000000 0.813718 321.292851
 899.000000 0.810164 321.981867
 900.000000 0.824325 321.893825
 901.000000 0.818658 321.294552
 902.000000 0.830525 320.991002
 903.000000 0.817694 322.015820
 904.000000 0.801518 319.993335
 905.000000 0.826492 322.324228
 906.000000 0.793719 320.219407
 907.000000 0.815009 320.333008
 908.000000 0.806316 317.645054
 909.000000 0.837143 322.824872
 910.000000 0.827844 322.537270
 911.000000 0.824244 321.902744
 912.000000 0.833265 322.186980
 913.000000 0.819821 320.516311
 914.000000 0.837433 322.708404
 915.000000 0.808695 319.909874
 916.000000 0.834898 322.564443
 917.000000 0.816470 321.780601
 918.000000 0.819508 322.035463
 919.000000 0.819070 321.762655
 920.000000 0.810974 321.314750
 921.000000 0.836658 322.950258
 922.000000 0.811085 320.557704
 923.000000 0.828473 322.080991
 924.000000 0.807705 321.190225
 925.000000 0.821294 321.881118
 926.000000 0.828458 322.601204
 927.000000 0.822570 321.109279
 928.000000 0.836450 322.495625
 929.000000 0.829694 322.418905
 930.000000 0.817556 322.037976
 931.000000 0.803979 320.865497
 932.000000 0.824349 322.538632
 933.000000 0.813831 321.363343
 934.000000 0.842177 322.241572
 935.000000 0.823950 322.295192
 936.000000 0.825823 321.788642
 937.000000 0.807601 320.877137
 938.000000 0.789585 319.942095
 939.000000 0.807620 320.465852
 940.000000 0.802007 320.919828
 941.000000 0.820408 321.673237
 942.000000 0.812052 320.467103
 943.000000 0.829811 322.487439
 944.000000 0.794522 320.344623
 945.000000 0.814128 320.701067
 946.000000 0.794099 320.216112
 947.000000 0.819838 322.041419
 948.000000 0.803659 319.147120
 949.000000 0.817990 321.403740
 950.000000 0.817041 321.434371
 951.000000 0.825938 322.507175
 952.000000 0.812907 321.428923
 953.000000 0.815862 321.275945
 954.000000 0.811543 321.258434
 955.000000 0.824213 322.104152
 956.000000 0.839596 322.561490
 957.000000 0.834838 322.758309
 958.000000 0.831698 322.647593
 959.000000 0.851250 323.012042
 960.000000 0.801476 321.281934
 961.000000 0.801392 320.698268
 962.000000 0.839007 322.662043
 963.000000 0.840957 323.014593
 964.000000 0.849040 323.016353
 965.000000 0.816230 321.678418
 966.000000 0.817946 320.997249
 967.000000 0.821408 321.808211
 968.000000 0.825372 321.958416
 969.000000 0.821816 321.611265
 970.000000 0.810386 321.876297
 971.000000 0.813429 320.095912
 972.000000 0.830130 322.319894
 973.000000 0.818225 321.719369
 974.000000 0.827501 322.153101
 975.000000 0.817708 320.889680
 976.000000 0.824072 322.164972
 977.000000 0.818186 321.778087
 978.000000 0.827883 322.154045
 979.000000 0.837935 322.703674
 980.000000 0.829695 322.539194
 981.000000 0.799214 320.261896
 982.000000 0.829105 322.540386
 983.000000 0.833834 321.849510
 984.000000 0.826107 321.491804
 985.000000 0.823530 321.929566
 986.000000 0.818942 321.621391
 987.000000 0.836937 322.768397
 988.000000 0.810252 320.850301
 989.000000 0.821192 322.097405
 990.000000 0.824472 322.321809
 991.000000 0.816028 322.174955
 992.000000 0.812040 321.970747
 993.000000 0.799456 320.523196
 994.000000 0.822464 321.996935
 995.000000 0.829465 321.926276
 996.000000 0.838567 322.465547
 997.000000 0.823246 322.595841
 998.000000 0.811375 321.527103
 999.000000 0.815082 321.915600
 1000.000000 0.834533 322.663517
