#! FIELDS time refcv.mean refcv.morethan
 0.000000 0.976199 323.893711
 1.000000 0.721691 308.114309
 2.000000 0.710280 305.152861
 3.000000 0.706591 304.238184
 4.000000 0.700805 301.152787
 5.000000 0.721367 307.553303
 6.000000 0.718173 305.682288
 7.000000 0.715263 305.597723
 8.000000 0.714899 304.152870
 9.000000 0.716012 305.799177
 10.000000 0.689012 297.445462
 11.000000 0.705907 302.909039
 12.000000 0.731256 308.767863
 13.000000 0.701759 304.065723
 14.000000 0.719267 303.631114
 15.000000 0.714632 306.012282
 16.000000 0.720350 303.881121
 17.000000 0.703495 302.440431
 18.000000 0.703237 300.361576
 19.000000 0.711399 305.666194
 20.000000 0.713258 305.100035
 21.000000 0.710765 298.591130
 22.000000 0.712168 303.196127
 23.000000 0.726373 309.057561
 24.000000 0.698946 299.044868
 25.000000 0.710823 302.805763
 26.000000 0.698067 298.939803
 27.000000 0.749913 313.929022
 28.000000 0.716213 307.171184
 29.000000 0.717346 306.590779
 30.000000 0.718071 308.240067
 31.000000 0.704770 296.791612
 32.000000 0.709574 301.823009
 33.000000 0.726014 310.300437
 34.000000 0.695108 296.137462
 35.000000 0.713355 301.859188
 36.000000 0.722721 305.815007
 37.000000 0.692907 300.100769
 38.000000 0.704746 302.681177
 39.000000 0.716745 304.318011
 40.000000 0.720887 309.242710
 41.000000 0.677608 293.191272
 42.000000 0.681648 290.286686
 43.000000 0.671009 284.439260
 44.000000 0.710641 299.790043
 45.000000 0.700138 296.308986
 46.000000 0.701726 299.735522
 47.000000 0.689024 292.028871
 48.000000 0.698261 299.324478
 49.000000 0.720940 308.165518
 50.000000 0.695904 297.020009
 51.000000 0.708669 302.594734
 52.000000 0.717281 306.131024
 53.000000 0.696678 298.597449
 54.000000 0.685339 290.956743
 55.000000 0.701130 302.612483
 56.000000 0.709905 301.766570
 57.000000 0.702929 299.135753
 58.000000 0.723482 306.445402
 59.000000 0.702306 298.097364
 60.000000 0.694903 294.033602
 61.000000 0.733643 311.255086
 62.000000 0.713773 303.560719
 63.000000 0.729619 308.953139
 64.000000 0.697066 297.654114
 65.000000 0.721210 304.613654
 66.000000 0.711991 306.490733
 67.000000 0.713148 305.648637
 68.000000 0.722173 309.473341
 69.000000 0.702545 301.948876
 70.000000 0.732907 311.367455
 71.000000 0.731810 309.379826
 72.000000 0.706661 299.112623
 73.000000 0.691602 297.668068
 74.000000 0.723138 307.423277
 75.000000 0.725674 311.388078
 76.000000 0.711118 303.483651
 77.000000 0.689601 295.156020
 78.000000 0.723581 306.032646
 79.000000 0.680318 290.221020
 80.000000 0.700036 296.955480
 81.000000 0.701273 298.207357
 82.000000 0.725523 307.584957
 83.000000 0.734764 308.037301
 84.000000 0.717509 305.076808
 85.000000 0.690631 298.494229
 86.000000 0.704064 300.473854
 87.000000 0.705813 301.848955
 88.000000 0.693729 298.233857
 89.000000 0.705144 305.043264
 90.000000 0.722354 303.518187
 91.000000 0.710501 304.862873
 92.000000 0.721573 307.647968
 93.000000 0.724115 308.803647
 94.000000 0.721344 308.823298
 95.000000 0.719903 302.833154
 96.000000 0.705975 300.064186
 97.000000 0.728394 311.627717
 98.000000 0.701425 301.267264
 99.000000 0.700318 302.564963
 100.000000 0.687939 296.726772
 101.000000 0.694064 293.366764
 102.000000 0.727711 308.226184
 103.000000 0.716911 303.408343
 104.000000 0.688927 295.478809
 105.000000 0.724639 309.354715
 106.000000 0.723753 308.368806
 107.000000 0.700259 301.356669
 108.000000 0.692457 301.339797
 109.000000 0.701495 295.972850
 110.000000 0.731248 308.784715
 111.000000 0.717744 306.641304
 112.000000 0.696563 293.791145
 113.000000 0.708470 304.260930
 114.000000 0.704762 304.558513
 115.000000 0.702500 304.434147
 116.000000 0.720465 310.483856
 117.000000 0.709238 300.923360
 118.000000 0.743052 309.319575
 119.000000 0.694081 297.254596
 120.000000 0.718948 308.885773
 121.000000 0.703576 302.884893
 122.000000 0.701242 298.421256
 123.000000 0.698526 296.526168
 124.000000 0.688693 291.110082
 125.000000 0.701185 301.350414
 126.000000 0.689144 293.695471
 127.000000 0.677515 287.398830
 128.000000 0.719113 306.916595
 129.000000 0.708103 300.593827
 130.000000 0.705388 306.566543
 131.000000 0.704671 298.219021
 132.000000 0.685076 299.631878
 133.000000 0.688864 294.287281
 134.000000 0.694308 297.304737
 135.000000 0.693572 298.410219
 136.000000 0.703323 300.874767
 137.000000 0.696187 300.806554
 138.000000 0.711212 304.582200
 139.000000 0.714022 305.971905
 140.000000 0.709805 303.720143
 141.000000 0.687107 297.034738
 142.000000 0.731932 308.888215
 143.000000 0.717658 302.751138
 144.000000 0.710473 305.750549
 145.000000 0.697484 296.078467
 146.000000 0.725777 308.331471
 147.000000 0.711998 304.428185
 148.000000 0.698134 299.155199
 149.000000 0.700968 300.581720
 150.000000 0.704604 302.217945
 151.000000 0.723681 304.276031
 152.000000 0.712508 303.324680
 153.000000 0.738589 311.040708
 154.000000 0.682282 291.334209
 155.000000 0.736211 306.142136
 156.000000 0.685725 291.455262
 157.000000 0.716853 304.349087
 158.000000 0.714821 306.078207
 159.000000 0.695414 299.155110
 160.000000 0.688983 298.963833
 161.000000 0.727050 306.223677
 162.000000 0.704939 305.424174
 163.000000 0.714530 304.236481
 164.000000 0.706174 303.866938
 165.000000 0.686262 294.789724
 166.000000 0.684587 294.265106
 167.000000 0.710254 303.313575
 168.000000 0.714428 302.860448
 169.000000 0.730505 307.734981
 170.000000 0.710165 301.847952
 171.000000 0.719290 307.262906
 172.000000 0.702381 301.631020
 173.000000 0.712617 302.000006
 174.000000 0.737010 310.787870
 175.000000 0.721856 307.390995
 176.000000 0.731175 306.317456
 177.000000 0.703460 300.214535
 178.000000 0.716736 305.847335
 179.000000 0.695502 296.892348
 180.000000 0.705949 302.460658
 181.000000 0.676381 296.200177
 182.000000 0.699789 293.751844
 183.000000 0.690336 291.920446
 184.000000 0.694382 298.602128
 185.000000 0.705839 303.633857
 186.000000 0.705311 300.958435
 187.000000 0.722629 305.731939
 188.000000 0.704792 302.112381
 189.000000 0.731812 311.310985
 190.000000 0.709729 306.910327
 191.000000 0.712794 302.019810
 192.000000 0.703103 301.717839
 193.000000 0.718760 307.367725
 194.000000 0.719370 304.773599
 195.000000 0.708799 303.458435
 196.000000 0.685338 299.885490
 197.000000 0.712181 302.243953
 198.000000 0.718292 307.514278
 199.000000 0.720780 305.284768
 200.000000 0.711331 299.365340
 201.000000 0.706691 303.793009
 202.000000 0.716662 304.053484
 203.000000 0.700172 295.671170
 204.000000 0.674689 288.956262
 205.000000 0.707813 298.327178
 206.000000 0.706556 297.066771
 207.000000 0.704270 300.390094
 208.000000 0.713950 304.741272
 209.000000 0.722716 310.609159
 210.000000 0.682644 293.296337
 211.000000 0.720616 305.512459
 212.000000 0.746536 311.347043
 213.000000 0.728610 310.580699
 214.000000 0.726146 308.349715
 215.000000 0.719897 305.564284
 216.000000 0.687668 300.693351
 217.000000 0.696436 302.002572
 218.000000 0.701309 297.063358
 219.000000 0.706885 303.994057
 220.000000 0.696653 298.215082
 221.000000 0.683910 286.879826
 222.000000 0.690334 297.631387
 223.000000 0.699408 301.551284
 224.000000 0.703250 301.617814
 225.000000 0.703158 298.159180
 226.000000 0.705956 301.281187
 227.000000 0.687767 289.881952
 228.000000 0.710611 301.219510
 229.000000 0.700713 300.875460
 230.000000 0.674488 286.552536
 231.000000 0.691574 291.585733
 232.000000 0.718937 304.463357
 233.000000 0.732151 309.822858
 234.000000 0.741960 308.554260
 235.000000 0.750428 314.644534
 236.000000 0.740016 310.929093
 237.000000 0.726727 308.363678
 238.000000 0.729279 308.118962
 239.000000 0.720236 304.287797
 240.000000 0.711443 301.616966
 241.000000 0.712780 301.810829
 242.000000 0.698484 294.441740
 243.000000 0.715540 306.298933
 244.000000 0.726465 306.837209
 245.000000 0.685741 288.773819
 246.000000 0.698772 299.162218
 247.000000 0.708702 302.023864
 248.000000 0.720425 304.022682
 249.000000 0.701811 300.551102
 250.000000 0.677986 291.065023
 251.000000 0.688303 298.264740
 252.000000 0.720788 308.825887
 253.000000 0.717198 304.719910
 254.000000 0.710623 304.618662
 255.000000 0.767778 316.307505
 256.000000 0.710382 302.671046
 257.000000 0.721949 302.867562
 258.000000 0.693180 301.581237
 259.000000 0.694705 299.295834
 260.000000 0.701971 300.544875
 261.000000 0.698156 298.434052
 262.000000 0.722196 300.295013
 263.000000 0.732476 310.191060
 264.000000 0.725633 306.928448
 265.000000 0.723751 308.860876
 266.000000 0.712919 306.550065
 267.000000 0.710016 303.639047
 268.000000 0.730515 307.867718
 269.000000 0.715826 308.373518
 270.000000 0.735660 310.849278
 271.000000 0.722337 307.001624
 272.000000 0.705941 301.435157
 273.000000 0.714077 302.898740
 274.000000 0.717248 310.407350
 275.000000 0.705478 306.315704
 276.000000 0.733805 311.325439
 277.000000 0.694010 296.579768
 278.000000 0.727540 311.850950
 279.000000 0.711300 302.586800
 280.000000 0.678991 292.798369
 281.000000 0.709221 305.046442
 282.000000 0.704863 301.909020
 283.000000 0.726477 307.760032
 284.000000 0.734547 312.403034
 285.000000 0.711821 303.977239
 286.000000 0.704438 303.989848
 287.000000 0.712530 306.948016
 288.000000 0.721928 303.854697
 289.000000 0.729795 306.953502
 290.000000 0.718014 306.193163
 291.000000 0.698547 297.845641
 292.000000 0.708801 305.476908
 293.000000 0.702348 301.325719
 294.000000 0.709507 304.460685
 295.000000 0.714412 303.283883
 296.000000 0.730284 308.926953
 297.000000 0.735368 309.329120
 298.000000 0.709153 299.678474
 299.000000 0.716204 305.195534
 300.000000 0.727241 305.378911
 301.000000 0.690201 295.045156
 302.000000 0.684834 297.745536
 303.000000 0.733606 308.614523
 304.000000 0.705926 301.620470
 305.000000 0.731695 305.501121
 306.000000 0.709206 302.899446
 307.000000 0.695405 292.839199
 308.000000 0.716566 305.602404
 309.000000 0.725019 306.927356
 310.000000 0.723603 307.564884
 311.000000 0.712838 303.348672
 312.000000 0.718096 303.213200
 313.000000 0.697090 298.741351
 314.000000 0.699194 303.828442
 315.000000 0.706256 301.367022
 316.000000 0.704337 301.631903
 317.000000 0.733456 310.615620
 318.000000 0.693223 301.044008
 319.000000 0.701568 301.908823
 320.000000 0.711636 301.375956
 321.000000 0.706501 300.460523
 322.000000 0.702921 302.672179
 323.000000 0.701603 297.177400
 324.000000 0.717471 307.740812
 325.000000 0.697740 300.460227
 326.000000 0.718010 302.256913
 327.000000 0.690310 294.549290
 328.000000 0.740417 310.163057
 329.000000 0.698358 300.597772
 330.000000 0.742039 311.353037
 331.000000 0.746892 308.036152
 332.000000 0.710369 303.317965
 333.000000 0.729282 310.798498
 334.000000 0.744031 315.443362
 335.000000 0.734146 310.306972
 336.000000 0.715880 306.646873
 337.000000 0.697002 297.985495
 338.000000 0.703488 302.412169
 339.000000 0.718786 303.343334
 340.000000 0.704194 302.530170
 341.000000 0.701641 298.216025
 342.000000 0.716644 305.386707
 343.000000 0.715497 303.103679
 344.000000 0.702884 301.248014
 345.000000 0.719009 309.130887
 346.000000 0.699433 299.095240
 347.000000 0.733619 310.788108
 348.000000 0.736997 309.468603
 349.000000 0.709366 306.540641
 350.000000 0.710702 301.749571
 351.000000 0.722701 304.552457
 352.000000 0.704334 302.165727
 353.000000 0.694711 296.433508
 354.000000 0.733336 308.143829
 355.000000 0.724871 305.784283
 356.000000 0.731260 309.301914
 357.000000 0.728473 308.950226
 358.000000 0.719764 305.454971
 359.000000 0.713152 305.871031
 360.000000 0.727962 309.724943
 361.000000 0.738867 312.736182
 362.000000 0.726080 308.527965
 363.000000 0.697440 298.236153
 364.000000 0.710971 300.357387
 365.000000 0.682671 292.027824
 366.000000 0.711073 309.968950
 367.000000 0.720679 307.115629
 368.000000 0.712818 307.573223
 369.000000 0.693444 299.673907
 370.000000 0.721049 303.868618
 371.000000 0.713013 302.890996
 372.000000 0.728508 310.711361
 373.000000 0.736408 307.670442
 374.000000 0.732240 312.704486
 375.000000 0.728802 306.725613
 376.000000 0.709621 300.451966
 377.000000 0.729530 305.804114
 378.000000 0.727898 309.705993
 379.000000 0.725629 308.357174
 380.000000 0.688538 293.633483
 381.000000 0.730418 310.099158
 382.000000 0.699946 299.288306
 383.000000 0.719344 305.743808
 384.000000 0.702654 303.097220
 385.000000 0.695518 293.848060
 386.000000 0.703809 303.185091
 387.000000 0.723662 309.211523
 388.000000 0.712444 303.670759
 389.000000 0.692489 299.508578
 390.000000 0.724801 308.657887
 391.000000 0.718223 303.016347
 392.000000 0.728464 306.022451
 393.000000 0.734029 305.856370
 394.000000 0.702840 301.652615
 395.000000 0.691164 297.120335
 396.000000 0.692718 298.905432
 397.000000 0.735675 309.666091
 398.000000 0.700430 299.179706
 399.000000 0.729536 306.091450
 400.000000 0.710782 305.631139
 401.000000 0.711467 302.598161
 402.000000 0.723621 306.793610
 403.000000 0.686861 294.895235
 404.000000 0.690915 295.240444
 405.000000 0.698683 299.814482
 406.000000 0.728638 309.922500
 407.000000 0.737441 308.098131
 408.000000 0.706411 303.262322
 409.000000 0.714621 305.047461
 410.000000 0.728454 311.741843
 411.000000 0.705551 301.803241
 412.000000 0.720575 305.717489
 413.000000 0.706435 301.238676
 414.000000 0.726214 308.270450
 415.000000 0.737193 308.140100
 416.000000 0.723026 307.517546
 417.000000 0.697225 295.552118
 418.000000 0.728907 310.556689
 419.000000 0.701821 297.229983
 420.000000 0.720069 304.153385
 421.000000 0.703945 301.076424
 422.000000 0.706459 304.840320
 423.000000 0.685416 293.493274
 424.000000 0.699406 301.704373
 425.000000 0.688832 292.800648
 426.000000 0.698834 300.737010
 427.000000 0.703468 301.271292
 428.000000 0.742262 312.024256
 429.000000 0.704774 301.123247
 430.000000 0.725636 308.694155
 431.000000 0.689741 293.314466
 432.000000 0.717117 307.560853
 433.000000 0.706483 305.095365
 434.000000 0.682838 292.141966
 435.000000 0.700816 300.363658
 436.000000 0.712452 304.031749
 437.000000 0.701558 296.645366
 438.000000 0.683894 293.424531
 439.000000 0.703532 298.888135
 440.000000 0.712957 302.941828
 441.000000 0.708047 300.940545
 442.000000 0.716651 301.721712
 443.000000 0.709541 301.676410
 444.000000 0.695773 294.207751
 445.000000 0.710530 301.346727
 446.000000 0.720444 307.031036
 447.000000 0.707569 302.116231
 448.000000 0.697834 296.192993
 449.000000 0.706395 299.647477
 450.000000 0.726162 307.749422
 451.000000 0.697694 301.993328
 452.000000 0.718033 305.217462
 453.000000 0.697635 295.612240
 454.000000 0.681958 293.912296
 455.000000 0.686167 296.446321
 456.000000 0.724422 308.129121
 457.000000 0.697925 295.849789
 458.000000 0.694508 296.438187
 459.000000 0.697715 299.469682
 460.000000 0.697623 299.757815
 461.000000 0.701518 298.059667
 462.000000 0.716242 303.647106
 463.000000 0.728117 308.257097
 464.000000 0.684494 294.889632
 465.000000 0.745532 313.930721
 466.000000 0.699923 298.071777
 467.000000 0.741172 310.969280
 468.000000 0.735273 309.685672
 469.000000 0.709239 303.646926
 470.000000 0.718418 307.350322
 471.000000 0.739600 312.743244
 472.000000 0.711079 304.077999
 473.000000 0.713121 301.934066
 474.000000 0.723238 310.683433
 475.000000 0.718874 306.573102
 476.000000 0.690195 294.669863
 477.000000 0.712755 303.565532
 478.000000 0.693383 292.029362
 479.000000 0.718004 304.592697
 480.000000 0.737484 304.147133
 481.000000 0.708695 303.425014
 482.000000 0.691443 293.620742
 483.000000 0.696331 297.307899
 484.000000 0.722405 305.381446
 485.000000 0.731897 310.303788
 486.000000 0.703521 302.687183
 487.000000 0.704872 300.252208
 488.000000 0.704915 301.576434
 489.000000 0.695562 295.357340
 490.000000 0.686489 293.661307
 491.000000 0.700129 300.958587
 492.000000 0.685313 296.393833
 493.000000 0.711787 305.528874
 494.000000 0.699455 304.029840
 495.000000 0.702115 297.898756
 496.000000 0.716781 306.028324
 497.000000 0.709349 306.174733
 498.000000 0.694338 295.811400
 499.000000 0.692554 294.819333
 500.000000 0.718079 304.406232
 501.000000 0.717311 307.150669
 502.000000 0.730041 308.211086
 503.000000 0.738363 311.386944
 504.000000 0.709856 308.552688
 505.000000 0.712961 300.579999
 506.000000 0.712062 303.299131
 507.000000 0.701261 303.443626
 508.000000 0.714528 307.169337
 509.000000 0.730615 311.239329
 510.000000 0.717387 304.837284
 511.000000 0.738164 309.010150
 512.000000 0.719527 305.662128
 513.000000 0.723837 303.993632
 514.000000 0.725883 304.445980
 515.000000 0.718241 305.269087
 516.000000 0.700227 299.783496
 517.000000 0.724964 306.042057
 518.000000 0.737960 314.113039
 519.000000 0.726527 307.188534
 520.000000 0.711908 301.802663
 521.000000 0.682640 294.078542
 522.000000 0.724134 308.027122
 523.000000 0.713457 306.431166
 524.000000 0.715881 300.517340
 525.000000 0.652378 280.829122
 526.000000 0.707288 302.322125
 527.000000 0.678477 289.003580
 528.000000 0.709993 303.806846
 529.000000 0.697462 298.089495
 530.000000 0.715140 306.586302
 531.000000 0.710764 306.428941
 532.000000 0.740549 313.910111
 533.000000 0.706233 303.993680
 534.000000 0.681926 282.023377
 535.000000 0.684781 295.272568
 536.000000 0.714425 301.807069
 537.000000 0.720289 308.295917
 538.000000 0.715543 307.210649
 539.000000 0.713552 304.416730
 540.000000 0.705770 301.192918
 541.000000 0.715501 304.580927
 542.000000 0.684792 294.948965
 543.000000 0.689065 293.284438
 544.000000 0.712668 305.154208
 545.000000 0.690763 295.393445
 546.000000 0.724831 308.962748
 547.000000 0.707826 304.764649
 548.000000 0.693375 298.163543
 549.000000 0.727084 309.955708
 550.000000 0.705472 302.204247
 551.000000 0.705505 304.269457
 552.000000 0.707150 299.728198
 553.000000 0.677262 287.455315
 554.000000 0.703661 303.138195
 555.000000 0.715926 303.948120
 556.000000 0.706468 300.397723
 557.000000 0.721585 305.902929
 558.000000 0.717321 303.962528
 559.000000 0.735603 305.916690
 560.000000 0.695868 298.752461
 561.000000 0.722620 305.811844
 562.000000 0.708979 303.032578
 563.000000 0.711635 302.563610
 564.000000 0.708446 302.874084
 565.000000 0.703326 303.316182
 566.000000 0.746880 311.987257
 567.000000 0.730995 310.228295
 568.000000 0.734442 309.713980
 569.000000 0.721308 308.469709
 570.000000 0.711750 300.840123
 571.000000 0.714949 304.554918
 572.000000 0.723770 304.685219
 573.000000 0.733577 308.407389
 574.000000 0.712250 303.329996
 575.000000 0.723327 307.721124
 576.000000 0.699188 299.978756
 577.000000 0.716755 306.991205
 578.000000 0.702130 298.839577
 579.000000 0.724262 307.749159
 580.000000 0.725472 308.401716
 581.000000 0.695155 294.958048
 582.000000 0.722151 308.273816
 583.000000 0.715325 304.327566
 584.000000 0.673041 288.937251
 585.000000 0.707160 301.627555
 586.000000 0.724658 305.668071
 587.000000 0.703073 293.325249
 588.000000 0.683037 291.992918
 589.000000 0.695116 296.473383
 590.000000 0.720557 310.090207
 591.000000 0.696745 297.831364
 592.000000 0.686423 286.387998
 593.000000 0.706694 303.718909
 594.000000 0.693470 298.784671
 595.000000 0.683886 290.259936
 596.000000 0.706970 304.719802
 597.000000 0.697571 301.727435
 598.000000 0.700912 299.140649
 599.000000 0.706414 303.817897
 600.000000 0.724636 306.280739
 601.000000 0.702892 304.077032
 602.000000 0.729261 307.568683
 603.000000 0.720842 307.064924
 604.000000 0.717162 305.959917
 605.000000 0.706900 298.405255
 606.000000 0.732112 310.921700
 607.000000 0.705036 301.167015
 608.000000 0.695710 298.349453
 609.000000 0.661472 278.213568
 610.000000 0.697131 297.179394
 611.000000 0.692653 295.975923
 612.000000 0.703242 300.508302
 613.000000 0.721406 303.402746
 614.000000 0.684357 295.124613
 615.000000 0.725380 307.496774
 616.000000 0.716336 303.179837
 617.000000 0.736512 311.373792
 618.000000 0.711808 306.219256
 619.000000 0.687961 294.713292
 620.000000 0.674749 291.656012
 621.000000 0.732741 310.079142
 622.000000 0.712680 304.593950
 623.000000 0.725787 309.146011
 624.000000 0.719881 307.452744
 625.000000 0.725659 308.481398
 626.000000 0.689492 297.597498
 627.000000 0.709289 306.464339
 628.000000 0.707521 304.912420
 629.000000 0.724604 306.080868
 630.000000 0.713461 302.525149
 631.000000 0.729288 308.283744
 632.000000 0.722959 304.113574
 633.000000 0.698282 299.722012
 634.000000 0.710823 301.676717
 635.000000 0.728992 308.960257
 636.000000 0.706267 300.411026
 637.000000 0.724972 309.128698
 638.000000 0.735151 311.304274
 639.000000 0.698314 300.430204
 640.000000 0.693963 299.856393
 641.000000 0.696756 299.753866
 642.000000 0.712627 303.270311
 643.000000 0.732163 313.477406
 644.000000 0.695903 299.433963
 645.000000 0.739439 307.204166
 646.000000 0.707572 303.144496
 647.000000 0.703059 303.532613
 648.000000 0.721877 303.950957
 649.000000 0.702328 301.250095
 650.000000 0.712059 306.208281
 651.000000 0.710897 303.605120
 652.000000 0.721648 307.313922
 653.000000 0.724458 304.403942
 654.000000 0.710512 297.300439
 655.000000 0.713981 306.965890
 656.000000 0.711862 305.253373
 657.000000 0.728555 307.504170
 658.000000 0.729117 307.993199
 659.000000 0.739698 310.495601
 660.000000 0.700358 302.822810
 661.000000 0.686851 297.354449
 662.000000 0.698020 299.209683
 663.000000 0.701152 298.679144
 664.000000 0.707031 301.525132
 665.000000 0.711463 308.149358
 666.000000 0.719519 303.153506
 667.000000 0.726996 305.613373
 668.000000 0.697757 297.505815
 669.000000 0.712432 302.918490
 670.000000 0.702842 303.048734
 671.000000 0.694852 296.753653
 672.000000 0.685129 296.228648
 673.000000 0.706117 305.792089
 674.000000 0.702417 299.306314
 675.000000 0.668605 289.108376
 676.000000 0.689867 296.130322
 677.000000 0.707861 299.352789
 678.000000 0.722689 305.786052
 679.000000 0.710187 302.913341
 680.000000 0.720614 304.768735
 681.000000 0.704779 299.945823
 682.000000 0.712662 303.984124
 683.000000 0.721741 309.756878
 684.000000 0.688341 295.599729
 685.000000 0.719846 305.448303
 686.000000 0.697832 293.357884
 687.000000 0.717781 303.498078
 688.000000 0.717646 303.137405
 689.000000 0.718653 309.194381
 690.000000 0.707319 302.329097
 691.000000 0.703403 292.057802
 692.000000 0.722494 307.301732
 693.000000 0.723371 305.186348
 694.000000 0.689412 293.521174
 695.000000 0.690391 291.310741
 696.000000 0.707237 301.917812
 697.000000 0.684875 291.416788
 698.000000 0.706787 303.323532
 699.000000 0.717125 302.346301
 700.000000 0.709601 308.522383
 701.000000 0.699810 300.731053
 702.000000 0.732308 308.405391
 703.000000 0.721346 305.517837
 704.000000 0.718050 307.288215
 705.000000 0.703063 297.453131
 706.000000 0.691603 294.094971
 707.000000 0.727492 307.574913
 708.000000 0.716604 305.613255
 709.000000 0.692298 293.016317
 710.000000 0.699621 296.924421
 711.000000 0.695950 300.986496
 712.000000 0.712466 306.139345
 713.000000 0.733215 313.340451
 714.000000 0.724772 308.563584
 715.000000 0.669331 290.127209
 716.000000 0.705806 302.092665
 717.000000 0.714911 305.541652
 718.000000 0.705619 301.717990
 719.000000 0.713327 307.938805
 720.000000 0.724197 310.176286
 721.000000 0.718435 309.255407
 722.000000 0.701657 302.983705
 723.000000 0.706221 302.913329
 724.000000 0.699684 300.958518
 725.000000 0.714138 302.930078
 726.000000 0.707971 303.665060
 727.000000 0.698405 297.296292
 728.000000 0.699208 301.589642
 729.000000 0.682511 294.039978
 730.000000 0.722482 307.878193
 731.000000 0.691131 293.303195
 732.000000 0.722296 307.166371
 733.000000 0.731366 308.798963
 734.000000 0.702539 297.802416
 735.000000 0.721063 308.339578
 736.000000 0.716279 307.769499
 737.000000 0.747115 311.166411
 738.000000 0.707345 307.102044
 739.000000 0.723490 306.239038
 740.000000 0.740432 312.010193
 741.000000 0.711823 304.820947
 742.000000 0.721707 304.786400
 743.000000 0.734185 311.199955
 744.000000 0.707080 302.313420
 745.000000 0.717708 304.697131
 746.000000 0.739618 308.335282
 747.000000 0.715360 303.957717
 748.000000 0.714054 307.637515
 749.000000 0.719713 306.798614
 750.000000 0.705679 305.012461
 751.000000 0.732853 306.876476
 752.000000 0.715900 306.114541
 753.000000 0.694575 293.067421
 754.000000 0.711642 299.665260
 755.000000 0.713234 305.063000
 756.000000 0.708566 299.384476
 757.000000 0.700367 299.288264
 758.000000 0.716488 305.086326
 759.000000 0.718460 304.932568
 760.000000 0.724081 309.678311
 761.000000 0.714295 304.455653
 762.000000 0.717821 302.112398
 763.000000 0.705500 300.477908
 764.000000 0.722704 307.638173
 765.000000 0.716254 306.472095
 766.000000 0.712440 303.176186
 767.000000 0.700169 297.500287
 768.000000 0.738206 308.786885
 769.000000 0.725757 308.629300
 770.000000 0.743044 314.675601
 771.000000 0.713893 303.923160
 772.000000 0.719439 309.319499
 773.000000 0.704643 303.106720
 774.000000 0.685408 292.396566
 775.000000 0.729285 309.678249
 776.000000 0.703307 299.797519
 777.000000 0.696100 298.256355
 778.000000 0.702467 298.853659
 779.000000 0.727565 310.861762
 780.000000 0.729213 309.266431
 781.000000 0.702219 300.281712
 782.000000 0.694656 303.705682
 783.000000 0.720539 308.183463
 784.000000 0.712177 307.921755
 785.000000 0.710721 304.921985
 786.000000 0.689341 295.714833
 787.000000 0.714126 299.844997
 788.000000 0.721018 309.134168
 789.000000 0.712495 304.482220
 790.000000 0.697779 301.091211
 791.000000 0.725114 306.458687
 792.000000 0.722533 308.533008
 793.000000 0.717874 303.614982
 794.000000 0.700417 300.632867
 795.000000 0.709844 300.390939
 796.000000 0.699233 292.804582
 797.000000 0.700192 303.711254
 798.000000 0.722614 305.960767
 799.000000 0.707148 299.803976
 800.000000 0.718549 305.316508
 801.000000 0.708741 300.814540
 802.000000 0.695577 296.924109
 803.000000 0.665712 285.441257
 804.000000 0.674850 286.217703
 805.000000 0.670873 284.858483
 806.000000 0.719011 304.685288
 807.000000 0.681315 290.185076
 808.000000 0.733491 311.631551
 809.000000 0.711113 301.863170
 810.000000 0.698964 296.158563
 811.000000 0.706087 299.830132
 812.000000 0.687764 297.289291
 813.000000 0.681521 293.425194
 814.000000 0.717223 307.564440
 815.000000 0.700322 297.198384
 816.000000 0.708051 300.984206
 817.000000 0.711021 306.161195
 818.000000 0.692485 298.711259
 819.000000 0.699258 300.795474
 820.000000 0.715070 298.929301
 821.000000 0.727459 311.386892
 822.000000 0.717158 305.277048
 823.000000 0.749112 310.450187
 824.000000 0.683084 291.888069
 825.000000 0.717165 305.811122
 826.000000 0.701468 299.845423
 827.000000 0.721182 307.080904
 828.000000 0.709754 301.280941
 829.000000 0.727321 309.910145
 830.000000 0.732025 306.901623
 831.000000 0.731134 309.869678
 832.000000 0.732333 310.789213
 833.000000 0.727914 309.314449
 834.000000 0.696646 294.185794
 835.000000 0.693869 293.803189
 836.000000 0.716041 305.461429
 837.000000 0.713322 305.591450
 838.000000 0.705043 305.560753
 839.000000 0.710993 308.398410
 840.000000 0.709709 305.033230
 841.000000 0.719326 305.043292
 842.000000 0.677424 293.522579
 843.000000 0.711530 303.277730
 844.000000 0.725993 308.594866
 845.000000 0.740388 311.051616
 846.000000 0.725990 309.715663
 847.000000 0.705436 303.756495
 848.000000 0.704765 298.240250
 849.000000 0.712271 302.222770
 850.000000 0.701421 301.781680
 851.000000 0.700896 301.960349
 852.000000 0.725771 308.301050
 853.000000 0.721654 305.993603
 854.000000 0.733331 308.611818
 855.000000 0.714044 306.358101
 856.000000 0.694523 298.232779
 857.000000 0.700270 301.712805
 858.000000 0.695119 300.463806
 859.000000 0.691122 294.956516
 860.000000 0.720713 308.138574
 861.000000 0.719155 305.184273
 862.000000 0.717006 304.689633
 863.000000 0.700537 301.243697
 864.000000 0.690294 296.835101
 865.000000 0.732144 309.202238
 866.000000 0.722874 309.242415
 867.000000 0.703367 303.461562
 868.000000 0.719095 303.874578
 869.000000 0.694405 295.054408
 870.000000 0.704253 306.149498
 871.000000 0.719801 307.528568
 872.000000 0.707274 298.979257
 873.000000 0.703662 297.841780
 874.000000 0.730640 312.606443
 875.000000 0.707875 303.611282
 876.000000 0.744904 313.083166
 877.000000 0.727700 308.189191
 878.000000 0.695811 299.463007
 879.000000 0.723434 308.565349
 880.000000 0.693465 290.465713
 881.000000 0.697542 293.416479
 882.000000 0.730092 307.494011
 883.000000 0.731197 309.054124
 884.000000 0.718552 306.623742
 885.000000 0.743207 312.395433
 886.000000 0.735606 307.743928
 887.000000 0.709894 306.504895
 888.000000 0.717437 306.028816
 889.000000 0.735639 306.401518
 890.000000 0.743017 311.892072
 891.000000 0.741482 312.671342
 892.000000 0.697232 295.444512
 893.000000 0.706333 303.389549
 894.000000 0.700435 298.230464
 895.000000 0.698115 297.805741
 896.000000 0.707734 304.089751
 897.000000 0.722280 306.168991
 898.000000 0.704525 303.145155
 899.000000 0.699176 300.302057
 900.000000 0.720139 307.666039
 901.000000 0.711433 303.698744
 902.000000 0.729865 304.687506
 903.000000 0.709983 302.623618
 904.000000 0.689232 295.765738
 905.000000 0.722942 307.404808
 906.000000 0.676916 288.646796
 907.000000 0.707760 299.901522
 908.000000 0.697103 293.970962
 909.000000 0.737494 313.302947
 910.000000 0.724023 310.854663
 911.000000 0.719255 308.955856
 912.000000 0.732205 308.131980
 913.000000 0.715438 300.368018
 914.000000 0.738744 310.764809
 915.000000 0.699029 293.784811
 916.000000 0.734599 311.226280
 917.000000 0.707762 304.593013
 918.000000 0.713033 301.862284
 919.000000 0.712179 302.306823
 920.000000 0.700515 300.324253
 921.000000 0.736176 314.214402
 922.000000 0.702116 301.279588
 923.000000 0.725364 307.841675
 924.000000 0.696696 298.771265
 925.000000 0.715620 302.677161
 926.000000 0.724944 309.832979
 927.000000 0.717746 302.280410
 928.000000 0.737107 308.558738
 929.000000 0.727035 307.585357
 930.000000 0.709761 304.421577
 931.000000 0.692210 293.750290
 932.000000 0.719145 308.414434
 933.000000 0.704861 301.319488
 934.000000 0.745085 311.560329
 935.000000 0.719059 305.796698
 936.000000 0.721276 307.698100
 937.000000 0.696280 299.893803
 938.000000 0.671490 290.350951
 939.000000 0.695994 298.584923
 940.000000 0.688234 295.703216
 941.000000 0.714341 303.132842
 942.000000 0.704007 294.818453
 943.000000 0.727147 308.986375
 944.000000 0.677856 292.075545
 945.000000 0.705547 299.941176
 946.000000 0.678438 291.572044
 947.000000 0.712757 304.020234
 948.000000 0.692670 291.593681
 949.000000 0.710967 304.366194
 950.000000 0.710400 299.916284
 951.000000 0.721480 308.657316
 952.000000 0.703596 301.010204
 953.000000 0.708775 298.621730
 954.000000 0.701442 302.443444
 955.000000 0.720527 304.833988
 956.000000 0.741622 309.507038
 957.000000 0.734376 311.034849
 958.000000 0.729712 311.568033
 959.000000 0.757883 314.277153
 960.000000 0.687519 295.933469
 961.000000 0.688199 295.122524
 962.000000 0.740633 312.322314
 963.000000 0.743087 315.153972
 964.000000 0.754491 316.066808
 965.000000 0.708357 304.462083
 966.000000 0.711770 300.783204
 967.000000 0.714543 308.319055
 968.000000 0.720743 309.784483
 969.000000 0.716376 303.897481
 970.000000 0.699694 300.882590
 971.000000 0.705725 297.252046
 972.000000 0.728253 307.793408
 973.000000 0.710838 302.162594
 974.000000 0.725008 305.805399
 975.000000 0.711265 300.178129
 976.000000 0.719086 306.505668
 977.000000 0.711040 301.975869
 978.000000 0.724763 307.825152
 979.000000 0.739167 311.507692
 980.000000 0.726489 311.323278
 981.000000 0.684429 296.000605
 982.000000 0.726331 309.116894
 983.000000 0.733503 308.906464
 984.000000 0.722747 305.436853
 985.000000 0.718895 306.548554
 986.000000 0.712652 303.251033
 987.000000 0.736979 312.879105
 988.000000 0.700677 298.790310
 989.000000 0.715355 303.901730
 990.000000 0.719578 307.553434
 991.000000 0.707857 304.404402
 992.000000 0.701905 301.949172
 993.000000 0.684712 295.356910
 994.000000 0.717284 304.582890
 995.000000 0.727546 307.018873
 996.000000 0.740552 311.104122
 997.000000 0.717298 309.560476
 998.000000 0.701243 300.199884
 999.000000 0.706064 305.341764
 1000.000000 0.734173 310.075839
