#! FIELDS time refcv.mean refcv.morethan
 0.000000 1.088094 323.971251
 1.000000 1.014425 323.926839
 2.000000 1.012015 323.925419
 3.000000 1.007459 323.919644
 4.000000 1.004973 323.917574
 5.000000 1.011717 323.923804
 6.000000 1.009340 323.921215
 7.000000 1.009427 323.921845
 8.000000 1.009989 323.918463
 9.000000 1.011265 323.924944
 10.000000 1.002574 323.912534
 11.000000 1.004606 323.914176
 12.000000 1.019662 323.931665
 13.000000 1.004819 323.917908
 14.000000 1.010164 323.919503
 15.000000 1.012656 323.925773
 16.000000 1.011275 323.922221
 17.000000 1.005356 323.918526
 18.000000 1.007804 323.917055
 19.000000 1.009144 323.921861
 20.000000 1.012233 323.925283
 21.000000 1.006840 323.914192
 22.000000 1.009065 323.918909
 23.000000 1.016662 323.928901
 24.000000 1.001788 323.911714
 25.000000 1.010270 323.922150
 26.000000 1.004777 323.915053
 27.000000 1.023564 323.935707
 28.000000 1.009802 323.922935
 29.000000 1.010677 323.923414
 30.000000 1.010849 323.924030
 31.000000 1.008038 323.913746
 32.000000 1.007733 323.919219
 33.000000 1.016044 323.928428
 34.000000 1.001448 323.909580
 35.000000 1.009329 323.919918
 36.000000 1.013434 323.926101
 37.000000 1.004460 323.917851
 38.000000 1.008631 323.920412
 39.000000 1.008960 323.919183
 40.000000 1.014484 323.926966
 41.000000 0.999275 323.910781
 42.000000 0.997003 323.902404
 43.000000 0.994446 323.896282
 44.000000 1.007470 323.916721
 45.000000 1.003690 323.909350
 46.000000 1.008743 323.919864
 47.000000 0.999041 323.900437
 48.000000 1.004559 323.912726
 49.000000 1.013205 323.925294
 50.000000 1.003286 323.910386
 51.000000 1.008814 323.920478
 52.000000 1.013347 323.926472
 53.000000 1.007557 323.917132
 54.000000 1.000136 323.908158
 55.000000 1.008490 323.921170
 56.000000 1.007804 323.917834
 57.000000 1.005350 323.915046
 58.000000 1.015117 323.927319
 59.000000 1.005666 323.914730
 60.000000 1.003109 323.910870
 61.000000 1.015245 323.928672
 62.000000 1.008772 323.919711
 63.000000 1.016096 323.928440
 64.000000 1.002173 323.912416
 65.000000 1.012406 323.924052
 66.000000 1.005974 323.915863
 67.000000 1.011938 323.924093
 68.000000 1.013904 323.926932
 69.000000 1.006740 323.918606
 70.000000 1.017947 323.930175
 71.000000 1.017934 323.928794
 72.000000 1.005681 323.910572
 73.000000 1.000880 323.911511
 74.000000 1.013378 323.922782
 75.000000 1.013855 323.928042
 76.000000 1.009292 323.917587
 77.000000 0.998955 323.905472
 78.000000 1.015681 323.927536
 79.000000 0.993643 323.897034
 80.000000 1.007509 323.917213
 81.000000 1.005464 323.916435
 82.000000 1.013728 323.925495
 83.000000 1.017401 323.928352
 84.000000 1.010796 323.922863
 85.000000 1.000205 323.910980
 86.000000 1.006778 323.915040
 87.000000 1.008378 323.918963
 88.000000 1.001855 323.912274
 89.000000 1.008792 323.922493
 90.000000 1.013824 323.924563
 91.000000 1.006370 323.918781
 92.000000 1.015437 323.928241
 93.000000 1.013411 323.926703
 94.000000 1.013860 323.927090
 95.000000 1.011945 323.922040
 96.000000 1.004718 323.912417
 97.000000 1.017264 323.930804
 98.000000 1.005174 323.916777
 99.000000 1.003763 323.917096
 100.000000 1.003315 323.915999
 101.000000 1.004415 323.914808
 102.000000 1.012666 323.924437
 103.000000 1.012717 323.924811
 104.000000 1.001011 323.911110
 105.000000 1.014894 323.928164
 106.000000 1.017553 323.929442
 107.000000 1.007201 323.918671
 108.000000 1.003292 323.914895
 109.000000 1.003770 323.911172
 110.000000 1.014904 323.926876
 111.000000 1.014195 323.926441
 112.000000 1.002228 323.886752
 113.000000 1.009095 323.921725
 114.000000 1.009416 323.922545
 115.000000 1.004330 323.917345
 116.000000 1.013814 323.927322
 117.000000 1.007632 323.917481
 118.000000 1.019893 323.931550
 119.000000 1.002632 323.912117
 120.000000 1.010667 323.923383
 121.000000 1.002821 323.912591
 122.000000 1.006685 323.917592
 123.000000 1.002159 323.900375
 124.000000 1.000502 323.902259
 125.000000 1.005864 323.917767
 126.000000 1.001477 323.911594
 127.000000 0.995426 323.902063
 128.000000 1.010839 323.922982
 129.000000 1.008792 323.918729
 130.000000 1.008307 323.922334
 131.000000 1.008537 323.918402
 132.000000 0.999093 323.910324
 133.000000 0.999257 323.905994
 134.000000 1.003129 323.911213
 135.000000 1.005056 323.917373
 136.000000 1.008394 323.920962
 137.000000 1.000809 323.908491
 138.000000 1.011945 323.924662
 139.000000 1.009231 323.922081
 140.000000 1.008815 323.921095
 141.000000 1.000100 323.911843
 142.000000 1.016214 323.913289
 143.000000 1.008454 323.919713
 144.000000 1.010464 323.923428
 145.000000 1.001281 323.912874
 146.000000 1.015770 323.928334
 147.000000 1.005294 323.918163
 148.000000 1.005310 323.915612
 149.000000 1.003843 323.916382
 150.000000 1.007476 323.917752
 151.000000 1.015370 323.926601
 152.000000 1.008523 323.920933
 153.000000 1.017478 323.929653
 154.000000 0.998786 323.895482
 155.000000 1.015360 323.925475
 156.000000 1.004057 323.911773
 157.000000 1.011951 323.923583
 158.000000 1.009004 323.921754
 159.000000 1.004992 323.916583
 160.000000 0.999860 323.912194
 161.000000 1.013785 323.925948
 162.000000 1.002552 323.914648
 163.000000 1.009644 323.920340
 164.000000 1.008344 323.920540
 165.000000 1.000946 323.910263
 166.000000 1.000931 323.910717
 167.000000 1.009577 323.921453
 168.000000 1.009413 323.919735
 169.000000 1.015898 323.926440
 170.000000 1.008412 323.918792
 171.000000 1.009447 323.922239
 172.000000 1.010142 323.921685
 173.000000 1.007119 323.916745
 174.000000 1.017359 323.929923
 175.000000 1.009854 323.922860
 176.000000 1.013875 323.922041
 177.000000 1.005670 323.916114
 178.000000 1.011395 323.924564
 179.000000 1.005945 323.917397
 180.000000 1.008238 323.919186
 181.000000 0.997947 323.908820
 182.000000 1.004778 323.912935
 183.000000 1.001517 323.898138
 184.000000 1.002808 323.911692
 185.000000 1.009817 323.921739
 186.000000 1.005532 323.916948
 187.000000 1.015805 323.927753
 188.000000 1.006087 323.917991
 189.000000 1.017998 323.931398
 190.000000 1.008804 323.922602
 191.000000 1.006791 323.916354
 192.000000 1.007047 323.918749
 193.000000 1.011904 323.924651
 194.000000 1.012220 323.923225
 195.000000 1.007657 323.917752
 196.000000 1.001481 323.915030
 197.000000 1.009256 323.919509
 198.000000 1.013184 323.926877
 199.000000 1.011886 323.923954
 200.000000 1.010197 323.920692
 201.000000 1.004872 323.914119
 202.000000 1.011393 323.923350
 203.000000 1.006313 323.916331
 204.000000 0.993750 323.898043
 205.000000 1.007010 323.914350
 206.000000 1.009630 323.916615
 207.000000 1.005334 323.914688
 208.000000 1.013211 323.925004
 209.000000 1.012022 323.926001
 210.000000 0.997513 323.904118
 211.000000 1.012621 323.924562
 212.000000 1.019459 323.930645
 213.000000 1.016597 323.930261
 214.000000 1.011713 323.923216
 215.000000 1.013201 323.924736
 216.000000 1.002565 323.914778
 217.000000 1.007965 323.920284
 218.000000 1.007107 323.916080
 219.000000 1.005886 323.917359
 220.000000 1.007071 323.912311
 221.000000 0.997589 323.889409
 222.000000 1.003643 323.915061
 223.000000 1.005862 323.918204
 224.000000 1.008019 323.920346
 225.000000 1.008509 323.919527
 226.000000 1.007753 323.919787
 227.000000 1.001423 323.910336
 228.000000 1.009681 323.920843
 229.000000 1.005665 323.917750
 230.000000 0.996060 323.902100
 231.000000 1.001590 323.909646
 232.000000 1.010748 323.922516
 233.000000 1.018201 323.930240
 234.000000 1.017632 323.928728
 235.000000 1.023876 323.936215
 236.000000 1.016211 323.928655
 237.000000 1.015486 323.927798
 238.000000 1.016775 323.928621
 239.000000 1.009350 323.915867
 240.000000 1.006444 323.916474
 241.000000 1.008703 323.918448
 242.000000 1.005191 323.912067
 243.000000 1.011106 323.923527
 244.000000 1.012210 323.922933
 245.000000 0.999128 323.904957
 246.000000 1.006523 323.918022
 247.000000 1.008398 323.919968
 248.000000 1.013822 323.924345
 249.000000 1.002682 323.913378
 250.000000 0.998370 323.907096
 251.000000 1.000856 323.913192
 252.000000 1.010550 323.917326
 253.000000 1.013189 323.923768
 254.000000 1.005820 323.916142
 255.000000 1.026978 323.938206
 256.000000 1.007210 323.918119
 257.000000 1.013113 323.924126
 258.000000 1.002094 323.911461
 259.000000 1.002094 323.913367
 260.000000 1.006936 323.918525
 261.000000 1.004069 323.913958
 262.000000 1.011449 323.920194
 263.000000 1.017308 323.929926
 264.000000 1.012733 323.924320
 265.000000 1.015235 323.927750
 266.000000 1.010063 323.923492
 267.000000 1.009589 323.920256
 268.000000 1.016321 323.927078
 269.000000 1.009132 323.922569
 270.000000 1.019985 323.932437
 271.000000 1.012889 323.925590
 272.000000 1.009084 323.920296
 273.000000 1.011612 323.918156
 274.000000 1.010976 323.925529
 275.000000 1.007376 323.921376
 276.000000 1.019521 323.932541
 277.000000 1.004418 323.914296
 278.000000 1.017146 323.930564
 279.000000 1.006610 323.918530
 280.000000 0.998161 323.905339
 281.000000 1.009124 323.921118
 282.000000 1.006372 323.916030
 283.000000 1.015041 323.927636
 284.000000 1.019563 323.933044
 285.000000 1.007691 323.920026
 286.000000 1.006001 323.919586
 287.000000 1.013280 323.925740
 288.000000 1.010561 323.921198
 289.000000 1.013576 323.924596
 290.000000 1.013400 323.922089
 291.000000 1.003382 323.909834
 292.000000 1.006503 323.920205
 293.000000 1.005242 323.915447
 294.000000 1.008057 323.912858
 295.000000 1.012037 323.923426
 296.000000 1.013084 323.926023
 297.000000 1.018418 323.928656
 298.000000 1.010097 323.917747
 299.000000 1.010501 323.922835
 300.000000 1.014121 323.924656
 301.000000 1.002929 323.912920
 302.000000 0.998902 323.910990
 303.000000 1.016615 323.928379
 304.000000 1.009070 323.919791
 305.000000 1.013693 323.923080
 306.000000 1.010147 323.921852
 307.000000 1.004358 323.912347
 308.000000 1.008490 323.919618
 309.000000 1.016505 323.928794
 310.000000 1.009298 323.920979
 311.000000 1.013559 323.925383
 312.000000 1.012242 323.919818
 313.000000 1.003542 323.910735
 314.000000 1.006568 323.920479
 315.000000 1.006989 323.916591
 316.000000 1.008658 323.921020
 317.000000 1.018426 323.930868
 318.000000 1.002988 323.914921
 319.000000 1.006456 323.913011
 320.000000 1.009647 323.920932
 321.000000 1.009174 323.921519
 322.000000 1.004903 323.914495
 323.000000 1.008966 323.918858
 324.000000 1.011915 323.925833
 325.000000 1.003273 323.914133
 326.000000 1.011935 323.922991
 327.000000 1.005587 323.915968
 328.000000 1.019660 323.931534
 329.000000 1.004467 323.916519
 330.000000 1.020884 323.931995
 331.000000 1.018166 323.927967
 332.000000 1.008170 323.919149
 333.000000 1.015314 323.928860
 334.000000 1.020200 323.933678
 335.000000 1.018577 323.931402
 336.000000 1.011158 323.924405
 337.000000 1.005858 323.916480
 338.000000 1.007789 323.919873
 339.000000 1.011914 323.921398
 340.000000 1.005331 323.915773
 341.000000 1.004382 323.915057
 342.000000 1.011461 323.923219
 343.000000 1.009846 323.922202
 344.000000 1.005971 323.918349
 345.000000 1.012369 323.926296
 346.000000 1.001891 323.913028
 347.000000 1.016860 323.929486
 348.000000 1.016843 323.929246
 349.000000 1.007227 323.920431
 350.000000 1.009494 323.919998
 351.000000 1.014093 323.925212
 352.000000 1.006830 323.919081
 353.000000 1.003842 323.913175
 354.000000 1.017331 323.928212
 355.000000 1.012768 323.925124
 356.000000 1.017587 323.930115
 357.000000 1.015517 323.928328
 358.000000 1.015138 323.927443
 359.000000 1.013084 323.925759
 360.000000 1.016100 323.925873
 361.000000 1.019598 323.932700
 362.000000 1.014001 323.923411
 363.000000 1.007408 323.919595
 364.000000 1.006925 323.915880
 365.000000 1.000485 323.910704
 366.000000 1.010753 323.925249
 367.000000 1.012638 323.925466
 368.000000 1.012239 323.925246
 369.000000 1.004800 323.913435
 370.000000 1.011735 323.922550
 371.000000 1.010173 323.922271
 372.000000 1.013701 323.927459
 373.000000 1.015534 323.925532
 374.000000 1.014776 323.928735
 375.000000 1.017811 323.929034
 376.000000 1.006390 323.916542
 377.000000 1.016008 323.926582
 378.000000 1.015202 323.927973
 379.000000 1.013229 323.926133
 380.000000 0.998699 323.903298
 381.000000 1.018476 323.931034
 382.000000 1.003016 323.912872
 383.000000 1.012320 323.922576
 384.000000 1.002464 323.914091
 385.000000 1.004031 323.912238
 386.000000 1.005237 323.916739
 387.000000 1.013366 323.926608
 388.000000 1.009884 323.922122
 389.000000 1.004573 323.916816
 390.000000 1.013115 323.925922
 391.000000 1.008703 323.916156
 392.000000 1.013727 323.924582
 393.000000 1.017099 323.928314
 394.000000 1.006259 323.917547
 395.000000 1.001394 323.911870
 396.000000 1.002101 323.911461
 397.000000 1.016790 323.929549
 398.000000 1.003080 323.912400
 399.000000 1.015114 323.924088
 400.000000 1.008435 323.920092
 401.000000 1.008004 323.919537
 402.000000 1.009859 323.922249
 403.000000 1.002402 323.910669
 404.000000 1.002562 323.913536
 405.000000 1.006433 323.916990
 406.000000 1.013172 323.925645
 407.000000 1.017567 323.927729
 408.000000 1.007712 323.917272
 409.000000 1.009788 323.922233
 410.000000 1.015884 323.929142
 411.000000 1.005390 323.916306
 412.000000 1.016344 323.928489
 413.000000 1.006458 323.917267
 414.000000 1.013307 323.926265
 415.000000 1.017724 323.927433
 416.000000 1.011305 323.922714
 417.000000 1.004653 323.913856
 418.000000 1.017327 323.930522
 419.000000 1.003767 323.912477
 420.000000 1.012842 323.923780
 421.000000 1.005192 323.916212
 422.000000 1.005772 323.918840
 423.000000 1.000632 323.911806
 424.000000 1.006467 323.918990
 425.000000 1.000059 323.898431
 426.000000 1.005988 323.918336
 427.000000 1.008608 323.921094
 428.000000 1.016835 323.928903
 429.000000 1.010658 323.921599
 430.000000 1.013937 323.925458
 431.000000 1.002431 323.912346
 432.000000 1.013259 323.926153
 433.000000 1.007377 323.920717
 434.000000 1.004072 323.914341
 435.000000 1.004970 323.917090
 436.000000 1.009662 323.921246
 437.000000 1.005589 323.914009
 438.000000 1.002968 323.911707
 439.000000 1.006203 323.908635
 440.000000 1.011957 323.920969
 441.000000 1.008921 323.918418
 442.000000 1.011458 323.919582
 443.000000 1.008596 323.919401
 444.000000 0.999161 323.889268
 445.000000 1.010930 323.922600
 446.000000 1.011523 323.922723
 447.000000 1.010503 323.921977
 448.000000 1.006312 323.913961
 449.000000 1.006606 323.916848
 450.000000 1.013253 323.925375
 451.000000 1.004968 323.918478
 452.000000 1.011013 323.922475
 453.000000 1.005450 323.914825
 454.000000 0.994900 323.903207
 455.000000 1.002366 323.913505
 456.000000 1.013914 323.926938
 457.000000 1.002907 323.911278
 458.000000 1.004117 323.914820
 459.000000 1.006106 323.918761
 460.000000 1.002396 323.912279
 461.000000 1.008177 323.918156
 462.000000 1.010684 323.921614
 463.000000 1.016808 323.926849
 464.000000 0.998111 323.909455
 465.000000 1.019191 323.932852
 466.000000 1.006620 323.917734
 467.000000 1.019347 323.931237
 468.000000 1.017705 323.930056
 469.000000 1.007858 323.920473
 470.000000 1.011506 323.923980
 471.000000 1.015306 323.928750
 472.000000 1.008378 323.921150
 473.000000 1.009601 323.920520
 474.000000 1.015634 323.929508
 475.000000 1.012601 323.923821
 476.000000 1.001314 323.908830
 477.000000 1.008801 323.921051
 478.000000 1.004971 323.892177
 479.000000 1.011934 323.924293
 480.000000 1.017689 323.926973
 481.000000 1.006528 323.919317
 482.000000 1.004946 323.914439
 483.000000 1.002798 323.912178
 484.000000 1.013272 323.924587
 485.000000 1.016240 323.928842
 486.000000 1.007692 323.918757
 487.000000 1.009428 323.921189
 488.000000 1.005278 323.917403
 489.000000 1.004350 323.912896
 490.000000 0.997049 323.902683
 491.000000 1.005206 323.917473
 492.000000 1.000417 323.911628
 493.000000 1.009203 323.920876
 494.000000 1.005537 323.917827
 495.000000 1.003840 323.915132
 496.000000 1.011528 323.923568
 497.000000 1.007665 323.919794
 498.000000 1.002160 323.912036
 499.000000 1.003009 323.911605
 500.000000 1.010756 323.921214
 501.000000 1.012604 323.925599
 502.000000 1.012401 323.924701
 503.000000 1.017598 323.929884
 504.000000 1.009630 323.924067
 505.000000 1.005732 323.914314
 506.000000 1.009521 323.920431
 507.000000 1.007075 323.919665
 508.000000 1.012525 323.926107
 509.000000 1.015014 323.928406
 510.000000 1.011371 323.923208
 511.000000 1.020319 323.931022
 512.000000 1.011569 323.924202
 513.000000 1.014074 323.924757
 514.000000 1.015265 323.926079
 515.000000 1.008693 323.918392
 516.000000 1.005221 323.916119
 517.000000 1.012252 323.920744
 518.000000 1.016304 323.930461
 519.000000 1.013396 323.925099
 520.000000 1.006540 323.917363
 521.000000 0.999219 323.908295
 522.000000 1.016381 323.926324
 523.000000 1.009975 323.922749
 524.000000 1.010695 323.919693
 525.000000 0.989482 323.897143
 526.000000 1.008978 323.920063
 527.000000 0.999949 323.906987
 528.000000 1.009616 323.921970
 529.000000 1.005068 323.913026
 530.000000 1.010875 323.923746
 531.000000 1.010736 323.923095
 532.000000 1.019129 323.931878
 533.000000 1.007947 323.920506
 534.000000 0.997765 323.891699
 535.000000 1.001766 323.911216
 536.000000 1.010235 323.920598
 537.000000 1.013963 323.927042
 538.000000 1.010844 323.923742
 539.000000 1.008476 323.920196
 540.000000 1.004977 323.916107
 541.000000 1.011489 323.917698
 542.000000 0.995690 323.904708
 543.000000 1.004279 323.908038
 544.000000 1.009911 323.922391
 545.000000 1.001103 323.912050
 546.000000 1.014768 323.927572
 547.000000 1.009562 323.922758
 548.000000 1.002373 323.909333
 549.000000 1.013051 323.927112
 550.000000 1.008748 323.918646
 551.000000 1.007371 323.920665
 552.000000 1.006794 323.917117
 553.000000 0.995486 323.901962
 554.000000 1.007772 323.920552
 555.000000 1.011241 323.923159
 556.000000 1.007548 323.918471
 557.000000 1.014153 323.924128
 558.000000 1.010402 323.922142
 559.000000 1.016538 323.925918
 560.000000 1.005494 323.917379
 561.000000 1.014006 323.922723
 562.000000 1.006144 323.918587
 563.000000 1.010105 323.921104
 564.000000 1.009453 323.921238
 565.000000 1.008679 323.921730
 566.000000 1.018965 323.930772
 567.000000 1.016125 323.928554
 568.000000 1.016910 323.929237
 569.000000 1.011247 323.924024
 570.000000 1.009758 323.920415
 571.000000 1.011070 323.922857
 572.000000 1.012719 323.923622
 573.000000 1.016520 323.928608
 574.000000 1.010707 323.922118
 575.000000 1.013799 323.926505
 576.000000 1.005793 323.915059
 577.000000 1.012076 323.924182
 578.000000 1.008902 323.919875
 579.000000 1.014620 323.926132
 580.000000 1.014881 323.926042
 581.000000 1.002374 323.910750
 582.000000 1.013621 323.926484
 583.000000 1.010841 323.922505
 584.000000 0.994615 323.902557
 585.000000 1.007767 323.919399
 586.000000 1.015754 323.928243
 587.000000 1.002401 323.902137
 588.000000 0.998349 323.903747
 589.000000 1.002424 323.907220
 590.000000 1.014571 323.928576
 591.000000 1.003925 323.915182
 592.000000 0.997734 323.900996
 593.000000 1.010084 323.922687
 594.000000 1.000806 323.912390
 595.000000 0.998197 323.906483
 596.000000 1.009893 323.922549
 597.000000 1.005698 323.917499
 598.000000 1.003551 323.914815
 599.000000 1.008801 323.921169
 600.000000 1.012666 323.923754
 601.000000 1.004559 323.916067
 602.000000 1.015471 323.926305
 603.000000 1.014392 323.927443
 604.000000 1.009305 323.922210
 605.000000 1.008442 323.915967
 606.000000 1.016409 323.929817
 607.000000 1.009278 323.921308
 608.000000 1.002297 323.906851
 609.000000 0.990284 323.891830
 610.000000 1.004661 323.913465
 611.000000 1.003336 323.914157
 612.000000 1.005090 323.916141
 613.000000 1.011908 323.922876
 614.000000 0.999458 323.910232
 615.000000 1.014872 323.926149
 616.000000 1.009510 323.919413
 617.000000 1.017882 323.930338
 618.000000 1.012031 323.924617
 619.000000 0.997016 323.904648
 620.000000 0.997948 323.907270
 621.000000 1.016516 323.928964
 622.000000 1.011875 323.924517
 623.000000 1.012828 323.926265
 624.000000 1.013841 323.927271
 625.000000 1.014185 323.926612
 626.000000 0.999284 323.907071
 627.000000 1.010073 323.923923
 628.000000 1.008923 323.921904
 629.000000 1.014509 323.927036
 630.000000 1.005583 323.917410
 631.000000 1.017502 323.929838
 632.000000 1.012129 323.920623
 633.000000 1.004730 323.916915
 634.000000 1.008606 323.920074
 635.000000 1.016565 323.929121
 636.000000 1.007753 323.918934
 637.000000 1.015282 323.928327
 638.000000 1.019558 323.932560
 639.000000 1.004501 323.915923
 640.000000 1.004016 323.914937
 641.000000 1.006560 323.918299
 642.000000 1.008193 323.919113
 643.000000 1.019102 323.932790
 644.000000 1.003620 323.915306
 645.000000 1.019053 323.928552
 646.000000 1.010998 323.923623
 647.000000 1.007488 323.919022
 648.000000 1.011522 323.921895
 649.000000 1.006094 323.917149
 650.000000 1.010461 323.920986
 651.000000 1.007064 323.918030
 652.000000 1.013628 323.926124
 653.000000 1.011718 323.921598
 654.000000 1.006291 323.915228
 655.000000 1.009935 323.923321
 656.000000 1.009896 323.922063
 657.000000 1.012799 323.924733
 658.000000 1.013756 323.925665
 659.000000 1.022019 323.933145
 660.000000 1.004431 323.917601
 661.000000 1.002039 323.913560
 662.000000 1.007858 323.919710
 663.000000 1.005534 323.916713
 664.000000 1.006767 323.918729
 665.000000 1.011751 323.925508
 666.000000 1.011066 323.922421
 667.000000 1.013057 323.924005
 668.000000 1.004537 323.914116
 669.000000 1.009916 323.921505
 670.000000 1.005864 323.917430
 671.000000 1.001952 323.912684
 672.000000 1.000627 323.912245
 673.000000 1.003631 323.916025
 674.000000 1.006766 323.916948
 675.000000 0.997479 323.907087
 676.000000 1.004466 323.915817
 677.000000 1.006166 323.916592
 678.000000 1.014826 323.926999
 679.000000 1.009929 323.921572
 680.000000 1.011549 323.920955
 681.000000 1.006955 323.918036
 682.000000 1.011824 323.924234
 683.000000 1.013988 323.927725
 684.000000 1.000716 323.912394
 685.000000 1.011511 323.922031
 686.000000 1.003984 323.907510
 687.000000 1.011433 323.923564
 688.000000 1.011826 323.923175
 689.000000 1.011323 323.924633
 690.000000 1.010249 323.922922
 691.000000 1.005773 323.909148
 692.000000 1.010070 323.920900
 693.000000 1.014311 323.924937
 694.000000 1.003181 323.907453
 695.000000 1.000883 323.907063
 696.000000 1.007596 323.917522
 697.000000 1.000818 323.907009
 698.000000 1.007211 323.919753
 699.000000 1.012048 323.921963
 700.000000 1.010288 323.923933
 701.000000 1.005004 323.917477
 702.000000 1.019096 323.929951
 703.000000 1.013626 323.925563
 704.000000 1.010765 323.924062
 705.000000 1.006466 323.915205
 706.000000 1.006930 323.917686
 707.000000 1.014930 323.926600
 708.000000 1.011291 323.922218
 709.000000 1.002732 323.911927
 710.000000 1.003918 323.912606
 711.000000 1.007004 323.920298
 712.000000 1.007258 323.920476
 713.000000 1.017130 323.930981
 714.000000 1.013950 323.926829
 715.000000 0.992414 323.901118
 716.000000 1.008488 323.920038
 717.000000 1.010948 323.924096
 718.000000 1.007346 323.919272
 719.000000 1.008076 323.921535
 720.000000 1.010417 323.923923
 721.000000 1.012382 323.926845
 722.000000 1.005849 323.915018
 723.000000 1.009096 323.921097
 724.000000 1.005477 323.916474
 725.000000 1.007728 323.918675
 726.000000 1.011397 323.923930
 727.000000 1.004656 323.914769
 728.000000 1.005331 323.917235
 729.000000 0.998298 323.905710
 730.000000 1.013901 323.925666
 731.000000 1.000661 323.909296
 732.000000 1.013219 323.925582
 733.000000 1.014861 323.923259
 734.000000 1.004198 323.913009
 735.000000 1.014357 323.927342
 736.000000 1.011284 323.924509
 737.000000 1.018955 323.929107
 738.000000 1.006845 323.921103
 739.000000 1.014207 323.926577
 740.000000 1.016818 323.929405
 741.000000 1.008368 323.919393
 742.000000 1.011942 323.923174
 743.000000 1.015389 323.928390
 744.000000 1.010189 323.922562
 745.000000 1.014164 323.926123
 746.000000 1.017730 323.927798
 747.000000 1.012650 323.919599
 748.000000 1.011983 323.925423
 749.000000 1.010815 323.923688
 750.000000 1.009242 323.923100
 751.000000 1.015437 323.926529
 752.000000 1.011764 323.924857
 753.000000 1.001916 323.908678
 754.000000 1.010907 323.920270
 755.000000 1.007332 323.918878
 756.000000 1.008972 323.915102
 757.000000 1.004348 323.915781
 758.000000 1.014785 323.926683
 759.000000 1.008504 323.919658
 760.000000 1.016502 323.929612
 761.000000 1.009726 323.922810
 762.000000 1.013103 323.920735
 763.000000 1.006762 323.917173
 764.000000 1.013675 323.926509
 765.000000 1.011577 323.924423
 766.000000 1.008471 323.917967
 767.000000 1.004626 323.912697
 768.000000 1.017380 323.928564
 769.000000 1.013104 323.925586
 770.000000 1.017822 323.926601
 771.000000 1.007461 323.918552
 772.000000 1.013797 323.927511
 773.000000 1.008737 323.921931
 774.000000 0.999580 323.906294
 775.000000 1.017178 323.930059
 776.000000 1.007191 323.918689
 777.000000 1.005633 323.915384
 778.000000 1.007523 323.913443
 779.000000 1.018579 323.931749
 780.000000 1.016607 323.929118
 781.000000 1.005980 323.916968
 782.000000 1.006885 323.919882
 783.000000 1.011812 323.924732
 784.000000 1.009886 323.924065
 785.000000 1.013286 323.925869
 786.000000 1.001615 323.908908
 787.000000 1.013439 323.921365
 788.000000 1.012056 323.925621
 789.000000 1.008202 323.920249
 790.000000 1.003232 323.916442
 791.000000 1.010032 323.922468
 792.000000 1.012424 323.925586
 793.000000 1.012246 323.923529
 794.000000 1.005901 323.917698
 795.000000 1.008945 323.920115
 796.000000 1.004450 323.903264
 797.000000 1.007468 323.919704
 798.000000 1.013541 323.925160
 799.000000 1.008966 323.920044
 800.000000 1.011177 323.922848
 801.000000 1.010097 323.921308
 802.000000 1.003339 323.910204
 803.000000 0.994140 323.898836
 804.000000 0.999356 323.905436
 805.000000 0.994881 323.899326
 806.000000 1.010882 323.922634
 807.000000 0.999533 323.906807
 808.000000 1.018433 323.931295
 809.000000 1.009431 323.919412
 810.000000 1.006018 323.915460
 811.000000 1.008665 323.919917
 812.000000 1.002918 323.915996
 813.000000 0.996210 323.907276
 814.000000 1.015325 323.928265
 815.000000 1.005154 323.913925
 816.000000 1.008520 323.919350
 817.000000 1.009424 323.923618
 818.000000 1.002785 323.913934
 819.000000 1.001818 323.912427
 820.000000 1.007492 323.915081
 821.000000 1.015129 323.929052
 822.000000 1.012266 323.921781
 823.000000 1.020075 323.930784
 824.000000 0.995472 323.904420
 825.000000 1.011539 323.924606
 826.000000 1.005948 323.912965
 827.000000 1.012401 323.925375
 828.000000 1.007364 323.918573
 829.000000 1.017895 323.930954
 830.000000 1.014151 323.926697
 831.000000 1.016681 323.929456
 832.000000 1.014340 323.926455
 833.000000 1.014011 323.926309
 834.000000 1.005702 323.916169
 835.000000 1.002562 323.911311
 836.000000 1.009890 323.920914
 837.000000 1.011026 323.923490
 838.000000 1.008331 323.921176
 839.000000 1.011493 323.925905
 840.000000 1.008780 323.920283
 841.000000 1.014189 323.925831
 842.000000 0.999390 323.911983
 843.000000 1.008199 323.917486
 844.000000 1.014843 323.927142
 845.000000 1.018790 323.931479
 846.000000 1.013039 323.926621
 847.000000 1.008292 323.920969
 848.000000 1.003153 323.912740
 849.000000 1.010589 323.922709
 850.000000 1.004242 323.917005
 851.000000 1.009450 323.921732
 852.000000 1.015977 323.927931
 853.000000 1.011174 323.924315
 854.000000 1.017189 323.929560
 855.000000 1.009038 323.921961
 856.000000 1.002406 323.912313
 857.000000 1.006706 323.918437
 858.000000 1.002722 323.915671
 859.000000 1.003476 323.914082
 860.000000 1.011008 323.924499
 861.000000 1.012882 323.922608
 862.000000 1.012023 323.923185
 863.000000 1.004899 323.916849
 864.000000 0.999655 323.910718
 865.000000 1.018054 323.930831
 866.000000 1.012698 323.926098
 867.000000 1.010126 323.922118
 868.000000 1.009045 323.919868
 869.000000 1.003406 323.912326
 870.000000 1.012014 323.925630
 871.000000 1.012635 323.925678
 872.000000 1.006689 323.913982
 873.000000 1.006898 323.916976
 874.000000 1.013860 323.928030
 875.000000 1.007172 323.919483
 876.000000 1.020062 323.932079
 877.000000 1.017091 323.928446
 878.000000 1.005482 323.917429
 879.000000 1.013124 323.925949
 880.000000 1.006192 323.913631
 881.000000 1.002818 323.909912
 882.000000 1.016040 323.926108
 883.000000 1.014773 323.923816
 884.000000 1.012130 323.924396
 885.000000 1.021541 323.934136
 886.000000 1.014430 323.925316
 887.000000 1.009187 323.922568
 888.000000 1.010759 323.922629
 889.000000 1.014448 323.925504
 890.000000 1.020299 323.932759
 891.000000 1.018774 323.932068
 892.000000 1.005075 323.913891
 893.000000 1.007949 323.918045
 894.000000 1.002301 323.912145
 895.000000 1.005759 323.915869
 896.000000 1.007805 323.920152
 897.000000 1.012963 323.922938
 898.000000 1.009524 323.920547
 899.000000 1.006807 323.919441
 900.000000 1.012101 323.924161
 901.000000 1.011285 323.920511
 902.000000 1.014532 323.921249
 903.000000 1.008894 323.921165
 904.000000 0.999375 323.906983
 905.000000 1.016163 323.928311
 906.000000 0.998300 323.907022
 907.000000 1.008357 323.912563
 908.000000 1.002484 323.899371
 909.000000 1.015543 323.929540
 910.000000 1.013499 323.927538
 911.000000 1.012615 323.925254
 912.000000 1.017417 323.928964
 913.000000 1.006762 323.914637
 914.000000 1.017503 323.930183
 915.000000 1.006307 323.913366
 916.000000 1.016947 323.929536
 917.000000 1.009399 323.921155
 918.000000 1.008799 323.920297
 919.000000 1.011997 323.924056
 920.000000 1.005148 323.916124
 921.000000 1.018741 323.932539
 922.000000 1.003309 323.911234
 923.000000 1.014057 323.925847
 924.000000 1.001657 323.911864
 925.000000 1.011266 323.923117
 926.000000 1.013038 323.926973
 927.000000 1.012049 323.922156
 928.000000 1.017675 323.929828
 929.000000 1.016687 323.929023
 930.000000 1.008496 323.921573
 931.000000 1.002064 323.911345
 932.000000 1.012686 323.926590
 933.000000 1.010038 323.921598
 934.000000 1.019959 323.931801
 935.000000 1.010270 323.923105
 936.000000 1.014502 323.926570
 937.000000 1.003272 323.911882
 938.000000 0.993637 323.900575
 939.000000 1.005926 323.914484
 940.000000 1.002318 323.912536
 941.000000 1.010204 323.921789
 942.000000 1.004133 323.911265
 943.000000 1.015760 323.928799
 944.000000 0.997556 323.907293
 945.000000 1.008765 323.916928
 946.000000 0.997712 323.906322
 947.000000 1.011549 323.924059
 948.000000 1.002662 323.905506
 949.000000 1.008453 323.919490
 950.000000 1.007596 323.917270
 951.000000 1.012168 323.925676
 952.000000 1.008670 323.920239
 953.000000 1.009393 323.918585
 954.000000 1.004729 323.916656
 955.000000 1.010167 323.921424
 956.000000 1.018399 323.930626
 957.000000 1.018409 323.931599
 958.000000 1.015679 323.928954
 959.000000 1.026705 323.938351
 960.000000 1.001928 323.913203
 961.000000 0.998772 323.908289
 962.000000 1.018423 323.930971
 963.000000 1.019689 323.933783
 964.000000 1.024134 323.936801
 965.000000 1.007617 323.919618
 966.000000 1.008855 323.918072
 967.000000 1.011129 323.923819
 968.000000 1.014687 323.927093
 969.000000 1.011013 323.922925
 970.000000 1.006471 323.919046
 971.000000 1.006139 323.912901
 972.000000 1.015562 323.927967
 973.000000 1.008841 323.920890
 974.000000 1.012934 323.924699
 975.000000 1.008668 323.918141
 976.000000 1.009432 323.922341
 977.000000 1.009441 323.920736
 978.000000 1.014109 323.926391
 979.000000 1.017300 323.930485
 980.000000 1.015175 323.928362
 981.000000 0.999043 323.907418
 982.000000 1.013788 323.927085
 983.000000 1.017070 323.927639
 984.000000 1.012115 323.922431
 985.000000 1.010789 323.922555
 986.000000 1.011563 323.922247
 987.000000 1.021375 323.933725
 988.000000 1.005602 323.914875
 989.000000 1.012160 323.923523
 990.000000 1.012749 323.925676
 991.000000 1.007631 323.921035
 992.000000 1.008696 323.921565
 993.000000 0.999606 323.909881
 994.000000 1.012296 323.924135
 995.000000 1.014615 323.925708
 996.000000 1.019200 323.931080
 997.000000 1.011820 323.926088
 998.000000 1.005903 323.917412
 999.000000 1.009682 323.922079
 1000.000000 1.019467 323.931274
