#! FIELDS refcv hh dhh_refcv
#! SET normalisation  1000.000000
#! SET min_refcv -0.5
#! SET max_refcv 2
#! SET nbins_refcv  1000
#! SET periodic_refcv false
 -0.500000 0.000000 0.000000
 -0.497500 0.000000 0.000000
 -0.495000 0.000000 0.000000
 -0.492500 0.000000 0.000000
 -0.490000 0.000000 0.000000
 -0.487500 0.000000 0.000000
 -0.485000 0.000000 0.000000
 -0.482500 0.000000 0.000000
 -0.480000 0.000000 0.000000
 -0.477500 0.000000 0.000000
 -0.475000 0.000000 0.000000
 -0.472500 0.000000 0.000000
 -0.470000 0.000000 0.000000
 -0.467500 0.000000 0.000000
 -0.465000 0.000000 0.000000
 -0.462500 0.000000 0.000000
 -0.460000 0.000000 0.000000
 -0.457500 0.000000 0.000000
 -0.455000 0.000000 0.000000
 -0.452500 0.000000 0.000000
 -0.450000 0.000000 0.000000
 -0.447500 0.000000 0.000000
 -0.445000 0.000000 0.000000
 -0.442500 0.000000 0.000000
 -0.440000 0.000000 0.000000
 -0.437500 0.000000 0.000000
 -0.435000 0.000000 0.000000
 -0.432500 0.000000 0.000000
 -0.430000 0.000000 0.000000
 -0.427500 0.000000 0.000000
 -0.425000 0.000000 0.000000
 -0.422500 0.000000 0.000000
 -0.420000 0.000000 0.000000
 -0.417500 0.000000 0.000000
 -0.415000 0.000000 0.000000
 -0.412500 0.000000 0.000000
 -0.410000 0.000000 0.000000
 -0.407500 0.000000 0.000000
 -0.405000 0.000000 0.000000
 -0.402500 0.000000 0.000000
 -0.400000 0.000000 0.000000
 -0.397500 0.000000 0.000000
 -0.395000 0.000000 0.000000
 -0.392500 0.000000 0.000000
 -0.390000 0.000000 0.000000
 -0.387500 0.000000 0.000000
 -0.385000 0.000000 0.000000
 -0.382500 0.000000 0.000000
 -0.380000 0.000000 0.000000
 -0.377500 0.000000 0.000000
 -0.375000 0.000000 0.000000
 -0.372500 0.000000 0.000000
 -0.370000 0.000000 0.000000
 -0.367500 0.000000 0.000000
 -0.365000 0.000000 0.000000
 -0.362500 0.000000 0.000000
 -0.360000 0.000000 0.000000
 -0.357500 0.000000 0.000000
 -0.355000 0.000000 0.000000
 -0.352500 0.000000 0.000000
 -0.350000 0.000000 0.000000
 -0.347500 0.000000 0.000000
 -0.345000 0.000000 0.000000
 -0.342500 0.000000 0.000000
 -0.340000 0.000000 0.000000
 -0.337500 0.000000 0.000000
 -0.335000 0.000000 0.000000
 -0.332500 0.000000 0.000000
 -0.330000 0.000000 0.000000
 -0.327500 0.000000 0.000000
 -0.325000 0.000000 0.000000
 -0.322500 0.000000 0.000000
 -0.320000 0.000000 0.000000
 -0.317500 0.000000 0.000000
 -0.315000 0.000000 0.000000
 -0.312500 0.000000 0.000000
 -0.310000 0.000000 0.000000
 -0.307500 0.000000 0.000000
 -0.305000 0.000000 0.000000
 -0.302500 0.000000 0.000000
 -0.300000 0.000000 0.000000
 -0.297500 0.000000 0.000000
 -0.295000 0.000000 0.000000
 -0.292500 0.000000 0.000000
 -0.290000 0.000000 0.000000
 -0.287500 0.000000 0.000000
 -0.285000 0.000000 0.000000
 -0.282500 0.000000 0.000000
 -0.280000 0.000000 0.000000
 -0.277500 0.000000 0.000000
 -0.275000 0.000000 0.000000
 -0.272500 0.000000 0.000000
 -0.270000 0.000000 0.000000
 -0.267500 0.000000 0.000000
 -0.265000 0.000000 0.000000
 -0.262500 0.000000 0.000000
 -0.260000 0.000000 0.000000
 -0.257500 0.000000 0.000000
 -0.255000 0.000000 0.000000
 -0.252500 0.000000 0.000000
 -0.250000 0.000000 0.000000
 -0.247500 0.000000 0.000000
 -0.245000 0.000000 0.000000
 -0.242500 0.000000 0.000000
 -0.240000 0.000000 0.000000
 -0.237500 0.000000 0.000000
 -0.235000 0.000000 0.000000
 -0.232500 0.000000 0.000000
 -0.230000 0.000000 0.000000
 -0.227500 0.000000 0.000000
 -0.225000 0.000000 0.000000
 -0.222500 0.000000 0.000000
 -0.220000 0.000000 0.000000
 -0.217500 0.000000 0.000000
 -0.215000 0.000000 0.000000
 -0.212500 0.000000 0.000000
 -0.210000 0.000000 0.000000
 -0.207500 0.000000 0.000000
 -0.205000 0.000000 0.000000
 -0.202500 0.000000 0.000000
 -0.200000 0.000000 0.000000
 -0.197500 0.000000 0.000000
 -0.195000 0.000000 0.000000
 -0.192500 0.000000 0.000000
 -0.190000 0.000000 0.000000
 -0.187500 0.000000 0.000000
 -0.185000 0.000000 0.000000
 -0.182500 0.000000 0.000000
 -0.180000 0.000000 0.000000
 -0.177500 0.000000 0.000000
 -0.175000 0.000000 0.000000
 -0.172500 0.000000 0.000000
 -0.170000 0.000000 0.000000
 -0.167500 0.000000 0.000000
 -0.165000 0.000000 0.000000
 -0.162500 0.000000 0.000000
 -0.160000 0.000000 0.000000
 -0.157500 0.000000 0.000000
 -0.155000 0.000000 0.000000
 -0.152500 0.000000 0.000000
 -0.150000 0.000000 0.000000
 -0.147500 0.000000 0.000000
 -0.145000 0.000000 0.000000
 -0.142500 0.000000 0.000000
 -0.140000 0.000000 0.000000
 -0.137500 0.000000 0.000000
 -0.135000 0.000000 0.000000
 -0.132500 0.000000 0.000000
 -0.130000 0.000000 0.000000
 -0.127500 0.000000 0.000000
 -0.125000 0.000000 0.000000
 -0.122500 0.000000 0.000000
 -0.120000 0.000000 0.000000
 -0.117500 0.000000 0.000000
 -0.115000 0.000000 0.000000
 -0.112500 0.000000 0.000000
 -0.110000 0.000000 0.000000
 -0.107500 0.000000 0.000000
 -0.105000 0.000000 0.000000
 -0.102500 0.000000 0.000000
 -0.100000 0.000000 0.000000
 -0.097500 0.000000 0.000000
 -0.095000 0.000000 0.000000
 -0.092500 0.000000 0.000000
 -0.090000 0.000000 0.000000
 -0.087500 0.000000 0.000000
 -0.085000 0.000000 0.000000
 -0.082500 0.000000 0.000000
 -0.080000 0.000000 0.000000
 -0.077500 0.000000 0.000000
 -0.075000 0.000000 0.000000
 -0.072500 0.000000 0.000000
 -0.070000 0.000000 0.000000
 -0.067500 0.000000 0.000000
 -0.065000 0.000000 0.000000
 -0.062500 0.000000 0.000000
 -0.060000 0.000000 0.000000
 -0.057500 0.000000 0.000000
 -0.055000 0.000000 0.000000
 -0.052500 0.000000 0.000000
 -0.050000 0.000000 0.000000
 -0.047500 0.000000 0.000000
 -0.045000 0.000000 0.000000
 -0.042500 0.000000 0.000000
 -0.040000 0.000000 0.000000
 -0.037500 0.000000 0.000000
 -0.035000 0.000000 0.000000
 -0.032500 0.000000 0.000000
 -0.030000 0.000000 0.000000
 -0.027500 0.000000 0.000000
 -0.025000 0.000000 0.000000
 -0.022500 0.000000 0.000000
 -0.020000 0.000000 0.000000
 -0.017500 0.000000 0.000000
 -0.015000 0.000000 0.000000
 -0.012500 0.000000 0.000000
 -0.010000 0.000000 0.000000
 -0.007500 0.000000 0.000000
 -0.005000 0.000000 0.000000
 -0.002500 0.000000 0.000000
 0.000000 0.000000 0.000000
 0.002500 0.000000 0.000000
 0.005000 0.000000 0.000000
 0.007500 0.000000 0.000000
 0.010000 0.000000 0.000000
 0.012500 0.000000 0.000000
 0.015000 0.000000 0.000000
 0.017500 0.000000 0.000000
 0.020000 0.000000 0.000000
 0.022500 0.000000 0.000000
 0.025000 0.000000 0.000000
 0.027500 0.000000 0.000000
 0.030000 0.000000 0.000000
 0.032500 0.000000 0.000000
 0.035000 0.000000 0.000000
 0.037500 0.000000 0.000000
 0.040000 0.000000 0.000000
 0.042500 0.000000 0.000000
 0.045000 0.000000 0.000000
 0.047500 0.000000 0.000000
 0.050000 0.000000 0.000000
 0.052500 0.000000 0.000000
 0.055000 0.000000 0.000000
 0.057500 0.000000 0.000000
 0.060000 0.000000 0.000000
 0.062500 0.000000 0.000000
 0.065000 0.000000 0.000000
 0.067500 0.000000 0.000000
 0.070000 0.000000 0.000000
 0.072500 0.000000 0.000000
 0.075000 0.000000 0.000000
 0.077500 0.000000 0.000000
 0.080000 0.000000 0.000000
 0.082500 0.000000 0.000000
 0.085000 0.000000 0.000000
 0.087500 0.000000 0.000000
 0.090000 0.000000 0.000000
 0.092500 0.000000 0.000000
 0.095000 0.000000 0.000000
 0.097500 0.000000 0.000000
 0.100000 0.000000 0.000000
 0.102500 0.000000 0.000000
 0.105000 0.000000 0.000000
 0.107500 0.000000 0.000000
 0.110000 0.000000 0.000000
 0.112500 0.000000 0.000000
 0.115000 0.000000 0.000000
 0.117500 0.000000 0.000000
 0.120000 0.000000 0.000000
 0.122500 0.000000 0.000000
 0.125000 0.000000 0.000000
 0.127500 0.000000 0.000000
 0.130000 0.000000 0.000000
 0.132500 0.000000 0.000000
 0.135000 0.000000 0.000000
 0.137500 0.000000 0.000000
 0.140000 0.000000 0.000000
 0.142500 0.000000 0.000000
 0.145000 0.000000 0.000000
 0.147500 0.000000 0.000000
 0.150000 0.000000 0.000000
 0.152500 0.000000 0.000000
 0.155000 0.000000 0.000000
 0.157500 0.000000 0.000000
 0.160000 0.000000 0.000000
 0.162500 0.000000 0.000000
 0.165000 0.000000 0.000000
 0.167500 0.000000 0.000000
 0.170000 0.000000 0.000000
 0.172500 0.000000 0.000000
 0.175000 0.000000 0.000000
 0.177500 0.000000 0.000000
 0.180000 0.000000 0.000000
 0.182500 0.000000 0.000000
 0.185000 0.000000 0.000000
 0.187500 0.000000 0.000000
 0.190000 0.000000 0.000000
 0.192500 0.000000 0.000000
 0.195000 0.000000 0.000000
 0.197500 0.000000 0.000000
 0.200000 0.000000 0.000000
 0.202500 0.000000 0.000000
 0.205000 0.000000 0.000000
 0.207500 0.000000 0.000000
 0.210000 0.000000 0.000000
 0.212500 0.000000 0.000000
 0.215000 0.000000 0.000000
 0.217500 0.000000 0.000000
 0.220000 0.000000 0.000000
 0.222500 0.000000 0.000000
 0.225000 0.000000 0.000000
 0.227500 0.000000 0.000000
 0.230000 0.000000 0.000059
 0.232500 0.000000 0.000161
 0.235000 0.000001 0.000387
 0.237500 0.000003 0.000838
 0.240000 0.000006 0.001700
 0.242500 0.000012 0.003180
 0.245000 0.000022 0.005574
 0.247500 0.000041 0.009148
 0.250000 0.000069 0.014062
 0.252500 0.000112 0.020163
 0.255000 0.000171 0.026935
 0.257500 0.000246 0.033406
 0.260000 0.000336 0.038264
 0.262500 0.000435 0.040144
 0.265000 0.000534 0.037965
 0.267500 0.000621 0.031427
 0.270000 0.000688 0.021119
 0.272500 0.000725 0.008560
 0.275000 0.000731 -0.004152
 0.277500 0.000706 -0.014807
 0.280000 0.000660 -0.021751
 0.282500 0.000602 -0.023992
 0.285000 0.000544 -0.021380
 0.287500 0.000498 -0.014508
 0.290000 0.000474 -0.004322
 0.292500 0.000479 0.007913
 0.295000 0.000515 0.020962
 0.297500 0.000583 0.033607
 0.300000 0.000681 0.044686
 0.302500 0.000805 0.053239
 0.305000 0.000945 0.058485
 0.307500 0.001094 0.060006
 0.310000 0.001242 0.057674
 0.312500 0.001379 0.051880
 0.315000 0.001499 0.043294
 0.317500 0.001594 0.032843
 0.320000 0.001662 0.021679
 0.322500 0.001703 0.011178
 0.325000 0.001720 0.002866
 0.327500 0.001721 -0.001599
 0.330000 0.001717 -0.001064
 0.332500 0.001721 0.005291
 0.335000 0.001748 0.017266
 0.337500 0.001811 0.033454
 0.340000 0.001918 0.051682
 0.342500 0.002069 0.069044
 0.345000 0.002261 0.083140
 0.347500 0.002481 0.092292
 0.350000 0.002718 0.096570
 0.352500 0.002962 0.097533
 0.355000 0.003206 0.098187
 0.357500 0.003455 0.101413
 0.360000 0.003718 0.109621
 0.362500 0.004008 0.123487
 0.365000 0.004339 0.141823
 0.367500 0.004720 0.162641
 0.370000 0.005153 0.183039
 0.372500 0.005634 0.200687
 0.375000 0.006153 0.213650
 0.377500 0.006698 0.221316
 0.380000 0.007256 0.223861
 0.382500 0.007814 0.221925
 0.385000 0.008365 0.217525
 0.387500 0.008904 0.213260
 0.390000 0.009436 0.212793
 0.392500 0.009974 0.219359
 0.395000 0.010541 0.235821
 0.397500 0.011163 0.262478
 0.400000 0.011862 0.297366
 0.402500 0.012655 0.336158
 0.405000 0.013544 0.373992
 0.407500 0.014522 0.406622
 0.410000 0.015572 0.431905
 0.412500 0.016677 0.450351
 0.415000 0.017822 0.463908
 0.417500 0.018997 0.475740
 0.420000 0.020203 0.489184
 0.422500 0.021448 0.506948
 0.425000 0.022744 0.530291
 0.427500 0.024106 0.559547
 0.430000 0.025547 0.592492
 0.432500 0.027070 0.625423
 0.435000 0.028672 0.653106
 0.437500 0.030331 0.671353
 0.440000 0.032022 0.678515
 0.442500 0.033720 0.676667
 0.445000 0.035408 0.672979
 0.447500 0.037094 0.677547
 0.450000 0.038815 0.701875
 0.452500 0.040631 0.754507
 0.455000 0.042620 0.841566
 0.457500 0.044870 0.961674
 0.460000 0.047454 1.106676
 0.462500 0.050417 1.264641
 0.465000 0.053776 1.419739
 0.467500 0.057506 1.559211
 0.470000 0.061553 1.671263
 0.472500 0.065839 1.749106
 0.475000 0.070270 1.787819
 0.477500 0.074747 1.786042
 0.480000 0.079169 1.743813
 0.482500 0.083442 1.667811
 0.485000 0.087494 1.569917
 0.487500 0.091295 1.469819
 0.490000 0.094866 1.391752
 0.492500 0.098295 1.357951
 0.495000 0.101713 1.384236
 0.497500 0.105275 1.473555
 0.500000 0.109132 1.616303
 0.502500 0.113393 1.793179
 0.505000 0.118117 1.983081
 0.507500 0.123311 2.168546
 0.510000 0.128955 2.341616
 0.512500 0.135015 2.502425
 0.515000 0.141467 2.656154
 0.517500 0.148301 2.810192
 0.520000 0.155527 2.969539
 0.522500 0.163161 3.135972
 0.525000 0.171217 3.307156
 0.527500 0.179698 3.477044
 0.530000 0.188598 3.636520
 0.532500 0.197874 3.776974
 0.535000 0.207466 3.888362
 0.537500 0.217295 3.964567
 0.540000 0.227268 4.005223
 0.542500 0.237310 4.019709
 0.545000 0.247369 4.024704
 0.547500 0.257448 4.040346
 0.550000 0.267604 4.087740
 0.552500 0.277935 4.181179
 0.555000 0.288561 4.325512
 0.557500 0.299607 4.513541
 0.560000 0.311166 4.733026
 0.562500 0.323292 4.964597
 0.565000 0.335998 5.194187
 0.567500 0.349258 5.407010
 0.570000 0.363023 5.597499
 0.572500 0.377239 5.766390
 0.575000 0.391858 5.922621
 0.577500 0.406870 6.086154
 0.580000 0.422322 6.279044
 0.582500 0.438320 6.525704
 0.585000 0.455015 6.838118
 0.587500 0.472576 7.219497
 0.590000 0.491162 7.653163
 0.592500 0.510871 8.110518
 0.595000 0.531717 8.557985
 0.597500 0.553634 8.961796
 0.600000 0.576481 9.298881
 0.602500 0.600072 9.553843
 0.605000 0.624188 9.721694
 0.607500 0.648629 9.813870
 0.610000 0.673214 9.842035
 0.612500 0.697820 9.834704
 0.615000 0.722399 9.829019
 0.617500 0.747019 9.874005
 0.620000 0.771864 10.019727
 0.622500 0.797248 10.306822
 0.625000 0.823542 10.748714
 0.627500 0.851116 11.325031
 0.630000 0.880246 11.982938
 0.632500 0.911054 12.654483
 0.635000 0.943491 13.278805
 0.637500 0.977387 13.818188
 0.640000 1.012516 14.264746
 0.642500 1.048667 14.646017
 0.645000 1.085722 14.990321
 0.647500 1.123626 15.329696
 0.650000 1.162393 15.684514
 0.652500 1.202071 16.060422
 0.655000 1.242731 16.468141
 0.657500 1.284452 16.914888
 0.660000 1.327355 17.420357
 0.662500 1.371615 17.996253
 0.665000 1.417402 18.640207
 0.667500 1.464868 19.333364
 0.670000 1.514087 20.036275
 0.672500 1.565025 20.700497
 0.675000 1.617527 21.284857
 0.677500 1.671363 21.771476
 0.680000 1.726296 22.164059
 0.682500 1.782132 22.486719
 0.685000 1.838717 22.781957
 0.687500 1.896041 23.082263
 0.690000 1.954169 23.429298
 0.692500 2.013240 23.844470
 0.695000 2.073459 24.350072
 0.697500 2.135059 24.949336
 0.700000 2.198272 25.641386
 0.702500 2.263311 26.406527
 0.705000 2.330330 27.216025
 0.707500 2.399382 28.029696
 0.710000 2.470437 28.812711
 0.712500 2.543367 29.524101
 0.715000 2.617935 30.127587
 0.717500 2.693857 30.599039
 0.720000 2.770785 30.935604
 0.722500 2.848385 31.145834
 0.725000 2.926392 31.265163
 0.727500 3.004624 31.341177
 0.730000 3.083037 31.417620
 0.732500 3.161680 31.539461
 0.735000 3.240711 31.718525
 0.737500 3.320257 31.952072
 0.740000 3.400424 32.215445
 0.742500 3.481243 32.459330
 0.745000 3.562589 32.639523
 0.747500 3.644266 32.725453
 0.750000 3.726028 32.713515
 0.752500 3.807675 32.637763
 0.755000 3.889108 32.562547
 0.757500 3.970440 32.568914
 0.760000 4.051935 32.711445
 0.762500 4.133972 33.002012
 0.765000 4.216887 33.403865
 0.767500 4.300845 33.833962
 0.770000 4.385793 34.175054
 0.772500 4.471367 34.326074
 0.775000 4.557005 34.216739
 0.777500 4.642011 33.828673
 0.780000 4.725703 33.172477
 0.782500 4.807445 32.287532
 0.785000 4.886714 31.189877
 0.787500 4.962969 29.890916
 0.790000 5.035686 28.364289
 0.792500 5.104286 26.593767
 0.795000 5.168155 24.599581
 0.797500 5.226809 22.445166
 0.800000 5.279976 20.225485
 0.802500 5.327615 18.053678
 0.805000 5.369955 15.999990
 0.807500 5.407314 14.068686
 0.810000 5.439931 12.199292
 0.812500 5.467822 10.278264
 0.815000 5.490700 8.173554
 0.817500 5.507961 5.783469
 0.820000 5.518802 3.049408
 0.822500 5.522372 -0.029811
 0.825000 5.517847 -3.404862
 0.827500 5.504593 -6.982401
 0.830000 5.482238 -10.656203
 0.832500 5.450678 -14.325263
 0.835000 5.410016 -17.902162
 0.837500 5.360551 -21.365211
 0.840000 5.302537 -24.741920
 0.842500 5.236099 -28.120754
 0.845000 5.161083 -31.620769
 0.847500 5.077044 -35.347674
 0.850000 4.983326 -39.359187
 0.852500 4.879215 -43.639075
 0.855000 4.764140 -48.094584
 0.857500 4.637860 -52.578008
 0.860000 4.500516 -56.911977
 0.862500 4.352672 -60.949793
 0.865000 4.195212 -64.581938
 0.867500 4.029234 -67.759653
 0.870000 3.855891 -70.470369
 0.872500 3.676344 -72.733317
 0.875000 3.491678 -74.562794
 0.877500 3.302968 -75.971974
 0.880000 3.111271 -76.955401
 0.882500 2.917676 -77.486951
 0.885000 2.723346 -77.538640
 0.887500 2.529524 -77.082453
 0.890000 2.337499 -76.100332
 0.892500 2.148594 -74.593210
 0.895000 1.964103 -72.581084
 0.897500 1.785250 -70.103083
 0.900000 1.613129 -67.207917
 0.902500 1.448719 -63.967162
 0.905000 1.292794 -60.441783
 0.907500 1.145972 -56.697537
 0.910000 1.008732 -52.803240
 0.912500 0.881382 -48.814758
 0.915000 0.764087 -44.775634
 0.917500 0.656922 -40.738204
 0.920000 0.559817 -36.738184
 0.922500 0.472639 -32.827955
 0.925000 0.395104 -29.041280
 0.927500 0.326851 -25.419527
 0.930000 0.267425 -22.001219
 0.932500 0.216278 -18.816119
 0.935000 0.172794 -15.887228
 0.937500 0.136306 -13.231707
 0.940000 0.106121 -10.862762
 0.942500 0.081513 -8.782668
 0.945000 0.061755 -6.987366
 0.947500 0.046151 -5.471535
 0.950000 0.034017 -4.216930
 0.952500 0.024727 -3.200876
 0.955000 0.017717 -2.394479
 0.957500 0.012503 -1.767775
 0.960000 0.008673 -1.287191
 0.962500 0.005902 -0.923755
 0.965000 0.003924 -0.650568
 0.967500 0.002543 -0.448835
 0.970000 0.001599 -0.301536
 0.972500 0.000973 -0.196417
 0.975000 0.000570 -0.123279
 0.977500 0.000322 -0.074448
 0.980000 0.000173 -0.042711
 0.982500 0.000089 -0.023464
 0.985000 0.000044 -0.012479
 0.987500 0.000020 -0.006015
 0.990000 0.000009 -0.002749
 0.992500 0.000003 -0.000911
 0.995000 0.000001 -0.000408
 0.997500 0.000000 -0.000104
 1.000000 0.000000 -0.000045
 1.002500 0.000000 0.000000
 1.005000 0.000000 0.000000
 1.007500 0.000000 0.000000
 1.010000 0.000000 0.000000
 1.012500 0.000000 0.000000
 1.015000 0.000000 0.000000
 1.017500 0.000000 0.000000
 1.020000 0.000000 0.000000
 1.022500 0.000000 0.000000
 1.025000 0.000000 0.000000
 1.027500 0.000000 0.000000
 1.030000 0.000000 0.000000
 1.032500 0.000000 0.000000
 1.035000 0.000000 0.000000
 1.037500 0.000000 0.000000
 1.040000 0.000000 0.000000
 1.042500 0.000000 0.000000
 1.045000 0.000000 0.000000
 1.047500 0.000000 0.000000
 1.050000 0.000000 0.000000
 1.052500 0.000000 0.000000
 1.055000 0.000000 0.000000
 1.057500 0.000000 0.000000
 1.060000 0.000000 0.000000
 1.062500 0.000000 0.000000
 1.065000 0.000000 0.000000
 1.067500 0.000000 0.000000
 1.070000 0.000000 0.000000
 1.072500 0.000000 0.000000
 1.075000 0.000000 0.000000
 1.077500 0.000000 0.000000
 1.080000 0.000000 0.000000
 1.082500 0.000000 0.000000
 1.085000 0.000000 0.000000
 1.087500 0.000000 0.000000
 1.090000 0.000000 0.000000
 1.092500 0.000000 0.000000
 1.095000 0.000000 0.000000
 1.097500 0.000000 0.000000
 1.100000 0.000000 0.000000
 1.102500 0.000000 0.000000
 1.105000 0.000000 0.000000
 1.107500 0.000000 0.000000
 1.110000 0.000000 0.000000
 1.112500 0.000000 0.000000
 1.115000 0.000000 0.000000
 1.117500 0.000000 0.000000
 1.120000 0.000000 0.000000
 1.122500 0.000000 0.000000
 1.125000 0.000000 0.000000
 1.127500 0.000000 0.000000
 1.130000 0.000000 0.000000
 1.132500 0.000000 0.000000
 1.135000 0.000000 0.000000
 1.137500 0.000000 0.000000
 1.140000 0.000000 0.000000
 1.142500 0.000000 0.000000
 1.145000 0.000000 0.000000
 1.147500 0.000000 0.000000
 1.150000 0.000000 0.000000
 1.152500 0.000000 0.000000
 1.155000 0.000000 0.000000
 1.157500 0.000000 0.000000
 1.160000 0.000000 0.000000
 1.162500 0.000000 0.000000
 1.165000 0.000000 0.000000
 1.167500 0.000000 0.000000
 1.170000 0.000000 0.000000
 1.172500 0.000000 0.000000
 1.175000 0.000000 0.000000
 1.177500 0.000000 0.000000
 1.180000 0.000000 0.000000
 1.182500 0.000000 0.000000
 1.185000 0.000000 0.000000
 1.187500 0.000000 0.000000
 1.190000 0.000000 0.000000
 1.192500 0.000000 0.000000
 1.195000 0.000000 0.000000
 1.197500 0.000000 0.000000
 1.200000 0.000000 0.000000
 1.202500 0.000000 0.000000
 1.205000 0.000000 0.000000
 1.207500 0.000000 0.000000
 1.210000 0.000000 0.000000
 1.212500 0.000000 0.000000
 1.215000 0.000000 0.000000
 1.217500 0.000000 0.000000
 1.220000 0.000000 0.000000
 1.222500 0.000000 0.000000
 1.225000 0.000000 0.000000
 1.227500 0.000000 0.000000
 1.230000 0.000000 0.000000
 1.232500 0.000000 0.000000
 1.235000 0.000000 0.000000
 1.237500 0.000000 0.000000
 1.240000 0.000000 0.000000
 1.242500 0.000000 0.000000
 1.245000 0.000000 0.000000
 1.247500 0.000000 0.000000
 1.250000 0.000000 0.000000
 1.252500 0.000000 0.000000
 1.255000 0.000000 0.000000
 1.257500 0.000000 0.000000
 1.260000 0.000000 0.000000
 1.262500 0.000000 0.000000
 1.265000 0.000000 0.000000
 1.267500 0.000000 0.000000
 1.270000 0.000000 0.000000
 1.272500 0.000000 0.000000
 1.275000 0.000000 0.000000
 1.277500 0.000000 0.000000
 1.280000 0.000000 0.000000
 1.282500 0.000000 0.000000
 1.285000 0.000000 0.000000
 1.287500 0.000000 0.000000
 1.290000 0.000000 0.000000
 1.292500 0.000000 0.000000
 1.295000 0.000000 0.000000
 1.297500 0.000000 0.000000
 1.300000 0.000000 0.000000
 1.302500 0.000000 0.000000
 1.305000 0.000000 0.000000
 1.307500 0.000000 0.000000
 1.310000 0.000000 0.000000
 1.312500 0.000000 0.000000
 1.315000 0.000000 0.000000
 1.317500 0.000000 0.000000
 1.320000 0.000000 0.000000
 1.322500 0.000000 0.000000
 1.325000 0.000000 0.000000
 1.327500 0.000000 0.000000
 1.330000 0.000000 0.000000
 1.332500 0.000000 0.000000
 1.335000 0.000000 0.000000
 1.337500 0.000000 0.000000
 1.340000 0.000000 0.000000
 1.342500 0.000000 0.000000
 1.345000 0.000000 0.000000
 1.347500 0.000000 0.000000
 1.350000 0.000000 0.000000
 1.352500 0.000000 0.000000
 1.355000 0.000000 0.000000
 1.357500 0.000000 0.000000
 1.360000 0.000000 0.000000
 1.362500 0.000000 0.000000
 1.365000 0.000000 0.000000
 1.367500 0.000000 0.000000
 1.370000 0.000000 0.000000
 1.372500 0.000000 0.000000
 1.375000 0.000000 0.000000
 1.377500 0.000000 0.000000
 1.380000 0.000000 0.000000
 1.382500 0.000000 0.000000
 1.385000 0.000000 0.000000
 1.387500 0.000000 0.000000
 1.390000 0.000000 0.000000
 1.392500 0.000000 0.000000
 1.395000 0.000000 0.000000
 1.397500 0.000000 0.000000
 1.400000 0.000000 0.000000
 1.402500 0.000000 0.000000
 1.405000 0.000000 0.000000
 1.407500 0.000000 0.000000
 1.410000 0.000000 0.000000
 1.412500 0.000000 0.000000
 1.415000 0.000000 0.000000
 1.417500 0.000000 0.000000
 1.420000 0.000000 0.000000
 1.422500 0.000000 0.000000
 1.425000 0.000000 0.000000
 1.427500 0.000000 0.000000
 1.430000 0.000000 0.000000
 1.432500 0.000000 0.000000
 1.435000 0.000000 0.000000
 1.437500 0.000000 0.000000
 1.440000 0.000000 0.000000
 1.442500 0.000000 0.000000
 1.445000 0.000000 0.000000
 1.447500 0.000000 0.000000
 1.450000 0.000000 0.000000
 1.452500 0.000000 0.000000
 1.455000 0.000000 0.000000
 1.457500 0.000000 0.000000
 1.460000 0.000000 0.000000
 1.462500 0.000000 0.000000
 1.465000 0.000000 0.000000
 1.467500 0.000000 0.000000
 1.470000 0.000000 0.000000
 1.472500 0.000000 0.000000
 1.475000 0.000000 0.000000
 1.477500 0.000000 0.000000
 1.480000 0.000000 0.000000
 1.482500 0.000000 0.000000
 1.485000 0.000000 0.000000
 1.487500 0.000000 0.000000
 1.490000 0.000000 0.000000
 1.492500 0.000000 0.000000
 1.495000 0.000000 0.000000
 1.497500 0.000000 0.000000
 1.500000 0.000000 0.000000
 1.502500 0.000000 0.000000
 1.505000 0.000000 0.000000
 1.507500 0.000000 0.000000
 1.510000 0.000000 0.000000
 1.512500 0.000000 0.000000
 1.515000 0.000000 0.000000
 1.517500 0.000000 0.000000
 1.520000 0.000000 0.000000
 1.522500 0.000000 0.000000
 1.525000 0.000000 0.000000
 1.527500 0.000000 0.000000
 1.530000 0.000000 0.000000
 1.532500 0.000000 0.000000
 1.535000 0.000000 0.000000
 1.537500 0.000000 0.000000
 1.540000 0.000000 0.000000
 1.542500 0.000000 0.000000
 1.545000 0.000000 0.000000
 1.547500 0.000000 0.000000
 1.550000 0.000000 0.000000
 1.552500 0.000000 0.000000
 1.555000 0.000000 0.000000
 1.557500 0.000000 0.000000
 1.560000 0.000000 0.000000
 1.562500 0.000000 0.000000
 1.565000 0.000000 0.000000
 1.567500 0.000000 0.000000
 1.570000 0.000000 0.000000
 1.572500 0.000000 0.000000
 1.575000 0.000000 0.000000
 1.577500 0.000000 0.000000
 1.580000 0.000000 0.000000
 1.582500 0.000000 0.000000
 1.585000 0.000000 0.000000
 1.587500 0.000000 0.000000
 1.590000 0.000000 0.000000
 1.592500 0.000000 0.000000
 1.595000 0.000000 0.000000
 1.597500 0.000000 0.000000
 1.600000 0.000000 0.000000
 1.602500 0.000000 0.000000
 1.605000 0.000000 0.000000
 1.607500 0.000000 0.000000
 1.610000 0.000000 0.000000
 1.612500 0.000000 0.000000
 1.615000 0.000000 0.000000
 1.617500 0.000000 0.000000
 1.620000 0.000000 0.000000
 1.622500 0.000000 0.000000
 1.625000 0.000000 0.000000
 1.627500 0.000000 0.000000
 1.630000 0.000000 0.000000
 1.632500 0.000000 0.000000
 1.635000 0.000000 0.000000
 1.637500 0.000000 0.000000
 1.640000 0.000000 0.000000
 1.642500 0.000000 0.000000
 1.645000 0.000000 0.000000
 1.647500 0.000000 0.000000
 1.650000 0.000000 0.000000
 1.652500 0.000000 0.000000
 1.655000 0.000000 0.000000
 1.657500 0.000000 0.000000
 1.660000 0.000000 0.000000
 1.662500 0.000000 0.000000
 1.665000 0.000000 0.000000
 1.667500 0.000000 0.000000
 1.670000 0.000000 0.000000
 1.672500 0.000000 0.000000
 1.675000 0.000000 0.000000
 1.677500 0.000000 0.000000
 1.680000 0.000000 0.000000
 1.682500 0.000000 0.000000
 1.685000 0.000000 0.000000
 1.687500 0.000000 0.000000
 1.690000 0.000000 0.000000
 1.692500 0.000000 0.000000
 1.695000 0.000000 0.000000
 1.697500 0.000000 0.000000
 1.700000 0.000000 0.000000
 1.702500 0.000000 0.000000
 1.705000 0.000000 0.000000
 1.707500 0.000000 0.000000
 1.710000 0.000000 0.000000
 1.712500 0.000000 0.000000
 1.715000 0.000000 0.000000
 1.717500 0.000000 0.000000
 1.720000 0.000000 0.000000
 1.722500 0.000000 0.000000
 1.725000 0.000000 0.000000
 1.727500 0.000000 0.000000
 1.730000 0.000000 0.000000
 1.732500 0.000000 0.000000
 1.735000 0.000000 0.000000
 1.737500 0.000000 0.000000
 1.740000 0.000000 0.000000
 1.742500 0.000000 0.000000
 1.745000 0.000000 0.000000
 1.747500 0.000000 0.000000
 1.750000 0.000000 0.000000
 1.752500 0.000000 0.000000
 1.755000 0.000000 0.000000
 1.757500 0.000000 0.000000
 1.760000 0.000000 0.000000
 1.762500 0.000000 0.000000
 1.765000 0.000000 0.000000
 1.767500 0.000000 0.000000
 1.770000 0.000000 0.000000
 1.772500 0.000000 0.000000
 1.775000 0.000000 0.000000
 1.777500 0.000000 0.000000
 1.780000 0.000000 0.000000
 1.782500 0.000000 0.000000
 1.785000 0.000000 0.000000
 1.787500 0.000000 0.000000
 1.790000 0.000000 0.000000
 1.792500 0.000000 0.000000
 1.795000 0.000000 0.000000
 1.797500 0.000000 0.000000
 1.800000 0.000000 0.000000
 1.802500 0.000000 0.000000
 1.805000 0.000000 0.000000
 1.807500 0.000000 0.000000
 1.810000 0.000000 0.000000
 1.812500 0.000000 0.000000
 1.815000 0.000000 0.000000
 1.817500 0.000000 0.000000
 1.820000 0.000000 0.000000
 1.822500 0.000000 0.000000
 1.825000 0.000000 0.000000
 1.827500 0.000000 0.000000
 1.830000 0.000000 0.000000
 1.832500 0.000000 0.000000
 1.835000 0.000000 0.000000
 1.837500 0.000000 0.000000
 1.840000 0.000000 0.000000
 1.842500 0.000000 0.000000
 1.845000 0.000000 0.000000
 1.847500 0.000000 0.000000
 1.850000 0.000000 0.000000
 1.852500 0.000000 0.000000
 1.855000 0.000000 0.000000
 1.857500 0.000000 0.000000
 1.860000 0.000000 0.000000
 1.862500 0.000000 0.000000
 1.865000 0.000000 0.000000
 1.867500 0.000000 0.000000
 1.870000 0.000000 0.000000
 1.872500 0.000000 0.000000
 1.875000 0.000000 0.000000
 1.877500 0.000000 0.000000
 1.880000 0.000000 0.000000
 1.882500 0.000000 0.000000
 1.885000 0.000000 0.000000
 1.887500 0.000000 0.000000
 1.890000 0.000000 0.000000
 1.892500 0.000000 0.000000
 1.895000 0.000000 0.000000
 1.897500 0.000000 0.000000
 1.900000 0.000000 0.000000
 1.902500 0.000000 0.000000
 1.905000 0.000000 0.000000
 1.907500 0.000000 0.000000
 1.910000 0.000000 0.000000
 1.912500 0.000000 0.000000
 1.915000 0.000000 0.000000
 1.917500 0.000000 0.000000
 1.920000 0.000000 0.000000
 1.922500 0.000000 0.000000
 1.925000 0.000000 0.000000
 1.927500 0.000000 0.000000
 1.930000 0.000000 0.000000
 1.932500 0.000000 0.000000
 1.935000 0.000000 0.000000
 1.937500 0.000000 0.000000
 1.940000 0.000000 0.000000
 1.942500 0.000000 0.000000
 1.945000 0.000000 0.000000
 1.947500 0.000000 0.000000
 1.950000 0.000000 0.000000
 1.952500 0.000000 0.000000
 1.955000 0.000000 0.000000
 1.957500 0.000000 0.000000
 1.960000 0.000000 0.000000
 1.962500 0.000000 0.000000
 1.965000 0.000000 0.000000
 1.967500 0.000000 0.000000
 1.970000 0.000000 0.000000
 1.972500 0.000000 0.000000
 1.975000 0.000000 0.000000
 1.977500 0.000000 0.000000
 1.980000 0.000000 0.000000
 1.982500 0.000000 0.000000
 1.985000 0.000000 0.000000
 1.987500 0.000000 0.000000
 1.990000 0.000000 0.000000
 1.992500 0.000000 0.000000
 1.995000 0.000000 0.000000
 1.997500 0.000000 0.000000
 2.000000 0.000000 0.000000
