#! FIELDS refcv hh dhh_refcv
#! SET normalisation  1000.000000
#! SET min_refcv -0.5
#! SET max_refcv 2
#! SET nbins_refcv  1000
#! SET periodic_refcv false
 -0.500000 0.000000 0.000000
 -0.497500 0.000000 0.000000
 -0.495000 0.000000 0.000000
 -0.492500 0.000000 0.000000
 -0.490000 0.000000 0.000000
 -0.487500 0.000000 0.000000
 -0.485000 0.000000 0.000000
 -0.482500 0.000000 0.000000
 -0.480000 0.000000 0.000000
 -0.477500 0.000000 0.000000
 -0.475000 0.000000 0.000000
 -0.472500 0.000000 0.000000
 -0.470000 0.000000 0.000000
 -0.467500 0.000000 0.000000
 -0.465000 0.000000 0.000000
 -0.462500 0.000000 0.000000
 -0.460000 0.000000 0.000000
 -0.457500 0.000000 0.000000
 -0.455000 0.000000 0.000000
 -0.452500 0.000000 0.000000
 -0.450000 0.000000 0.000000
 -0.447500 0.000000 0.000000
 -0.445000 0.000000 0.000000
 -0.442500 0.000000 0.000000
 -0.440000 0.000000 0.000000
 -0.437500 0.000000 0.000000
 -0.435000 0.000000 0.000000
 -0.432500 0.000000 0.000000
 -0.430000 0.000000 0.000000
 -0.427500 0.000000 0.000000
 -0.425000 0.000000 0.000000
 -0.422500 0.000000 0.000000
 -0.420000 0.000000 0.000000
 -0.417500 0.000000 0.000000
 -0.415000 0.000000 0.000000
 -0.412500 0.000000 0.000000
 -0.410000 0.000000 0.000000
 -0.407500 0.000000 0.000000
 -0.405000 0.000000 0.000000
 -0.402500 0.000000 0.000000
 -0.400000 0.000000 0.000000
 -0.397500 0.000000 0.000000
 -0.395000 0.000000 0.000000
 -0.392500 0.000000 0.000000
 -0.390000 0.000000 0.000000
 -0.387500 0.000000 0.000000
 -0.385000 0.000000 0.000000
 -0.382500 0.000000 0.000000
 -0.380000 0.000000 0.000000
 -0.377500 0.000000 0.000000
 -0.375000 0.000000 0.000000
 -0.372500 0.000000 0.000000
 -0.370000 0.000000 0.000000
 -0.367500 0.000000 0.000000
 -0.365000 0.000000 0.000000
 -0.362500 0.000000 0.000000
 -0.360000 0.000000 0.000000
 -0.357500 0.000000 0.000000
 -0.355000 0.000000 0.000000
 -0.352500 0.000000 0.000000
 -0.350000 0.000000 0.000000
 -0.347500 0.000000 0.000000
 -0.345000 0.000000 0.000000
 -0.342500 0.000000 0.000000
 -0.340000 0.000000 0.000000
 -0.337500 0.000000 0.000000
 -0.335000 0.000000 0.000000
 -0.332500 0.000000 0.000000
 -0.330000 0.000000 0.000000
 -0.327500 0.000000 0.000000
 -0.325000 0.000000 0.000000
 -0.322500 0.000000 0.000000
 -0.320000 0.000000 0.000000
 -0.317500 0.000000 0.000000
 -0.315000 0.000000 0.000000
 -0.312500 0.000000 0.000000
 -0.310000 0.000000 0.000000
 -0.307500 0.000000 0.000000
 -0.305000 0.000000 0.000000
 -0.302500 0.000000 0.000000
 -0.300000 0.000000 0.000000
 -0.297500 0.000000 0.000000
 -0.295000 0.000000 0.000000
 -0.292500 0.000000 0.000000
 -0.290000 0.000000 0.000000
 -0.287500 0.000000 0.000000
 -0.285000 0.000000 0.000000
 -0.282500 0.000000 0.000000
 -0.280000 0.000000 0.000000
 -0.277500 0.000000 0.000000
 -0.275000 0.000000 0.000000
 -0.272500 0.000000 0.000000
 -0.270000 0.000000 0.000000
 -0.267500 0.000000 0.000000
 -0.265000 0.000000 0.000000
 -0.262500 0.000000 0.000000
 -0.260000 0.000000 0.000000
 -0.257500 0.000000 0.000000
 -0.255000 0.000000 0.000000
 -0.252500 0.000000 0.000000
 -0.250000 0.000000 0.000000
 -0.247500 0.000000 0.000000
 -0.245000 0.000000 0.000000
 -0.242500 0.000000 0.000000
 -0.240000 0.000000 0.000000
 -0.237500 0.000000 0.000000
 -0.235000 0.000000 0.000000
 -0.232500 0.000000 0.000000
 -0.230000 0.000000 0.000000
 -0.227500 0.000000 0.000000
 -0.225000 0.000000 0.000000
 -0.222500 0.000000 0.000000
 -0.220000 0.000000 0.000000
 -0.217500 0.000000 0.000000
 -0.215000 0.000000 0.000000
 -0.212500 0.000000 0.000000
 -0.210000 0.000000 0.000000
 -0.207500 0.000000 0.000000
 -0.205000 0.000000 0.000000
 -0.202500 0.000000 0.000000
 -0.200000 0.000000 0.000000
 -0.197500 0.000000 0.000000
 -0.195000 0.000000 0.000000
 -0.192500 0.000000 0.000000
 -0.190000 0.000000 0.000000
 -0.187500 0.000000 0.000000
 -0.185000 0.000000 0.000000
 -0.182500 0.000000 0.000000
 -0.180000 0.000000 0.000000
 -0.177500 0.000000 0.000000
 -0.175000 0.000000 0.000000
 -0.172500 0.000000 0.000000
 -0.170000 0.000000 0.000000
 -0.167500 0.000000 0.000000
 -0.165000 0.000000 0.000000
 -0.162500 0.000000 0.000000
 -0.160000 0.000000 0.000000
 -0.157500 0.000000 0.000000
 -0.155000 0.000000 0.000000
 -0.152500 0.000000 0.000000
 -0.150000 0.000000 0.000000
 -0.147500 0.000000 0.000000
 -0.145000 0.000000 0.000000
 -0.142500 0.000000 0.000000
 -0.140000 0.000000 0.000000
 -0.137500 0.000000 0.000000
 -0.135000 0.000000 0.000000
 -0.132500 0.000000 0.000000
 -0.130000 0.000000 0.000000
 -0.127500 0.000000 0.000000
 -0.125000 0.000000 0.000000
 -0.122500 0.000000 0.000000
 -0.120000 0.000000 0.000000
 -0.117500 0.000000 0.000000
 -0.115000 0.000000 0.000000
 -0.112500 0.000000 0.000000
 -0.110000 0.000000 0.000000
 -0.107500 0.000000 0.000000
 -0.105000 0.000000 0.000000
 -0.102500 0.000000 0.000000
 -0.100000 0.000000 0.000000
 -0.097500 0.000000 0.000000
 -0.095000 0.000000 0.000000
 -0.092500 0.000000 0.000000
 -0.090000 0.000000 0.000000
 -0.087500 0.000000 0.000000
 -0.085000 0.000000 0.000000
 -0.082500 0.000000 0.000000
 -0.080000 0.000000 0.000000
 -0.077500 0.000000 0.000000
 -0.075000 0.000000 0.000000
 -0.072500 0.000000 0.000000
 -0.070000 0.000000 0.000000
 -0.067500 0.000000 0.000000
 -0.065000 0.000000 0.000000
 -0.062500 0.000000 0.000000
 -0.060000 0.000000 0.000000
 -0.057500 0.000000 0.000000
 -0.055000 0.000000 0.000000
 -0.052500 0.000000 0.000000
 -0.050000 0.000000 0.000000
 -0.047500 0.000000 0.000000
 -0.045000 0.000000 0.000000
 -0.042500 0.000000 0.000000
 -0.040000 0.000000 0.000000
 -0.037500 0.000000 0.000000
 -0.035000 0.000000 0.000000
 -0.032500 0.000000 0.000000
 -0.030000 0.000000 0.000000
 -0.027500 0.000000 0.000000
 -0.025000 0.000000 0.000000
 -0.022500 0.000000 0.000000
 -0.020000 0.000000 0.000000
 -0.017500 0.000000 0.000000
 -0.015000 0.000000 0.000000
 -0.012500 0.000000 0.000000
 -0.010000 0.000000 0.000000
 -0.007500 0.000000 0.000000
 -0.005000 0.000000 0.000000
 -0.002500 0.000000 0.000000
 0.000000 0.000000 0.000000
 0.002500 0.000000 0.000000
 0.005000 0.000000 0.000000
 0.007500 0.000000 0.000000
 0.010000 0.000000 0.000000
 0.012500 0.000000 0.000000
 0.015000 0.000000 0.000000
 0.017500 0.000000 0.000000
 0.020000 0.000000 0.000000
 0.022500 0.000000 0.000000
 0.025000 0.000000 0.000000
 0.027500 0.000000 0.000000
 0.030000 0.000000 0.000000
 0.032500 0.000000 0.000000
 0.035000 0.000000 0.000000
 0.037500 0.000000 0.000000
 0.040000 0.000000 0.000000
 0.042500 0.000000 0.000000
 0.045000 0.000000 0.000000
 0.047500 0.000000 0.000000
 0.050000 0.000000 0.000000
 0.052500 0.000000 0.000000
 0.055000 0.000000 0.000000
 0.057500 0.000000 0.000000
 0.060000 0.000000 0.000000
 0.062500 0.000000 0.000000
 0.065000 0.000000 0.000000
 0.067500 0.000000 0.000000
 0.070000 0.000000 0.000000
 0.072500 0.000000 0.000000
 0.075000 0.000000 0.000000
 0.077500 0.000000 0.000000
 0.080000 0.000000 0.000000
 0.082500 0.000000 0.000000
 0.085000 0.000000 0.000000
 0.087500 0.000000 0.000000
 0.090000 0.000000 0.000000
 0.092500 0.000000 0.000000
 0.095000 0.000000 0.000000
 0.097500 0.000000 0.000000
 0.100000 0.000000 0.000000
 0.102500 0.000000 0.000000
 0.105000 0.000000 0.000000
 0.107500 0.000000 0.000000
 0.110000 0.000000 0.000000
 0.112500 0.000000 0.000000
 0.115000 0.000000 0.000000
 0.117500 0.000000 0.000000
 0.120000 0.000000 0.000000
 0.122500 0.000000 0.000000
 0.125000 0.000000 0.000000
 0.127500 0.000000 0.000000
 0.130000 0.000000 0.000000
 0.132500 0.000000 0.000000
 0.135000 0.000000 0.000000
 0.137500 0.000000 0.000000
 0.140000 0.000000 0.000000
 0.142500 0.000000 0.000000
 0.145000 0.000000 0.000000
 0.147500 0.000000 0.000000
 0.150000 0.000000 0.000000
 0.152500 0.000000 0.000000
 0.155000 0.000000 0.000000
 0.157500 0.000000 0.000000
 0.160000 0.000000 0.000000
 0.162500 0.000000 0.000000
 0.165000 0.000000 0.000000
 0.167500 0.000000 0.000000
 0.170000 0.000000 0.000000
 0.172500 0.000000 0.000000
 0.175000 0.000000 0.000000
 0.177500 0.000000 0.000000
 0.180000 0.000000 0.000000
 0.182500 0.000000 0.000000
 0.185000 0.000000 0.000000
 0.187500 0.000000 0.000000
 0.190000 0.000000 0.000000
 0.192500 0.000000 0.000019
 0.195000 0.000000 0.000070
 0.197500 0.000001 0.000213
 0.200000 0.000002 0.000514
 0.202500 0.000003 0.001080
 0.205000 0.000007 0.002150
 0.207500 0.000015 0.003972
 0.210000 0.000028 0.006886
 0.212500 0.000050 0.011133
 0.215000 0.000085 0.016795
 0.217500 0.000135 0.023595
 0.220000 0.000203 0.030779
 0.222500 0.000289 0.037129
 0.225000 0.000387 0.041144
 0.227500 0.000491 0.041422
 0.230000 0.000590 0.037164
 0.232500 0.000673 0.028423
 0.235000 0.000730 0.016259
 0.237500 0.000753 0.002615
 0.240000 0.000744 -0.010235
 0.242500 0.000705 -0.020205
 0.245000 0.000646 -0.025757
 0.247500 0.000581 -0.026098
 0.250000 0.000521 -0.021253
 0.252500 0.000478 -0.012047
 0.255000 0.000463 0.000389
 0.257500 0.000481 0.014298
 0.260000 0.000535 0.027937
 0.262500 0.000620 0.039760
 0.265000 0.000731 0.048722
 0.267500 0.000861 0.054427
 0.270000 0.001001 0.057156
 0.272500 0.001144 0.057320
 0.275000 0.001285 0.055417
 0.277500 0.001419 0.051506
 0.280000 0.001541 0.045478
 0.282500 0.001645 0.037290
 0.285000 0.001726 0.027280
 0.287500 0.001781 0.016866
 0.290000 0.001812 0.008058
 0.292500 0.001826 0.003480
 0.295000 0.001835 0.005052
 0.297500 0.001857 0.013478
 0.300000 0.001908 0.027923
 0.302500 0.002000 0.046020
 0.305000 0.002139 0.064496
 0.307500 0.002321 0.080448
 0.310000 0.002537 0.091821
 0.312500 0.002776 0.098638
 0.315000 0.003029 0.102504
 0.317500 0.003289 0.105931
 0.320000 0.003560 0.111463
 0.322500 0.003850 0.120842
 0.325000 0.004168 0.134076
 0.327500 0.004523 0.150047
 0.330000 0.004920 0.166857
 0.332500 0.005357 0.182674
 0.335000 0.005831 0.195943
 0.337500 0.006335 0.205805
 0.340000 0.006858 0.211852
 0.342500 0.007392 0.214060
 0.345000 0.007926 0.212403
 0.347500 0.008453 0.208237
 0.350000 0.008968 0.203521
 0.352500 0.009474 0.201808
 0.355000 0.009984 0.207118
 0.357500 0.010519 0.222599
 0.360000 0.011108 0.249885
 0.362500 0.011779 0.287412
 0.365000 0.012552 0.331373
 0.367500 0.013439 0.376618
 0.370000 0.014434 0.417762
 0.372500 0.015522 0.451018
 0.375000 0.016682 0.474472
 0.377500 0.017888 0.488580
 0.380000 0.019121 0.496046
 0.382500 0.020367 0.500005
 0.385000 0.021623 0.504566
 0.387500 0.022895 0.512883
 0.390000 0.024194 0.527502
 0.392500 0.025539 0.548007
 0.395000 0.026940 0.572884
 0.397500 0.028406 0.598634
 0.400000 0.029934 0.621775
 0.402500 0.031514 0.639943
 0.405000 0.033133 0.653619
 0.407500 0.034784 0.666120
 0.410000 0.036471 0.683554
 0.412500 0.038215 0.713142
 0.415000 0.040056 0.761674
 0.417500 0.042046 0.832815
 0.420000 0.044243 0.926980
 0.422500 0.046699 1.039492
 0.425000 0.049452 1.163541
 0.427500 0.052520 1.289035
 0.430000 0.055893 1.406450
 0.432500 0.059542 1.507293
 0.435000 0.063413 1.583959
 0.437500 0.067441 1.631483
 0.440000 0.071546 1.646247
 0.442500 0.075648 1.627180
 0.445000 0.079661 1.577288
 0.447500 0.083518 1.503776
 0.450000 0.087175 1.420156
 0.452500 0.090630 1.345808
 0.455000 0.093933 1.300460
 0.457500 0.097180 1.303686
 0.460000 0.100504 1.364203
 0.462500 0.104055 1.483126
 0.465000 0.107966 1.649426
 0.467500 0.112333 1.845260
 0.470000 0.117203 2.048235
 0.472500 0.122571 2.240688
 0.475000 0.128391 2.409636
 0.477500 0.134602 2.550870
 0.480000 0.141132 2.667215
 0.482500 0.147926 2.764877
 0.485000 0.154953 2.852751
 0.487500 0.162196 2.939511
 0.490000 0.169659 3.029541
 0.492500 0.177353 3.126692
 0.495000 0.185301 3.230979
 0.497500 0.193518 3.341249
 0.500000 0.202015 3.453385
 0.502500 0.210789 3.562148
 0.505000 0.219824 3.660614
 0.507500 0.229087 3.742198
 0.510000 0.238527 3.804914
 0.512500 0.248100 3.848988
 0.515000 0.257774 3.884899
 0.517500 0.267536 3.923959
 0.520000 0.277415 3.983204
 0.522500 0.287485 4.075462
 0.525000 0.297833 4.209266
 0.527500 0.308573 4.384001
 0.530000 0.319788 4.588538
 0.532500 0.331534 4.805055
 0.535000 0.343810 5.009598
 0.537500 0.356565 5.184392
 0.540000 0.369714 5.326917
 0.542500 0.383186 5.446407
 0.545000 0.396954 5.570448
 0.547500 0.411075 5.731046
 0.550000 0.425675 5.959196
 0.552500 0.440943 6.266109
 0.555000 0.457071 6.645859
 0.557500 0.474214 7.071187
 0.560000 0.492440 7.503756
 0.562500 0.511711 7.902256
 0.565000 0.531899 8.234128
 0.567500 0.552813 8.478208
 0.570000 0.574226 8.632439
 0.572500 0.595920 8.706939
 0.575000 0.617713 8.718884
 0.577500 0.639485 8.692216
 0.580000 0.661167 8.653269
 0.582500 0.682774 8.634096
 0.585000 0.704383 8.663541
 0.587500 0.726168 8.777616
 0.590000 0.748371 9.001270
 0.592500 0.771291 9.354792
 0.595000 0.795244 9.821678
 0.597500 0.820485 10.376633
 0.600000 0.847163 10.966315
 0.602500 0.875302 11.536769
 0.605000 0.904795 12.047065
 0.607500 0.935476 12.479704
 0.610000 0.967141 12.842191
 0.612500 0.999643 13.153384
 0.615000 1.032886 13.436190
 0.617500 1.066813 13.706497
 0.620000 1.101403 13.966277
 0.622500 1.136642 14.222891
 0.625000 1.172522 14.485527
 0.627500 1.209091 14.779777
 0.630000 1.246460 15.131191
 0.632500 1.284816 15.567742
 0.635000 1.324386 16.102040
 0.637500 1.365395 16.715867
 0.640000 1.407995 17.365085
 0.642500 1.452203 17.993513
 0.645000 1.497892 18.545129
 0.647500 1.544825 18.986727
 0.650000 1.592712 19.310936
 0.652500 1.641290 19.540791
 0.655000 1.690367 19.720654
 0.657500 1.739877 19.890696
 0.660000 1.789835 20.092471
 0.662500 1.840361 20.343968
 0.665000 1.891598 20.667034
 0.667500 1.943736 21.062640
 0.670000 1.996959 21.541232
 0.672500 2.051468 22.088125
 0.675000 2.107432 22.705843
 0.677500 2.165015 23.373561
 0.680000 2.224300 24.070048
 0.682500 2.285332 24.765274
 0.685000 2.348051 25.423394
 0.687500 2.412338 26.006055
 0.690000 2.477947 26.478830
 0.692500 2.544566 26.814876
 0.695000 2.611848 27.010009
 0.697500 2.679461 27.079063
 0.700000 2.747122 27.068351
 0.702500 2.814708 27.025798
 0.705000 2.882202 27.009058
 0.707500 2.949731 27.056853
 0.710000 3.017484 27.190771
 0.712500 3.085676 27.409475
 0.715000 3.154479 27.675781
 0.717500 3.223967 27.946008
 0.720000 3.294076 28.169042
 0.722500 3.364624 28.289823
 0.725000 3.435307 28.281063
 0.727500 3.505803 28.145896
 0.730000 3.575853 27.933921
 0.732500 3.645331 27.716138
 0.735000 3.714348 27.578802
 0.737500 3.783210 27.599504
 0.740000 3.852345 27.800911
 0.742500 3.922182 28.159900
 0.745000 3.993037 28.595077
 0.747500 4.064938 28.994843
 0.750000 4.137694 29.245231
 0.752500 4.210779 29.268114
 0.755000 4.283594 29.031756
 0.757500 4.355505 28.554684
 0.760000 4.425977 27.891598
 0.762500 4.494612 27.094741
 0.765000 4.561114 26.197136
 0.767500 4.625213 25.174133
 0.770000 4.686550 23.975405
 0.772500 4.744598 22.546796
 0.775000 4.798761 20.869072
 0.777500 4.848448 18.986955
 0.780000 4.893275 17.007990
 0.782500 4.933164 15.063943
 0.785000 4.968354 13.270274
 0.787500 4.999297 11.673909
 0.790000 5.026453 10.244110
 0.792500 5.050141 8.874499
 0.795000 5.070339 7.436674
 0.797500 5.086700 5.805255
 0.800000 5.098640 3.895878
 0.802500 5.105419 1.677226
 0.805000 5.106275 -0.831483
 0.807500 5.100539 -3.568714
 0.810000 5.087737 -6.473067
 0.812500 5.067550 -9.452183
 0.815000 5.039889 -12.413425
 0.817500 5.004916 -15.295343
 0.820000 4.962887 -18.042099
 0.822500 4.914152 -20.653601
 0.825000 4.859028 -23.180075
 0.827500 4.797577 -25.708851
 0.830000 4.729683 -28.366694
 0.832500 4.654857 -31.246188
 0.835000 4.572474 -34.406913
 0.837500 4.481854 -37.823506
 0.840000 4.382461 -41.404555
 0.842500 4.274042 -45.003899
 0.845000 4.156760 -48.473791
 0.847500 4.031096 -51.679310
 0.850000 3.897834 -54.549069
 0.852500 3.757854 -57.046103
 0.855000 3.612083 -59.186416
 0.857500 3.461375 -60.997020
 0.860000 3.306514 -62.518113
 0.862500 3.148191 -63.767011
 0.865000 2.987086 -64.745621
 0.867500 2.823902 -65.437987
 0.870000 2.659375 -65.806477
 0.872500 2.494355 -65.822332
 0.875000 2.329772 -65.463044
 0.877500 2.166587 -64.708480
 0.880000 2.005788 -63.559081
 0.882500 1.848352 -62.032497
 0.885000 1.695179 -60.153870
 0.887500 1.547114 -57.970225
 0.890000 1.404866 -55.524393
 0.892500 1.269019 -52.858419
 0.895000 1.140069 -50.024807
 0.897500 1.018385 -47.065829
 0.900000 0.904233 -44.019705
 0.902500 0.797780 -40.911735
 0.905000 0.699164 -37.782265
 0.907500 0.608386 -34.643873
 0.910000 0.525445 -31.534501
 0.912500 0.450235 -28.478879
 0.915000 0.382578 -25.502855
 0.917500 0.322243 -22.638476
 0.920000 0.268925 -19.912133
 0.922500 0.222242 -17.340813
 0.925000 0.181782 -14.943319
 0.927500 0.147098 -12.736026
 0.930000 0.117700 -10.724716
 0.932500 0.093095 -8.917357
 0.935000 0.072759 -7.310990
 0.937500 0.056195 -5.909147
 0.940000 0.042897 -4.707811
 0.942500 0.032370 -3.697045
 0.945000 0.024151 -2.864429
 0.947500 0.017815 -2.193643
 0.950000 0.012983 -1.663029
 0.952500 0.009336 -1.250143
 0.955000 0.006602 -0.928973
 0.957500 0.004580 -0.682384
 0.960000 0.003104 -0.492820
 0.962500 0.002048 -0.348204
 0.965000 0.001310 -0.239245
 0.967500 0.000809 -0.158922
 0.970000 0.000482 -0.101731
 0.972500 0.000275 -0.062344
 0.975000 0.000150 -0.036349
 0.977500 0.000080 -0.020696
 0.980000 0.000040 -0.010996
 0.982500 0.000018 -0.005386
 0.985000 0.000008 -0.002468
 0.987500 0.000003 -0.000930
 0.990000 0.000001 -0.000424
 0.992500 0.000000 -0.000117
 0.995000 0.000000 -0.000051
 0.997500 0.000000 0.000000
 1.000000 0.000000 0.000000
 1.002500 0.000000 0.000000
 1.005000 0.000000 0.000000
 1.007500 0.000000 0.000000
 1.010000 0.000000 0.000000
 1.012500 0.000000 0.000000
 1.015000 0.000000 0.000000
 1.017500 0.000000 0.000000
 1.020000 0.000000 0.000000
 1.022500 0.000000 0.000000
 1.025000 0.000000 0.000000
 1.027500 0.000000 0.000000
 1.030000 0.000000 0.000000
 1.032500 0.000000 0.000000
 1.035000 0.000000 0.000000
 1.037500 0.000000 0.000000
 1.040000 0.000000 0.000000
 1.042500 0.000000 0.000000
 1.045000 0.000000 0.000000
 1.047500 0.000000 0.000000
 1.050000 0.000000 0.000000
 1.052500 0.000000 0.000000
 1.055000 0.000000 0.000000
 1.057500 0.000000 0.000000
 1.060000 0.000000 0.000000
 1.062500 0.000000 0.000000
 1.065000 0.000000 0.000000
 1.067500 0.000000 0.000000
 1.070000 0.000000 0.000000
 1.072500 0.000000 0.000000
 1.075000 0.000000 0.000000
 1.077500 0.000000 0.000000
 1.080000 0.000000 0.000000
 1.082500 0.000000 0.000000
 1.085000 0.000000 0.000000
 1.087500 0.000000 0.000000
 1.090000 0.000000 0.000000
 1.092500 0.000000 0.000000
 1.095000 0.000000 0.000000
 1.097500 0.000000 0.000000
 1.100000 0.000000 0.000000
 1.102500 0.000000 0.000000
 1.105000 0.000000 0.000000
 1.107500 0.000000 0.000000
 1.110000 0.000000 0.000000
 1.112500 0.000000 0.000000
 1.115000 0.000000 0.000000
 1.117500 0.000000 0.000000
 1.120000 0.000000 0.000000
 1.122500 0.000000 0.000000
 1.125000 0.000000 0.000000
 1.127500 0.000000 0.000000
 1.130000 0.000000 0.000000
 1.132500 0.000000 0.000000
 1.135000 0.000000 0.000000
 1.137500 0.000000 0.000000
 1.140000 0.000000 0.000000
 1.142500 0.000000 0.000000
 1.145000 0.000000 0.000000
 1.147500 0.000000 0.000000
 1.150000 0.000000 0.000000
 1.152500 0.000000 0.000000
 1.155000 0.000000 0.000000
 1.157500 0.000000 0.000000
 1.160000 0.000000 0.000000
 1.162500 0.000000 0.000000
 1.165000 0.000000 0.000000
 1.167500 0.000000 0.000000
 1.170000 0.000000 0.000000
 1.172500 0.000000 0.000000
 1.175000 0.000000 0.000000
 1.177500 0.000000 0.000000
 1.180000 0.000000 0.000000
 1.182500 0.000000 0.000000
 1.185000 0.000000 0.000000
 1.187500 0.000000 0.000000
 1.190000 0.000000 0.000000
 1.192500 0.000000 0.000000
 1.195000 0.000000 0.000000
 1.197500 0.000000 0.000000
 1.200000 0.000000 0.000000
 1.202500 0.000000 0.000000
 1.205000 0.000000 0.000000
 1.207500 0.000000 0.000000
 1.210000 0.000000 0.000000
 1.212500 0.000000 0.000000
 1.215000 0.000000 0.000000
 1.217500 0.000000 0.000000
 1.220000 0.000000 0.000000
 1.222500 0.000000 0.000000
 1.225000 0.000000 0.000000
 1.227500 0.000000 0.000000
 1.230000 0.000000 0.000000
 1.232500 0.000000 0.000000
 1.235000 0.000000 0.000000
 1.237500 0.000000 0.000000
 1.240000 0.000000 0.000000
 1.242500 0.000000 0.000000
 1.245000 0.000000 0.000000
 1.247500 0.000000 0.000000
 1.250000 0.000000 0.000000
 1.252500 0.000000 0.000000
 1.255000 0.000000 0.000000
 1.257500 0.000000 0.000000
 1.260000 0.000000 0.000000
 1.262500 0.000000 0.000000
 1.265000 0.000000 0.000000
 1.267500 0.000000 0.000000
 1.270000 0.000000 0.000000
 1.272500 0.000000 0.000000
 1.275000 0.000000 0.000000
 1.277500 0.000000 0.000000
 1.280000 0.000000 0.000000
 1.282500 0.000000 0.000000
 1.285000 0.000000 0.000000
 1.287500 0.000000 0.000000
 1.290000 0.000000 0.000000
 1.292500 0.000000 0.000000
 1.295000 0.000000 0.000000
 1.297500 0.000000 0.000000
 1.300000 0.000000 0.000000
 1.302500 0.000000 0.000000
 1.305000 0.000000 0.000000
 1.307500 0.000000 0.000000
 1.310000 0.000000 0.000000
 1.312500 0.000000 0.000000
 1.315000 0.000000 0.000000
 1.317500 0.000000 0.000000
 1.320000 0.000000 0.000000
 1.322500 0.000000 0.000000
 1.325000 0.000000 0.000000
 1.327500 0.000000 0.000000
 1.330000 0.000000 0.000000
 1.332500 0.000000 0.000000
 1.335000 0.000000 0.000000
 1.337500 0.000000 0.000000
 1.340000 0.000000 0.000000
 1.342500 0.000000 0.000000
 1.345000 0.000000 0.000000
 1.347500 0.000000 0.000000
 1.350000 0.000000 0.000000
 1.352500 0.000000 0.000000
 1.355000 0.000000 0.000000
 1.357500 0.000000 0.000000
 1.360000 0.000000 0.000000
 1.362500 0.000000 0.000000
 1.365000 0.000000 0.000000
 1.367500 0.000000 0.000000
 1.370000 0.000000 0.000000
 1.372500 0.000000 0.000000
 1.375000 0.000000 0.000000
 1.377500 0.000000 0.000000
 1.380000 0.000000 0.000000
 1.382500 0.000000 0.000000
 1.385000 0.000000 0.000000
 1.387500 0.000000 0.000000
 1.390000 0.000000 0.000000
 1.392500 0.000000 0.000000
 1.395000 0.000000 0.000000
 1.397500 0.000000 0.000000
 1.400000 0.000000 0.000000
 1.402500 0.000000 0.000000
 1.405000 0.000000 0.000000
 1.407500 0.000000 0.000000
 1.410000 0.000000 0.000000
 1.412500 0.000000 0.000000
 1.415000 0.000000 0.000000
 1.417500 0.000000 0.000000
 1.420000 0.000000 0.000000
 1.422500 0.000000 0.000000
 1.425000 0.000000 0.000000
 1.427500 0.000000 0.000000
 1.430000 0.000000 0.000000
 1.432500 0.000000 0.000000
 1.435000 0.000000 0.000000
 1.437500 0.000000 0.000000
 1.440000 0.000000 0.000000
 1.442500 0.000000 0.000000
 1.445000 0.000000 0.000000
 1.447500 0.000000 0.000000
 1.450000 0.000000 0.000000
 1.452500 0.000000 0.000000
 1.455000 0.000000 0.000000
 1.457500 0.000000 0.000000
 1.460000 0.000000 0.000000
 1.462500 0.000000 0.000000
 1.465000 0.000000 0.000000
 1.467500 0.000000 0.000000
 1.470000 0.000000 0.000000
 1.472500 0.000000 0.000000
 1.475000 0.000000 0.000000
 1.477500 0.000000 0.000000
 1.480000 0.000000 0.000000
 1.482500 0.000000 0.000000
 1.485000 0.000000 0.000000
 1.487500 0.000000 0.000000
 1.490000 0.000000 0.000000
 1.492500 0.000000 0.000000
 1.495000 0.000000 0.000000
 1.497500 0.000000 0.000000
 1.500000 0.000000 0.000000
 1.502500 0.000000 0.000000
 1.505000 0.000000 0.000000
 1.507500 0.000000 0.000000
 1.510000 0.000000 0.000000
 1.512500 0.000000 0.000000
 1.515000 0.000000 0.000000
 1.517500 0.000000 0.000000
 1.520000 0.000000 0.000000
 1.522500 0.000000 0.000000
 1.525000 0.000000 0.000000
 1.527500 0.000000 0.000000
 1.530000 0.000000 0.000000
 1.532500 0.000000 0.000000
 1.535000 0.000000 0.000000
 1.537500 0.000000 0.000000
 1.540000 0.000000 0.000000
 1.542500 0.000000 0.000000
 1.545000 0.000000 0.000000
 1.547500 0.000000 0.000000
 1.550000 0.000000 0.000000
 1.552500 0.000000 0.000000
 1.555000 0.000000 0.000000
 1.557500 0.000000 0.000000
 1.560000 0.000000 0.000000
 1.562500 0.000000 0.000000
 1.565000 0.000000 0.000000
 1.567500 0.000000 0.000000
 1.570000 0.000000 0.000000
 1.572500 0.000000 0.000000
 1.575000 0.000000 0.000000
 1.577500 0.000000 0.000000
 1.580000 0.000000 0.000000
 1.582500 0.000000 0.000000
 1.585000 0.000000 0.000000
 1.587500 0.000000 0.000000
 1.590000 0.000000 0.000000
 1.592500 0.000000 0.000000
 1.595000 0.000000 0.000000
 1.597500 0.000000 0.000000
 1.600000 0.000000 0.000000
 1.602500 0.000000 0.000000
 1.605000 0.000000 0.000000
 1.607500 0.000000 0.000000
 1.610000 0.000000 0.000000
 1.612500 0.000000 0.000000
 1.615000 0.000000 0.000000
 1.617500 0.000000 0.000000
 1.620000 0.000000 0.000000
 1.622500 0.000000 0.000000
 1.625000 0.000000 0.000000
 1.627500 0.000000 0.000000
 1.630000 0.000000 0.000000
 1.632500 0.000000 0.000000
 1.635000 0.000000 0.000000
 1.637500 0.000000 0.000000
 1.640000 0.000000 0.000000
 1.642500 0.000000 0.000000
 1.645000 0.000000 0.000000
 1.647500 0.000000 0.000000
 1.650000 0.000000 0.000000
 1.652500 0.000000 0.000000
 1.655000 0.000000 0.000000
 1.657500 0.000000 0.000000
 1.660000 0.000000 0.000000
 1.662500 0.000000 0.000000
 1.665000 0.000000 0.000000
 1.667500 0.000000 0.000000
 1.670000 0.000000 0.000000
 1.672500 0.000000 0.000000
 1.675000 0.000000 0.000000
 1.677500 0.000000 0.000000
 1.680000 0.000000 0.000000
 1.682500 0.000000 0.000000
 1.685000 0.000000 0.000000
 1.687500 0.000000 0.000000
 1.690000 0.000000 0.000000
 1.692500 0.000000 0.000000
 1.695000 0.000000 0.000000
 1.697500 0.000000 0.000000
 1.700000 0.000000 0.000000
 1.702500 0.000000 0.000000
 1.705000 0.000000 0.000000
 1.707500 0.000000 0.000000
 1.710000 0.000000 0.000000
 1.712500 0.000000 0.000000
 1.715000 0.000000 0.000000
 1.717500 0.000000 0.000000
 1.720000 0.000000 0.000000
 1.722500 0.000000 0.000000
 1.725000 0.000000 0.000000
 1.727500 0.000000 0.000000
 1.730000 0.000000 0.000000
 1.732500 0.000000 0.000000
 1.735000 0.000000 0.000000
 1.737500 0.000000 0.000000
 1.740000 0.000000 0.000000
 1.742500 0.000000 0.000000
 1.745000 0.000000 0.000000
 1.747500 0.000000 0.000000
 1.750000 0.000000 0.000000
 1.752500 0.000000 0.000000
 1.755000 0.000000 0.000000
 1.757500 0.000000 0.000000
 1.760000 0.000000 0.000000
 1.762500 0.000000 0.000000
 1.765000 0.000000 0.000000
 1.767500 0.000000 0.000000
 1.770000 0.000000 0.000000
 1.772500 0.000000 0.000000
 1.775000 0.000000 0.000000
 1.777500 0.000000 0.000000
 1.780000 0.000000 0.000000
 1.782500 0.000000 0.000000
 1.785000 0.000000 0.000000
 1.787500 0.000000 0.000000
 1.790000 0.000000 0.000000
 1.792500 0.000000 0.000000
 1.795000 0.000000 0.000000
 1.797500 0.000000 0.000000
 1.800000 0.000000 0.000000
 1.802500 0.000000 0.000000
 1.805000 0.000000 0.000000
 1.807500 0.000000 0.000000
 1.810000 0.000000 0.000000
 1.812500 0.000000 0.000000
 1.815000 0.000000 0.000000
 1.817500 0.000000 0.000000
 1.820000 0.000000 0.000000
 1.822500 0.000000 0.000000
 1.825000 0.000000 0.000000
 1.827500 0.000000 0.000000
 1.830000 0.000000 0.000000
 1.832500 0.000000 0.000000
 1.835000 0.000000 0.000000
 1.837500 0.000000 0.000000
 1.840000 0.000000 0.000000
 1.842500 0.000000 0.000000
 1.845000 0.000000 0.000000
 1.847500 0.000000 0.000000
 1.850000 0.000000 0.000000
 1.852500 0.000000 0.000000
 1.855000 0.000000 0.000000
 1.857500 0.000000 0.000000
 1.860000 0.000000 0.000000
 1.862500 0.000000 0.000000
 1.865000 0.000000 0.000000
 1.867500 0.000000 0.000000
 1.870000 0.000000 0.000000
 1.872500 0.000000 0.000000
 1.875000 0.000000 0.000000
 1.877500 0.000000 0.000000
 1.880000 0.000000 0.000000
 1.882500 0.000000 0.000000
 1.885000 0.000000 0.000000
 1.887500 0.000000 0.000000
 1.890000 0.000000 0.000000
 1.892500 0.000000 0.000000
 1.895000 0.000000 0.000000
 1.897500 0.000000 0.000000
 1.900000 0.000000 0.000000
 1.902500 0.000000 0.000000
 1.905000 0.000000 0.000000
 1.907500 0.000000 0.000000
 1.910000 0.000000 0.000000
 1.912500 0.000000 0.000000
 1.915000 0.000000 0.000000
 1.917500 0.000000 0.000000
 1.920000 0.000000 0.000000
 1.922500 0.000000 0.000000
 1.925000 0.000000 0.000000
 1.927500 0.000000 0.000000
 1.930000 0.000000 0.000000
 1.932500 0.000000 0.000000
 1.935000 0.000000 0.000000
 1.937500 0.000000 0.000000
 1.940000 0.000000 0.000000
 1.942500 0.000000 0.000000
 1.945000 0.000000 0.000000
 1.947500 0.000000 0.000000
 1.950000 0.000000 0.000000
 1.952500 0.000000 0.000000
 1.955000 0.000000 0.000000
 1.957500 0.000000 0.000000
 1.960000 0.000000 0.000000
 1.962500 0.000000 0.000000
 1.965000 0.000000 0.000000
 1.967500 0.000000 0.000000
 1.970000 0.000000 0.000000
 1.972500 0.000000 0.000000
 1.975000 0.000000 0.000000
 1.977500 0.000000 0.000000
 1.980000 0.000000 0.000000
 1.982500 0.000000 0.000000
 1.985000 0.000000 0.000000
 1.987500 0.000000 0.000000
 1.990000 0.000000 0.000000
 1.992500 0.000000 0.000000
 1.995000 0.000000 0.000000
 1.997500 0.000000 0.000000
 2.000000 0.000000 0.000000
