# Time-averaged data for fix AVG
# TimeStep v_Vol v_H
6500000 8.51272 1.78785
6501000 8.50375 -3.41287
6502000 8.37498 -3.30782
6503000 8.5822 -3.57624
6504000 8.49818 -3.42413
6505000 8.43035 -3.30205
6506000 8.38058 -3.32695
6507000 8.32949 -3.24229
6508000 8.37159 -3.2246
6509000 8.28289 -3.04852
6510000 8.42691 -3.39333
6511000 8.46039 -3.39523
6512000 8.41682 -2.94223
6513000 8.46227 -3.2229
6514000 8.37299 -3.29526
6515000 8.52826 -3.55742
6516000 8.49265 -3.42501
6517000 8.52452 -3.33978
6518000 8.38148 -3.29359
6519000 8.46196 -3.44995
6520000 8.54686 -3.57802
6521000 8.42195 -3.35695
6522000 8.40896 -3.2899
6523000 8.375 -3.38017
6524000 8.40762 -3.08835
6525000 8.5065 -3.48961
6526000 8.49118 -3.10513
6527000 8.47806 -3.43215
6528000 8.52845 -3.55457
6529000 8.49794 -3.63001
6530000 8.51674 -3.2342
6531000 8.61189 -3.43707
6532000 8.50368 -3.31719
6533000 8.44597 -3.41392
6534000 8.39126 -3.49848
6535000 8.38977 -3.32709
6536000 8.26888 -3.21535
6537000 8.35997 -3.27427
6538000 8.37236 -3.43796
6539000 8.4235 -3.41249
6540000 8.3625 -3.39782
6541000 8.31259 -3.38393
6542000 8.31419 -3.29047
6543000 8.4968 -3.36619
6544000 8.26996 -3.04587
6545000 8.25958 -3.25327
6546000 8.33811 -3.25323
6547000 8.31696 -3.25668
6548000 8.35034 -3.25098
6549000 8.30239 -3.14395
6550000 8.41168 -3.30799
6551000 8.33928 -3.16393
6552000 8.30715 -2.99573
6553000 8.44995 -3.33113
6554000 8.58495 -3.36948
6555000 8.47954 -3.14897
6556000 8.55233 -3.37901
6557000 8.48179 -3.53622
6558000 8.4975 -3.44849
6559000 8.38067 -3.28651
6560000 8.44485 -3.40594
6561000 8.56484 -3.50584
6562000 8.41588 -3.14296
6563000 8.39114 -3.20691
6564000 8.50341 -3.56695
6565000 8.43693 -3.35472
6566000 8.46956 -3.21453
6567000 8.59177 -3.64239
6568000 8.5852 -3.441
6569000 8.43068 -3.16054
6570000 8.4913 -3.32675
6571000 8.49193 -3.60184
6572000 8.5527 -3.34488
6573000 8.46241 -3.2397
6574000 8.42996 -3.31081
6575000 8.46997 -3.22424
6576000 8.43997 -3.41914
6577000 8.30855 -3.20329
6578000 8.4438 -3.35012
6579000 8.42131 -3.4281
6580000 8.48417 -3.489
6581000 8.4514 -3.41415
6582000 8.4264 -3.5676
6583000 8.36263 -3.24853
6584000 8.36168 -3.19752
6585000 8.49217 -3.52161
6586000 8.36841 -3.24258
6587000 8.37802 -3.50553
6588000 8.49797 -3.32235
6589000 8.44016 -3.32061
6590000 8.41231 -3.27748
6591000 8.5906 -3.33658
6592000 8.44948 -3.26448
6593000 8.49377 -3.29859
6594000 8.51029 -3.27596
6595000 8.40752 -3.35698
6596000 8.4924 -3.60665
6597000 8.30894 -3.22083
6598000 8.51096 -3.45626
6599000 8.51962 -3.35952
6600000 8.50839 -3.43775
6601000 8.41344 -3.32258
6602000 8.48541 -3.31531
6603000 8.38987 -3.43742
6604000 8.41423 -3.44409
6605000 8.35573 -3.13198
6606000 8.48429 -3.35444
6607000 8.43277 -3.42486
6608000 8.37178 -3.18049
6609000 8.38903 -3.42243
6610000 8.43273 -3.46545
6611000 8.4547 -3.40521
6612000 8.52929 -3.48241
6613000 8.52407 -3.51693
6614000 8.49581 -3.32321
6615000 8.50098 -3.39378
6616000 8.41419 -3.31093
6617000 8.44901 -3.30595
6618000 8.33178 -3.21812
6619000 8.33022 -3.26305
6620000 8.4074 -3.17854
6621000 8.39106 -3.37877
6622000 8.54103 -3.42971
6623000 8.36491 -3.35429
6624000 8.31656 -3.12888
6625000 8.5089 -3.32939
6626000 8.44994 -3.50555
6627000 8.45362 -3.34004
6628000 8.35599 -3.12561
6629000 8.45294 -3.43006
6630000 8.31169 -3.24413
6631000 8.40665 -3.2874
6632000 8.39527 -3.2073
6633000 8.2853 -3.02665
6634000 8.30517 -3.25933
6635000 8.47974 -3.57558
6636000 8.57619 -3.38739
6637000 8.45934 -3.67046
6638000 8.38873 -3.26415
6639000 8.35117 -3.21372
6640000 8.44157 -3.05136
6641000 8.52342 -3.36643
6642000 8.43875 -3.32106
6643000 8.46876 -3.22405
6644000 8.5232 -3.36418
6645000 8.38916 -3.21095
6646000 8.37224 -3.32145
6647000 8.3754 -3.43306
6648000 8.44307 -3.51825
6649000 8.38835 -3.26682
6650000 8.44553 -3.44176
6651000 8.50463 -3.52741
6652000 8.36041 -3.26532
6653000 8.50612 -3.41955
6654000 8.34028 -3.32103
6655000 8.45435 -3.37159
6656000 8.5474 -3.55753
6657000 8.44721 -3.46743
6658000 8.57346 -3.72295
6659000 8.48008 -3.29876
6660000 8.57713 -3.2323
6661000 8.44567 -3.20231
6662000 8.56154 -3.61446
6663000 8.27137 -3.06179
6664000 8.37528 -3.49849
6665000 8.45901 -3.45182
6666000 8.38111 -3.08033
6667000 8.45131 -3.54302
6668000 8.56824 -3.07096
6669000 8.49954 -3.19746
6670000 8.56454 -3.28744
6671000 8.52982 -3.44157
6672000 8.41201 -3.37857
6673000 8.39391 -3.22599
6674000 8.42633 -3.33607
6675000 8.38951 -3.32432
6676000 8.2998 -3.30675
6677000 8.45707 -3.47034
6678000 8.37697 -3.13979
6679000 8.36744 -3.3194
6680000 8.35667 -3.12776
6681000 8.31149 -3.33578
6682000 8.36197 -3.08145
6683000 8.37235 -3.38607
6684000 8.32792 -3.3039
6685000 8.3812 -3.2957
6686000 8.41869 -3.56647
6687000 8.37222 -3.34836
6688000 8.37359 -3.20344
6689000 8.38995 -3.33419
6690000 8.42745 -3.31516
6691000 8.47979 -3.28961
6692000 8.47147 -3.18537
6693000 8.5832 -3.58113
6694000 8.54681 -3.50114
6695000 8.57187 -3.3652
6696000 8.68496 -3.62073
6697000 8.39082 -3.22341
6698000 8.5256 -3.45782
6699000 8.60802 -3.45098
6700000 8.48163 -3.33828
6701000 8.44881 -3.2734
6702000 8.5112 -3.39221
6703000 8.39473 -3.40286
6704000 8.44373 -3.32347
6705000 8.41881 -3.24832
6706000 8.44785 -3.53455
6707000 8.41832 -3.27379
6708000 8.2909 -3.12179
6709000 8.48361 -3.2207
6710000 8.4183 -3.32624
6711000 8.4607 -3.33499
6712000 8.46381 -3.2584
6713000 8.37722 -3.10719
6714000 8.46517 -3.44262
6715000 8.36966 -3.32665
6716000 8.40095 -3.51569
6717000 8.51935 -3.30499
6718000 8.4816 -3.24635
6719000 8.50573 -3.37905
6720000 8.46552 -3.38098
6721000 8.49595 -3.17061
6722000 8.518 -3.32098
6723000 8.59348 -3.56772
6724000 8.57474 -3.43753
6725000 8.42657 -3.21807
6726000 8.37247 -3.0972
6727000 8.48564 -2.99221
6728000 8.41918 -3.21435
6729000 8.53964 -3.39205
6730000 8.43213 -3.22277
6731000 8.37981 -3.25026
6732000 8.45764 -3.33946
6733000 8.37148 -3.25588
6734000 8.52376 -3.31939
6735000 8.40767 -3.49788
6736000 8.4318 -3.43088
6737000 8.40586 -3.49697
6738000 8.40925 -3.18594
6739000 8.57345 -3.44329
6740000 8.47305 -3.20678
6741000 8.54406 -3.3877
6742000 8.47146 -3.28173
6743000 8.58906 -3.30315
6744000 8.35963 -3.2364
6745000 8.34538 -3.01302
6746000 8.42956 -3.33837
6747000 8.52818 -3.44537
6748000 8.37797 -3.31549
6749000 8.45264 -3.36225
6750000 8.53927 -3.55773
