# Time-averaged data for fix AVG
# TimeStep v_Vol v_H
5500000 11.0273 1.18245
5501000 11.0538 -4.26403
5502000 11.0803 -4.41802
5503000 10.9185 -4.27289
5504000 10.8385 -4.22313
5505000 11.0123 -3.99907
5506000 10.9814 -4.2858
5507000 10.9827 -4.30305
5508000 10.8269 -4.04912
5509000 10.8238 -3.85925
5510000 10.7774 -3.93345
5511000 10.9488 -4.11072
5512000 11.0219 -4.17941
5513000 11.2431 -4.28056
5514000 10.9167 -4.01713
5515000 11.1057 -4.2688
5516000 11.0045 -3.96568
5517000 10.739 -3.8798
5518000 10.9171 -4.19775
5519000 10.7899 -4.16479
5520000 10.9053 -4.12914
5521000 10.8948 -3.93081
5522000 10.9758 -3.85084
5523000 10.9336 -4.35946
5524000 10.942 -4.02855
5525000 10.6605 -3.93456
5526000 10.9169 -4.28347
5527000 10.5641 -3.80926
5528000 10.7787 -4.09252
5529000 10.6692 -3.90428
5530000 10.9627 -4.19405
5531000 10.8055 -4.09832
5532000 11.1237 -4.3153
5533000 10.9747 -4.01791
5534000 10.8892 -4.15474
5535000 11.0395 -4.39714
5536000 11.0235 -4.35304
5537000 11.0018 -4.09147
5538000 10.8855 -4.0488
5539000 10.5541 -3.72565
5540000 10.6558 -3.9078
5541000 10.8998 -4.09456
5542000 10.784 -3.91995
5543000 10.8519 -4.08158
5544000 10.8332 -4.17134
5545000 10.7445 -3.97887
5546000 10.9703 -4.19433
5547000 10.8397 -4.10536
5548000 11.0617 -4.11929
5549000 11.0997 -4.13585
5550000 10.8999 -4.18839
5551000 11.1048 -4.14619
5552000 10.6899 -4.00442
5553000 10.7858 -4.13073
5554000 10.7149 -3.97574
5555000 10.9606 -4.08336
5556000 10.9239 -3.89156
5557000 10.9391 -4.17595
5558000 10.6951 -3.8326
5559000 10.6975 -3.89417
5560000 10.9394 -4.32209
5561000 10.868 -4.08174
5562000 10.8185 -3.99948
5563000 10.9041 -4.01528
5564000 11.0276 -4.10077
5565000 10.9377 -4.09583
5566000 10.9362 -3.83934
5567000 10.9942 -4.10842
5568000 11.2288 -4.25302
5569000 11.2384 -4.20124
5570000 11.1678 -4.21984
5571000 11.0111 -4.1757
5572000 11.2056 -4.2604
5573000 10.8803 -4.17492
5574000 10.8823 -4.02206
5575000 10.9937 -4.09745
5576000 10.8449 -4.39462
5577000 10.8342 -4.05601
5578000 10.7773 -4.10859
5579000 10.8694 -4.27486
5580000 10.9861 -4.18136
5581000 10.8964 -4.01069
5582000 10.623 -4.33024
5583000 10.7209 -4.22
5584000 10.7161 -4.03618
5585000 10.9106 -4.2253
5586000 10.8317 -4.22907
5587000 10.9764 -4.042
5588000 10.8783 -3.80506
5589000 10.9695 -4.10668
5590000 10.9286 -4.02944
5591000 11.0364 -4.31813
5592000 10.9767 -4.04278
5593000 11.1007 -4.14898
5594000 11.0658 -4.19536
5595000 11.0061 -4.16307
5596000 10.9022 -3.96266
5597000 11.219 -4.25749
5598000 11.1193 -4.30281
5599000 11.1186 -4.12566
5600000 10.9599 -4.04084
5601000 10.9717 -4.20745
5602000 11.1113 -4.15829
5603000 10.7708 -4.0989
5604000 10.8384 -3.89594
5605000 11.06 -4.04782
5606000 10.9176 -4.05381
5607000 10.9507 -4.03899
5608000 11.361 -4.21252
5609000 11.0516 -4.20385
5610000 10.9822 -4.17217
5611000 10.9922 -4.07005
5612000 10.8913 -4.01282
5613000 10.7578 -3.86029
5614000 11.0401 -4.13466
5615000 10.9864 -4.24217
5616000 11.1755 -4.33159
5617000 11.305 -4.11831
5618000 11.2381 -4.27497
5619000 10.8908 -4.081
5620000 11.0225 -4.14224
5621000 10.9945 -4.17436
5622000 10.9793 -4.15886
5623000 10.8613 -4.19006
5624000 10.9093 -3.91336
5625000 11.0436 -3.98752
5626000 10.9376 -4.16465
5627000 10.8189 -4.14399
5628000 10.7791 -4.08118
5629000 10.6298 -3.96654
5630000 10.6408 -3.96935
5631000 10.5985 -4.10871
5632000 10.7797 -4.09936
5633000 10.7955 -4.38857
5634000 10.6634 -4.23469
5635000 10.7862 -4.249
5636000 10.7185 -3.95917
5637000 10.6815 -4.25798
5638000 10.7159 -4.19591
5639000 10.9466 -4.14224
5640000 11.0082 -4.03052
5641000 10.9542 -4.19708
5642000 10.9927 -4.32799
5643000 10.7994 -4.1373
5644000 11.0868 -4.35974
5645000 10.9199 -4.07603
5646000 10.9544 -4.19636
5647000 10.596 -4.05065
5648000 10.6063 -4.09561
5649000 10.732 -4.1327
5650000 10.507 -4.18243
5651000 10.6282 -4.27735
5652000 10.8955 -4.24241
5653000 10.992 -4.29079
5654000 10.6977 -4.0725
5655000 10.6258 -3.97311
5656000 10.8953 -4.28427
5657000 10.6496 -4.08403
5658000 10.8344 -4.11494
5659000 10.842 -4.35462
5660000 10.6684 -4.24311
5661000 10.7255 -4.22914
5662000 10.7272 -4.08086
5663000 10.7428 -4.21008
5664000 10.7522 -4.02398
5665000 10.7947 -4.19865
5666000 10.6158 -4.08833
5667000 10.5197 -3.99553
5668000 10.5643 -4.00834
5669000 10.6664 -3.97723
5670000 10.7798 -4.22228
5671000 10.8013 -4.16685
5672000 10.8303 -4.16305
5673000 10.6943 -3.92588
5674000 10.7404 -3.92559
5675000 11.0038 -4.09093
5676000 10.7163 -4.01422
5677000 10.7103 -3.7567
5678000 10.8669 -3.98262
5679000 10.7843 -4.15047
5680000 10.8916 -4.12322
5681000 11.005 -4.34205
5682000 10.7351 -4.0143
5683000 10.9246 -4.17868
5684000 10.991 -4.13499
5685000 11.0488 -4.19859
5686000 10.7682 -3.97789
5687000 10.7998 -4.12536
5688000 10.812 -3.89666
5689000 10.8504 -4.3173
5690000 10.9665 -4.25261
5691000 10.8552 -4.24839
5692000 10.9352 -4.11124
5693000 10.9397 -4.03119
5694000 10.9591 -3.98047
5695000 11.2487 -4.31427
5696000 11.0525 -4.13094
5697000 10.9259 -4.04359
5698000 11.0936 -4.207
5699000 11.0136 -4.16972
5700000 11.09 -4.26541
5701000 10.8869 -4.01851
5702000 11.1466 -4.21663
5703000 11.0761 -4.10282
5704000 10.8022 -4.0035
5705000 10.8581 -4.21785
5706000 10.8063 -4.11956
5707000 10.8863 -4.32019
5708000 10.7606 -4.11795
5709000 10.8199 -4.2646
5710000 10.7123 -4.0125
5711000 10.7849 -4.19534
5712000 11.0607 -4.20409
5713000 10.6579 -4.07653
5714000 10.8152 -4.27173
5715000 10.4796 -4.08307
5716000 10.753 -4.06869
5717000 10.6127 -4.05
5718000 10.451 -3.91647
5719000 10.6617 -4.23861
5720000 10.765 -3.95324
5721000 10.8339 -4.02471
5722000 10.844 -4.0549
5723000 10.9258 -4.2085
5724000 11.0301 -4.11596
5725000 11.107 -4.03074
5726000 11.0394 -4.19273
5727000 10.9394 -4.05975
5728000 10.9091 -3.89697
5729000 10.9315 -4.1992
5730000 10.8555 -3.9396
5731000 10.792 -4.18123
5732000 11.1225 -4.21628
5733000 10.8152 -4.23648
5734000 10.7962 -4.14373
5735000 10.8824 -4.14818
5736000 10.6493 -4.01496
5737000 11.0855 -4.29309
5738000 10.8402 -3.96509
5739000 10.739 -4.07904
5740000 10.8399 -4.17762
5741000 10.5912 -4.03675
5742000 10.5359 -4.23953
5743000 10.6701 -3.8962
5744000 10.7293 -3.88489
5745000 10.8513 -3.99666
5746000 10.9673 -4.15378
5747000 10.6519 -3.97867
5748000 10.8814 -4.06101
5749000 10.9207 -3.98795
5750000 10.9987 -4.24193
