# Time-averaged data for fix AVG
# TimeStep v_Vol v_H
10750000 7.39801 2.80072
10751000 7.36467 -2.61632
10752000 7.36492 -2.63963
10753000 7.38096 -2.60061
10754000 7.38957 -2.78657
10755000 7.43083 -2.8315
10756000 7.4186 -2.81501
10757000 7.41441 -2.88683
10758000 7.4369 -2.97424
10759000 7.40943 -2.78693
10760000 7.37397 -2.63234
10761000 7.39787 -2.74083
10762000 7.41287 -2.77002
10763000 7.42568 -2.86179
10764000 7.39014 -2.76199
10765000 7.37224 -2.62063
10766000 7.37815 -2.6784
10767000 7.36812 -2.63715
10768000 7.4058 -2.89401
10769000 7.39997 -2.74531
10770000 7.38376 -2.70958
10771000 7.41959 -2.87858
10772000 7.39967 -2.76068
10773000 7.37789 -2.75579
10774000 7.39667 -2.67673
10775000 7.39879 -2.75167
10776000 7.40396 -2.74687
10777000 7.42984 -2.84827
10778000 7.40936 -2.81046
10779000 7.42462 -2.90321
10780000 7.40554 -2.7376
10781000 7.42047 -2.83303
10782000 7.44675 -2.92501
10783000 7.41103 -2.81278
10784000 7.41244 -2.92935
10785000 7.3825 -2.78054
10786000 7.37715 -2.71428
10787000 7.36273 -2.56426
10788000 7.3809 -2.63225
10789000 7.41324 -2.88874
10790000 7.40651 -2.90425
10791000 7.38483 -2.79704
10792000 7.40821 -2.78385
10793000 7.38792 -2.70524
10794000 7.3595 -2.64012
10795000 7.37577 -2.74574
10796000 7.38227 -2.61767
10797000 7.35064 -2.64752
10798000 7.39889 -2.85606
10799000 7.39436 -2.71785
10800000 7.3731 -2.64556
10801000 7.41346 -2.8098
10802000 7.39644 -2.75977
10803000 7.38369 -2.64362
10804000 7.41575 -2.80842
10805000 7.39402 -2.82096
10806000 7.4156 -2.72612
10807000 7.4189 -2.85345
10808000 7.40299 -2.85171
10809000 7.39846 -2.79935
10810000 7.38494 -2.81832
10811000 7.4251 -2.83744
10812000 7.4074 -2.81318
10813000 7.38365 -2.59919
10814000 7.38299 -2.65138
10815000 7.44904 -3.04523
10816000 7.42407 -2.77202
10817000 7.3829 -2.86493
10818000 7.38836 -2.76783
10819000 7.34168 -2.57934
10820000 7.38529 -2.81702
10821000 7.41782 -2.73708
10822000 7.42287 -2.82048
10823000 7.37181 -2.76653
10824000 7.37948 -2.72001
10825000 7.39325 -2.67476
10826000 7.32656 -2.496
10827000 7.37848 -2.80875
10828000 7.42604 -2.88658
10829000 7.39562 -2.77121
10830000 7.40303 -2.78217
10831000 7.39638 -2.77537
10832000 7.42537 -2.84888
10833000 7.3865 -2.8558
10834000 7.37506 -2.63624
10835000 7.38328 -2.71302
10836000 7.37571 -2.65732
10837000 7.35468 -2.71086
10838000 7.3958 -2.71602
10839000 7.32557 -2.55614
10840000 7.35532 -2.62022
10841000 7.35022 -2.62295
10842000 7.3434 -2.58897
10843000 7.38716 -2.73161
10844000 7.39948 -2.85609
10845000 7.3752 -2.7304
10846000 7.41386 -2.8747
10847000 7.39962 -2.79069
10848000 7.36947 -2.81859
10849000 7.39281 -2.75373
10850000 7.40056 -2.82863
10851000 7.38141 -2.73982
10852000 7.41188 -2.85128
10853000 7.40954 -2.82807
10854000 7.4202 -2.87152
10855000 7.43712 -2.92312
10856000 7.38914 -2.80193
10857000 7.38091 -2.74626
10858000 7.37198 -2.70482
10859000 7.4069 -2.81081
10860000 7.40061 -2.84118
10861000 7.39817 -2.77936
10862000 7.41679 -2.79529
10863000 7.42644 -2.91211
10864000 7.40452 -2.69516
10865000 7.39058 -2.59463
10866000 7.37285 -2.71449
10867000 7.39499 -2.89468
10868000 7.36378 -2.75301
10869000 7.36044 -2.64643
10870000 7.36639 -2.6686
10871000 7.3532 -2.61741
10872000 7.41247 -2.80957
10873000 7.40734 -2.89969
10874000 7.4152 -2.75763
10875000 7.38623 -2.66065
10876000 7.40601 -2.89315
10877000 7.35237 -2.60544
10878000 7.36695 -2.6604
10879000 7.34634 -2.59164
10880000 7.33168 -2.60432
10881000 7.37238 -2.70433
10882000 7.46763 -3.01401
10883000 7.43374 -2.91824
10884000 7.42467 -2.97103
10885000 7.42197 -2.95792
10886000 7.41797 -2.85694
10887000 7.37986 -2.7794
10888000 7.38654 -2.74264
10889000 7.39552 -2.85575
10890000 7.39817 -2.80364
10891000 7.38056 -2.72918
10892000 7.38836 -2.77299
10893000 7.39245 -2.76122
10894000 7.4004 -2.80551
10895000 7.3835 -2.66629
10896000 7.38599 -2.78096
10897000 7.38442 -2.7975
10898000 7.35983 -2.73086
10899000 7.40301 -2.76563
10900000 7.40811 -2.90631
10901000 7.39215 -2.77417
10902000 7.40979 -2.94219
10903000 7.42713 -2.85439
10904000 7.39593 -2.87664
10905000 7.38115 -2.67817
10906000 7.36718 -2.7693
10907000 7.37937 -2.69502
10908000 7.41486 -2.80037
10909000 7.4051 -2.73986
10910000 7.38509 -2.73582
10911000 7.34351 -2.64586
10912000 7.37239 -2.76325
10913000 7.36483 -2.65012
10914000 7.38555 -2.7411
10915000 7.35757 -2.6219
10916000 7.37791 -2.66074
10917000 7.40663 -2.91118
10918000 7.41682 -2.91051
10919000 7.43016 -2.87913
10920000 7.35654 -2.58963
10921000 7.36828 -2.67991
10922000 7.37878 -2.74936
10923000 7.36307 -2.72473
10924000 7.35508 -2.67984
10925000 7.38673 -2.74367
10926000 7.36339 -2.72712
10927000 7.40297 -2.84963
10928000 7.43716 -2.96961
10929000 7.42543 -2.84601
10930000 7.4241 -3.01942
10931000 7.38084 -2.73614
10932000 7.40989 -2.77035
10933000 7.38744 -2.68492
10934000 7.35815 -2.6261
10935000 7.3876 -2.68656
10936000 7.39614 -2.77549
10937000 7.3964 -2.89498
10938000 7.3618 -2.60842
10939000 7.35994 -2.66982
10940000 7.40719 -2.70938
10941000 7.40299 -2.83396
10942000 7.37756 -2.64642
10943000 7.39752 -2.78816
10944000 7.43262 -2.908
10945000 7.41754 -2.82206
10946000 7.39056 -2.76443
10947000 7.41779 -2.85556
10948000 7.42688 -2.82346
10949000 7.42423 -2.8133
10950000 7.38219 -2.71136
10951000 7.37433 -2.65355
10952000 7.34679 -2.58553
10953000 7.36355 -2.73584
10954000 7.40545 -2.76316
10955000 7.37654 -2.6925
10956000 7.38726 -2.90877
10957000 7.39428 -2.82367
10958000 7.38122 -2.70064
10959000 7.3888 -2.70012
10960000 7.38412 -2.71201
10961000 7.39223 -2.75526
10962000 7.37847 -2.75158
10963000 7.40114 -2.77176
10964000 7.38772 -2.70854
10965000 7.3749 -2.68792
10966000 7.38968 -2.83946
10967000 7.3928 -2.70144
10968000 7.38007 -2.67282
10969000 7.36595 -2.7827
10970000 7.3965 -2.85504
10971000 7.37389 -2.72865
10972000 7.36375 -2.68687
10973000 7.38519 -2.71367
10974000 7.36988 -2.59535
10975000 7.39433 -2.71566
10976000 7.35976 -2.55819
10977000 7.40511 -2.78884
10978000 7.38836 -2.64657
10979000 7.38533 -2.76136
10980000 7.40949 -2.8244
10981000 7.39808 -2.68334
10982000 7.39605 -2.73232
10983000 7.38607 -2.69483
10984000 7.39353 -2.70835
10985000 7.42412 -2.96091
10986000 7.39859 -2.7472
10987000 7.41826 -2.89534
10988000 7.41405 -2.71703
10989000 7.44421 -2.9392
10990000 7.4058 -2.76586
10991000 7.4027 -2.77717
10992000 7.39998 -2.71079
10993000 7.37993 -2.79459
10994000 7.37418 -2.7497
10995000 7.37471 -2.65672
10996000 7.38501 -2.71313
10997000 7.37713 -2.51335
10998000 7.3643 -2.7179
10999000 7.34336 -2.61041
11000000 7.39297 -2.69594
