# Time-averaged data for fix AVG
# TimeStep v_Vol v_H
12250000 8.08767 2.05611
12251000 8.06321 -2.64218
12252000 8.02725 -2.87569
12253000 8.03635 -2.70713
12254000 8.06204 -3.01355
12255000 7.95408 -2.68315
12256000 8.04047 -2.74274
12257000 8.01402 -2.44221
12258000 7.98546 -2.63295
12259000 8.01661 -2.42039
12260000 8.09858 -2.66162
12261000 7.95022 -2.68643
12262000 8.04088 -2.68777
12263000 8.0439 -2.62489
12264000 7.98639 -2.73589
12265000 7.96659 -2.6833
12266000 7.92521 -2.56353
12267000 8.03586 -2.85498
12268000 7.94221 -2.69092
12269000 7.97945 -2.75025
12270000 7.98921 -2.60781
12271000 7.9592 -2.61544
12272000 8.06891 -2.56907
12273000 8.05684 -2.57416
12274000 8.0855 -2.7467
12275000 8.02627 -2.80999
12276000 8.05423 -2.54736
12277000 8.06513 -2.64977
12278000 7.94142 -2.64641
12279000 7.97602 -2.63433
12280000 8.10297 -3.07656
12281000 8.0761 -2.86772
12282000 7.96425 -2.69248
12283000 8.02358 -2.80786
12284000 8.0248 -2.74055
12285000 8.03278 -2.99748
12286000 7.88896 -2.63969
12287000 7.94201 -2.7456
12288000 8.03641 -2.84762
12289000 8.0893 -2.86127
12290000 7.94456 -2.67246
12291000 7.92934 -2.67604
12292000 7.89314 -2.59617
12293000 8.04671 -2.98625
12294000 7.94367 -2.69949
12295000 8.01012 -2.91552
12296000 7.93349 -2.43063
12297000 8.0189 -2.78608
12298000 8.07576 -2.63388
12299000 8.03942 -2.69592
12300000 8.08541 -2.91161
12301000 8.02578 -2.70654
12302000 8.0321 -2.96565
12303000 8.07236 -2.72769
12304000 8.11943 -2.9645
12305000 8.05067 -2.74285
12306000 7.99405 -2.51052
12307000 8.04587 -2.71574
12308000 8.11093 -2.81993
12309000 8.07527 -2.83296
12310000 8.02786 -2.76054
12311000 8.02597 -2.77284
12312000 8.10616 -2.86489
12313000 8.0396 -2.44979
12314000 7.9851 -2.6121
12315000 7.98542 -2.63731
12316000 8.03812 -2.73304
12317000 8.11574 -3.07829
12318000 7.93885 -2.53562
12319000 7.99593 -2.72624
12320000 7.99009 -2.87282
12321000 7.9468 -2.77122
12322000 8.04572 -2.58277
12323000 7.92683 -2.67705
12324000 8.00131 -2.50731
12325000 8.06372 -2.77453
12326000 7.95261 -2.60166
12327000 7.99977 -2.746
12328000 8.05578 -2.90038
12329000 7.98804 -2.75095
12330000 8.01213 -2.77852
12331000 7.98643 -2.76485
12332000 7.97273 -2.44958
12333000 8.00171 -2.49107
12334000 8.10888 -2.768
12335000 7.95905 -2.75171
12336000 7.95971 -2.83512
12337000 7.90308 -2.4939
12338000 8.0407 -2.5905
12339000 7.96826 -2.68341
12340000 7.96823 -2.81945
12341000 7.9967 -2.92296
12342000 8.05305 -2.62291
12343000 8.00473 -2.60264
12344000 8.00555 -2.65337
12345000 7.89592 -2.52301
12346000 8.00585 -2.94009
12347000 8.02388 -2.89133
12348000 8.03756 -2.96945
12349000 8.00227 -2.68377
12350000 7.99357 -2.64425
12351000 7.99396 -2.883
12352000 8.02326 -2.60061
12353000 8.09221 -2.77276
12354000 8.04697 -2.90474
12355000 8.01988 -2.83088
12356000 8.13612 -3.11982
12357000 8.041 -3.01995
12358000 7.98946 -2.78381
12359000 7.85732 -2.58995
12360000 7.97506 -2.86915
12361000 8.03524 -3.09288
12362000 8.03067 -2.69819
12363000 7.91926 -2.37418
12364000 8.05437 -2.62429
12365000 7.99231 -2.90719
12366000 7.89942 -2.45309
12367000 8.09715 -3.12264
12368000 8.01009 -2.8747
12369000 8.0163 -2.7453
12370000 7.99359 -2.68804
12371000 8.03926 -2.79165
12372000 7.93227 -2.58325
12373000 8.03963 -2.99097
12374000 7.90455 -2.59472
12375000 7.91353 -2.57941
12376000 8.02036 -2.8862
12377000 8.03293 -2.53222
12378000 8.00505 -2.76642
12379000 8.01713 -2.76653
12380000 7.93037 -2.7416
12381000 7.91257 -2.67966
12382000 7.95735 -2.61811
12383000 8.10643 -2.98999
12384000 7.98714 -2.83914
12385000 7.99223 -2.81015
12386000 7.93586 -2.67863
12387000 7.98936 -2.78036
12388000 7.94737 -2.54986
12389000 8.02028 -2.64974
12390000 8.01783 -2.70839
12391000 8.04665 -2.91772
12392000 8.10384 -2.92977
12393000 8.07617 -2.7266
12394000 7.91064 -2.44465
12395000 8.03253 -2.64254
12396000 8.08172 -2.85279
12397000 7.96558 -2.77173
12398000 7.98787 -2.6236
12399000 7.97213 -2.6797
12400000 7.98983 -2.68792
12401000 8.08818 -2.73874
12402000 7.99233 -2.7253
12403000 7.9134 -2.52361
12404000 8.03294 -3.05807
12405000 8.00613 -2.97397
12406000 7.9708 -2.86161
12407000 7.93372 -2.87951
12408000 7.88426 -2.6456
12409000 7.97461 -2.6699
12410000 8.02279 -2.68675
12411000 8.0446 -2.92701
12412000 8.10856 -3.12012
12413000 7.95923 -2.76514
12414000 7.97185 -2.83792
12415000 8.0687 -3.05025
12416000 7.98 -2.53943
12417000 8.13553 -3.07339
12418000 8.02097 -2.65412
12419000 8.08271 -2.91043
12420000 8.08438 -2.70971
12421000 8.03909 -2.71537
12422000 8.08627 -3.04693
12423000 7.95455 -2.85664
12424000 8.04315 -2.74507
12425000 7.95906 -2.7861
12426000 7.92265 -2.59014
12427000 8.06981 -2.92481
12428000 8.02083 -2.70397
12429000 8.09089 -2.91586
12430000 8.06008 -2.75798
12431000 8.12846 -2.67545
12432000 8.11514 -2.75739
12433000 8.08632 -3.04407
12434000 8.00685 -2.95938
12435000 7.95852 -2.73287
12436000 7.98781 -2.63489
12437000 8.01012 -2.92269
12438000 8.10334 -2.99636
12439000 7.88728 -2.67287
12440000 8.00656 -2.65297
12441000 7.92933 -2.56683
12442000 8.00653 -2.55906
12443000 7.95667 -2.64985
12444000 7.95297 -2.80453
12445000 7.87842 -2.55659
12446000 7.9795 -2.96242
12447000 7.89974 -2.71952
12448000 8.06116 -2.96407
12449000 7.99789 -2.93625
12450000 8.03015 -2.88013
12451000 7.93837 -2.58982
12452000 8.06818 -2.88505
12453000 7.9232 -2.52116
12454000 7.83921 -2.54054
12455000 7.92421 -2.61001
12456000 7.98986 -2.96329
12457000 7.90499 -2.59061
12458000 7.93535 -2.59861
12459000 7.99714 -2.80687
12460000 8.05836 -2.97308
12461000 8.04414 -2.83
12462000 7.99155 -2.74964
12463000 8.06519 -2.74234
12464000 8.0288 -2.83266
12465000 7.96954 -2.56064
12466000 8.01567 -2.67682
12467000 7.98727 -2.82063
12468000 8.03464 -2.81713
12469000 8.10088 -2.69499
12470000 8.04602 -2.79062
12471000 8.01194 -2.9009
12472000 7.92204 -2.68103
12473000 8.04345 -3.01
12474000 7.97505 -2.49686
12475000 7.95617 -2.64468
12476000 8.09593 -3.00773
12477000 8.05937 -2.71518
12478000 7.93825 -2.58495
12479000 7.98648 -2.62166
12480000 7.9996 -2.61599
12481000 8.02772 -2.87209
12482000 8.00857 -2.82042
12483000 7.99792 -2.56285
12484000 7.95662 -2.54655
12485000 7.9297 -2.75758
12486000 7.98236 -2.86273
12487000 7.92941 -2.784
12488000 7.98641 -2.77961
12489000 7.91944 -2.68582
12490000 7.94991 -2.58934
12491000 7.96845 -2.84169
12492000 7.97682 -2.69488
12493000 7.92118 -2.63772
12494000 8.0177 -2.73464
12495000 7.95835 -2.61998
12496000 7.94725 -2.96008
12497000 7.97943 -2.63826
12498000 7.94677 -2.54386
12499000 8.07376 -2.85588
12500000 7.99158 -2.72687
