# Time-averaged data for fix AVG
# TimeStep v_Vol v_H
39250000 7.62283 2.07847
39251000 7.64848 -4.25568
39252000 7.63006 -4.21902
39253000 7.6333 -4.17849
39254000 7.63 -4.19233
39255000 7.6442 -4.22027
39256000 7.63298 -4.22964
39257000 7.649 -4.22707
39258000 7.61026 -4.1129
39259000 7.60988 -4.08522
39260000 7.63739 -4.19249
39261000 7.63518 -4.18867
39262000 7.60288 -4.06392
39263000 7.62461 -4.1367
39264000 7.60871 -4.0884
39265000 7.61323 -4.06097
39266000 7.62395 -4.12197
39267000 7.58685 -4.02385
39268000 7.61482 -4.15975
39269000 7.61255 -4.16237
39270000 7.634 -4.18344
39271000 7.60775 -4.09084
39272000 7.61615 -4.06353
39273000 7.63051 -4.18471
39274000 7.60031 -3.98446
39275000 7.65494 -4.23492
39276000 7.62857 -4.16179
39277000 7.63399 -4.18389
39278000 7.62516 -4.18971
39279000 7.59375 -4.10743
39280000 7.58247 -4.00917
39281000 7.61443 -4.03698
39282000 7.62715 -4.16824
39283000 7.63063 -4.16356
39284000 7.66317 -4.28817
39285000 7.63028 -4.25345
39286000 7.64886 -4.24611
39287000 7.62846 -4.19829
39288000 7.64973 -4.25031
39289000 7.62006 -4.1519
39290000 7.6693 -4.315
39291000 7.58905 -4.05603
39292000 7.61483 -4.12784
39293000 7.64362 -4.25716
39294000 7.58948 -4.02594
39295000 7.62555 -4.1845
39296000 7.61532 -4.15417
39297000 7.61393 -4.1334
39298000 7.65416 -4.2466
39299000 7.64823 -4.20949
39300000 7.63684 -4.23549
39301000 7.63131 -4.1347
39302000 7.63708 -4.20441
39303000 7.60875 -4.12707
39304000 7.63274 -4.15663
39305000 7.63779 -4.14722
39306000 7.63888 -4.21253
39307000 7.62961 -4.17178
39308000 7.63675 -4.23346
39309000 7.60371 -4.10119
39310000 7.62271 -4.18339
39311000 7.6058 -4.05991
39312000 7.63455 -4.17538
39313000 7.65364 -4.27298
39314000 7.62756 -4.15309
39315000 7.61779 -4.08423
39316000 7.63682 -4.12615
39317000 7.60283 -4.09595
39318000 7.61554 -4.13163
39319000 7.61968 -4.17553
39320000 7.60673 -4.14027
39321000 7.60206 -4.09594
39322000 7.63156 -4.17319
39323000 7.61241 -4.10727
39324000 7.59934 -4.1435
39325000 7.64328 -4.16407
39326000 7.62665 -4.14097
39327000 7.59059 -4.05924
39328000 7.60869 -4.06059
39329000 7.63569 -4.18941
39330000 7.60162 -4.07613
39331000 7.60513 -4.11649
39332000 7.60527 -4.11343
39333000 7.61612 -4.11893
39334000 7.63666 -4.1927
39335000 7.63078 -4.21949
39336000 7.6589 -4.30748
39337000 7.63487 -4.2024
39338000 7.61932 -4.20164
39339000 7.59416 -4.08318
39340000 7.62316 -4.18481
39341000 7.62416 -4.1897
39342000 7.6256 -4.18246
39343000 7.6245 -4.2195
39344000 7.63434 -4.14345
39345000 7.65099 -4.25102
39346000 7.6022 -4.03011
39347000 7.62666 -4.22655
39348000 7.61985 -4.10982
39349000 7.61698 -4.13856
39350000 7.60087 -4.07565
39351000 7.61639 -4.14697
39352000 7.64259 -4.23904
39353000 7.64872 -4.21934
39354000 7.64765 -4.23958
39355000 7.61058 -4.10166
39356000 7.61253 -4.14712
39357000 7.59741 -4.11435
39358000 7.63023 -4.15916
39359000 7.67902 -4.36509
39360000 7.60971 -4.07139
39361000 7.60817 -4.08093
39362000 7.62594 -4.19453
39363000 7.64201 -4.2062
39364000 7.64251 -4.21654
39365000 7.60645 -4.13241
39366000 7.62864 -4.15563
39367000 7.60936 -4.12896
39368000 7.61327 -4.18569
39369000 7.62986 -4.19083
39370000 7.61983 -4.1476
39371000 7.61253 -4.14357
39372000 7.6528 -4.26072
39373000 7.64005 -4.16191
39374000 7.61648 -4.15088
39375000 7.61623 -4.10638
39376000 7.60897 -4.14285
39377000 7.62683 -4.13396
39378000 7.59757 -4.07139
39379000 7.61547 -4.13256
39380000 7.5838 -4.03862
39381000 7.61973 -4.19539
39382000 7.62907 -4.08598
39383000 7.61026 -4.13673
39384000 7.61464 -4.10619
39385000 7.62052 -4.15672
39386000 7.63613 -4.14471
39387000 7.63149 -4.17077
39388000 7.62526 -4.15316
39389000 7.59557 -4.11948
39390000 7.60536 -4.09003
39391000 7.59569 -4.03939
39392000 7.62213 -4.19055
39393000 7.6473 -4.2561
39394000 7.62446 -4.18822
39395000 7.60521 -4.12518
39396000 7.65108 -4.25974
39397000 7.61824 -4.16595
39398000 7.65665 -4.29674
39399000 7.65123 -4.24519
39400000 7.63474 -4.20026
39401000 7.65606 -4.2789
39402000 7.62712 -4.18459
39403000 7.60798 -4.09382
39404000 7.61796 -4.08824
39405000 7.60868 -4.08308
39406000 7.6455 -4.27456
39407000 7.65021 -4.2612
39408000 7.61839 -4.18269
39409000 7.63917 -4.27982
39410000 7.62602 -4.20936
39411000 7.62168 -4.13395
39412000 7.60095 -4.06459
39413000 7.63179 -4.20267
39414000 7.6351 -4.2335
39415000 7.59497 -4.07254
39416000 7.63096 -4.13845
39417000 7.61108 -4.08091
39418000 7.6471 -4.20471
39419000 7.62417 -4.16408
39420000 7.60324 -4.07307
39421000 7.65148 -4.27555
39422000 7.62821 -4.21349
39423000 7.6326 -4.20768
39424000 7.64164 -4.23071
39425000 7.62131 -4.20431
39426000 7.61276 -4.16303
39427000 7.62919 -4.1284
39428000 7.62717 -4.15974
39429000 7.61525 -4.18223
39430000 7.62964 -4.16122
39431000 7.62056 -4.15532
39432000 7.61987 -4.14072
39433000 7.60517 -4.09428
39434000 7.62548 -4.14728
39435000 7.63502 -4.21354
39436000 7.59043 -4.01895
39437000 7.62064 -4.12634
39438000 7.63906 -4.20448
39439000 7.61611 -4.12644
39440000 7.64056 -4.19617
39441000 7.61528 -4.11334
39442000 7.63198 -4.19583
39443000 7.64229 -4.24833
39444000 7.66153 -4.29852
39445000 7.64669 -4.20105
39446000 7.60029 -4.05001
39447000 7.64825 -4.23336
39448000 7.60785 -4.04103
39449000 7.63304 -4.17586
39450000 7.62332 -4.16753
39451000 7.61452 -4.17681
39452000 7.63543 -4.21058
39453000 7.63621 -4.23127
39454000 7.5893 -4.08779
39455000 7.60387 -4.11072
39456000 7.62523 -4.14113
39457000 7.61846 -4.15423
39458000 7.63261 -4.18106
39459000 7.62636 -4.15643
39460000 7.63902 -4.16205
39461000 7.60603 -4.10028
39462000 7.61579 -4.11211
39463000 7.57133 -3.97588
39464000 7.61536 -4.08724
39465000 7.6022 -4.12114
39466000 7.63568 -4.15619
39467000 7.60668 -4.12071
39468000 7.60045 -4.11315
39469000 7.62742 -4.16132
39470000 7.60802 -4.19666
39471000 7.59766 -4.10658
39472000 7.62938 -4.16797
39473000 7.62712 -4.1947
39474000 7.62331 -4.16233
39475000 7.61398 -4.12955
39476000 7.62424 -4.10459
39477000 7.62719 -4.14638
39478000 7.63859 -4.18007
39479000 7.64781 -4.19924
39480000 7.59845 -3.99617
39481000 7.60402 -4.03072
39482000 7.63573 -4.16687
39483000 7.6185 -4.11984
39484000 7.62141 -4.18287
39485000 7.63241 -4.24057
39486000 7.59527 -4.04696
39487000 7.63646 -4.2111
39488000 7.62943 -4.18548
39489000 7.62073 -4.14805
39490000 7.63692 -4.15304
39491000 7.63981 -4.28452
39492000 7.64552 -4.21839
39493000 7.62204 -4.15401
39494000 7.64733 -4.20336
39495000 7.64599 -4.17279
39496000 7.61322 -4.10615
39497000 7.64728 -4.23489
39498000 7.62339 -4.20594
39499000 7.64349 -4.24448
39500000 7.61953 -4.14161
