# Time-averaged data for fix AVG
# TimeStep v_Vol v_H
26250000 7.88201 2.4385
26251000 7.8965 -2.76095
26252000 7.79836 -2.42749
26253000 7.89232 -2.68461
26254000 7.9053 -2.83734
26255000 7.8968 -2.88493
26256000 7.82051 -2.83055
26257000 7.83392 -2.53887
26258000 8.01187 -2.6072
26259000 8.00913 -2.62913
26260000 8.04573 -3.05134
26261000 7.89548 -2.69915
26262000 7.90613 -2.63752
26263000 7.89648 -2.68577
26264000 8.0184 -2.99511
26265000 7.99969 -3.15837
26266000 7.97627 -2.74368
26267000 7.87105 -2.62046
26268000 7.97056 -3.06832
26269000 7.96405 -2.88662
26270000 7.95977 -2.7274
26271000 7.85631 -2.67641
26272000 7.94771 -2.7786
26273000 7.95927 -2.86217
26274000 7.93562 -2.69657
26275000 7.9361 -3.00695
26276000 7.92187 -2.69366
26277000 7.97697 -2.98393
26278000 7.90973 -2.78929
26279000 7.94508 -3.00968
26280000 7.8947 -2.78502
26281000 7.90111 -2.88059
26282000 7.95571 -2.85302
26283000 7.9469 -2.93473
26284000 7.88531 -2.802
26285000 7.87201 -2.71476
26286000 7.86504 -2.62283
26287000 7.93226 -2.84099
26288000 7.80462 -2.55825
26289000 7.86752 -2.85942
26290000 7.87621 -2.7223
26291000 7.91584 -2.78997
26292000 7.85009 -2.65346
26293000 7.87793 -2.82326
26294000 7.89759 -2.89198
26295000 7.9399 -3.10704
26296000 7.98792 -2.99199
26297000 7.80752 -2.58995
26298000 7.92954 -2.65731
26299000 7.96813 -2.80051
26300000 7.94432 -2.86003
26301000 8.10286 -3.07627
26302000 7.93799 -2.71942
26303000 7.99992 -2.86745
26304000 7.94794 -2.68512
26305000 7.97172 -2.72171
26306000 7.9502 -2.61261
26307000 8.00842 -2.73384
26308000 7.966 -2.84034
26309000 7.95925 -2.84874
26310000 7.92261 -2.83245
26311000 7.93463 -2.69298
26312000 7.99067 -2.90906
26313000 7.8845 -2.61593
26314000 7.95932 -3.01113
26315000 7.95493 -2.88405
26316000 7.88615 -2.73215
26317000 7.91688 -2.88317
26318000 7.99051 -2.81088
26319000 7.91321 -2.70944
26320000 7.92263 -2.83607
26321000 7.98822 -2.92901
26322000 7.93791 -2.59796
26323000 7.93756 -2.92345
26324000 7.98077 -2.85126
26325000 7.87395 -2.59747
26326000 7.9342 -2.85
26327000 7.82617 -2.60286
26328000 7.96333 -2.80265
26329000 7.85514 -2.82025
26330000 7.81674 -2.84012
26331000 7.83654 -2.7544
26332000 7.84988 -2.89485
26333000 7.88168 -2.81442
26334000 7.85418 -2.82303
26335000 7.94671 -3.18948
26336000 8.01388 -2.77551
26337000 7.91453 -2.8464
26338000 7.90342 -2.59405
26339000 7.91785 -2.8259
26340000 7.8357 -2.56753
26341000 7.92046 -2.76138
26342000 7.87621 -2.83124
26343000 7.87125 -2.88377
26344000 7.87287 -2.9051
26345000 7.87647 -2.95718
26346000 7.89443 -2.731
26347000 7.95563 -2.8087
26348000 7.92225 -2.80988
26349000 7.99236 -2.90943
26350000 7.90223 -2.53456
26351000 8.01501 -2.89393
26352000 7.94418 -2.59846
26353000 7.86428 -2.60722
26354000 8.01725 -3.15038
26355000 7.90069 -2.69546
26356000 7.80751 -2.58007
26357000 7.80968 -2.89755
26358000 7.90186 -2.90305
26359000 7.86897 -2.70924
26360000 7.9141 -2.82054
26361000 7.92384 -2.79166
26362000 7.95094 -2.69622
26363000 7.8377 -2.74268
26364000 7.95058 -2.80816
26365000 7.94992 -2.74698
26366000 7.92346 -2.9137
26367000 8.05156 -3.07456
26368000 7.86911 -2.74298
26369000 7.83122 -2.46225
26370000 7.91681 -2.86098
26371000 7.86901 -2.769
26372000 7.9405 -2.7869
26373000 7.86883 -3.08063
26374000 7.8343 -2.76246
26375000 7.87081 -2.67356
26376000 7.94208 -2.87045
26377000 7.98487 -3.06802
26378000 7.89428 -2.59996
26379000 7.97579 -2.68665
26380000 7.85145 -2.61604
26381000 8.00665 -3.24086
26382000 7.95506 -2.65575
26383000 7.93163 -2.89411
26384000 7.97162 -3.07172
26385000 7.89791 -2.7746
26386000 7.8035 -2.68415
26387000 7.90604 -2.94771
26388000 7.8656 -2.78829
26389000 7.96065 -3.13024
26390000 7.90298 -2.92252
26391000 7.92053 -2.91416
26392000 7.9196 -2.73811
26393000 7.90244 -2.91116
26394000 7.89151 -2.8632
26395000 7.8698 -2.63731
26396000 7.98299 -3.10201
26397000 7.84959 -2.67204
26398000 7.79495 -2.69282
26399000 7.92862 -2.69103
26400000 7.86939 -2.82507
26401000 7.98187 -2.84231
26402000 7.81065 -2.75349
26403000 7.93851 -2.7595
26404000 7.92206 -2.97093
26405000 7.93203 -2.87144
26406000 7.94052 -3.00772
26407000 7.89753 -2.85141
26408000 7.95243 -3.05533
26409000 7.93458 -3.02953
26410000 7.94825 -3.01454
26411000 7.94107 -2.96946
26412000 7.92425 -2.83845
26413000 7.90493 -2.64691
26414000 7.84157 -2.58348
26415000 7.95566 -2.9526
26416000 7.92021 -2.7457
26417000 7.88473 -2.78627
26418000 8.01643 -3.04003
26419000 7.97789 -2.76811
26420000 7.93641 -2.91831
26421000 7.86882 -3.00136
26422000 7.78607 -2.50712
26423000 7.89995 -2.98728
26424000 7.95441 -3.10202
26425000 7.78707 -2.43766
26426000 7.81754 -2.73068
26427000 7.93959 -2.9632
26428000 7.90479 -2.71315
26429000 7.84982 -2.91332
26430000 7.80651 -2.72618
26431000 7.90935 -2.7401
26432000 7.87426 -2.78473
26433000 7.88296 -2.8996
26434000 7.81161 -2.59317
26435000 7.90189 -2.84391
26436000 7.83478 -2.60656
26437000 7.89444 -3.10616
26438000 7.89341 -2.73986
26439000 7.88686 -2.85984
26440000 7.91158 -2.85443
26441000 7.87509 -2.68276
26442000 7.8715 -2.71326
26443000 7.97303 -2.92778
26444000 7.89906 -2.78819
26445000 7.91779 -2.8974
26446000 7.94414 -3.11401
26447000 7.81351 -2.71277
26448000 7.92126 -2.90415
26449000 7.92615 -2.8264
26450000 7.96115 -3.01602
26451000 7.93025 -2.71095
26452000 7.9716 -2.91995
26453000 7.88524 -2.77121
26454000 7.92405 -3.00969
26455000 7.93146 -2.78695
26456000 7.89837 -2.79309
26457000 7.87009 -2.57995
26458000 7.99048 -3.01024
26459000 7.8999 -2.86278
26460000 7.89075 -2.94893
26461000 7.88749 -2.90602
26462000 7.82981 -2.69617
26463000 7.83694 -2.64692
26464000 7.83992 -2.67391
26465000 7.91699 -2.94521
26466000 7.96669 -2.81834
26467000 7.86544 -2.65433
26468000 7.9231 -2.84578
26469000 7.92726 -2.78405
26470000 7.89724 -2.5611
26471000 7.81864 -2.6406
26472000 7.94762 -2.88604
26473000 7.96075 -2.92593
26474000 7.93563 -2.99344
26475000 7.96855 -2.87007
26476000 7.85967 -2.68925
26477000 8.01788 -2.9145
26478000 7.8144 -2.45888
26479000 7.91001 -2.64832
26480000 7.99823 -3.10564
26481000 7.9251 -2.77878
26482000 7.8443 -2.91726
26483000 7.83272 -2.83904
26484000 7.88803 -2.62174
26485000 7.89571 -2.802
26486000 7.84489 -2.69111
26487000 7.98359 -3.0767
26488000 7.93809 -2.83087
26489000 7.93126 -2.96207
26490000 7.88665 -2.78327
26491000 8.03793 -3.17048
26492000 7.90302 -2.68804
26493000 7.9326 -2.61808
26494000 7.904 -2.41698
26495000 8.0097 -2.71113
26496000 8.03264 -3.06604
26497000 7.89718 -2.54714
26498000 8.00473 -2.6092
26499000 7.90321 -2.80101
26500000 8.00638 -2.61657
