# Time-averaged data for fix AVG
# TimeStep v_Vol v_H
19500000 10.7463 1.71744
19501000 10.6002 -4.45526
19502000 10.6549 -4.54046
19503000 10.5756 -4.42162
19504000 10.7197 -4.87561
19505000 10.7242 -4.74687
19506000 10.6454 -4.51672
19507000 10.6472 -4.49476
19508000 10.6943 -4.56754
19509000 10.6715 -4.47403
19510000 10.6997 -4.62824
19511000 10.659 -4.53702
19512000 10.6626 -4.49936
19513000 10.6903 -4.6758
19514000 10.6508 -4.46403
19515000 10.7306 -4.67182
19516000 10.7151 -4.60398
19517000 10.6657 -4.49621
19518000 10.6668 -4.52565
19519000 10.6422 -4.4745
19520000 10.6579 -4.48089
19521000 10.6599 -4.54288
19522000 10.7 -4.62592
19523000 10.7118 -4.6379
19524000 10.647 -4.439
19525000 10.6668 -4.52767
19526000 10.7164 -4.58569
19527000 10.7037 -4.52048
19528000 10.6957 -4.60323
19529000 10.6006 -4.38022
19530000 10.5641 -4.19388
19531000 10.6427 -4.41114
19532000 10.7174 -4.64336
19533000 10.679 -4.49639
19534000 10.7146 -4.63378
19535000 10.6722 -4.59749
19536000 10.6308 -4.47496
19537000 10.6052 -4.49329
19538000 10.7453 -4.79023
19539000 10.6832 -4.56321
19540000 10.6597 -4.62768
19541000 10.7034 -4.57471
19542000 10.6683 -4.50904
19543000 10.6646 -4.50507
19544000 10.6726 -4.46629
19545000 10.709 -4.64102
19546000 10.7011 -4.47598
19547000 10.6767 -4.58024
19548000 10.6418 -4.42801
19549000 10.7233 -4.6989
19550000 10.6165 -4.46648
19551000 10.7008 -4.58598
19552000 10.6524 -4.43504
19553000 10.6805 -4.55933
19554000 10.7944 -4.72157
19555000 10.728 -4.76019
19556000 10.6641 -4.46107
19557000 10.6152 -4.41267
19558000 10.6721 -4.43675
19559000 10.694 -4.46915
19560000 10.6975 -4.54349
19561000 10.6943 -4.57185
19562000 10.7381 -4.71585
19563000 10.7397 -4.57709
19564000 10.7329 -4.62208
19565000 10.6421 -4.47097
19566000 10.7011 -4.60358
19567000 10.7362 -4.71401
19568000 10.7208 -4.75642
19569000 10.6895 -4.53518
19570000 10.6714 -4.47023
19571000 10.6301 -4.5655
19572000 10.6582 -4.34805
19573000 10.7501 -4.71837
19574000 10.6875 -4.54495
19575000 10.6776 -4.49198
19576000 10.744 -4.59078
19577000 10.7238 -4.68078
19578000 10.764 -4.64013
19579000 10.7022 -4.57509
19580000 10.6326 -4.38143
19581000 10.7162 -4.57576
19582000 10.5697 -4.26353
19583000 10.662 -4.48913
19584000 10.6733 -4.39762
19585000 10.8081 -4.81516
19586000 10.6775 -4.46474
19587000 10.7032 -4.63004
19588000 10.6385 -4.4351
19589000 10.6931 -4.62549
19590000 10.6123 -4.3966
19591000 10.7126 -4.64373
19592000 10.6676 -4.5397
19593000 10.6842 -4.66337
19594000 10.6386 -4.48264
19595000 10.7266 -4.70743
19596000 10.5997 -4.27243
19597000 10.6614 -4.58575
19598000 10.6726 -4.50829
19599000 10.6348 -4.52902
19600000 10.6684 -4.48826
19601000 10.6463 -4.51063
19602000 10.6388 -4.53088
19603000 10.6399 -4.42093
19604000 10.6759 -4.57163
19605000 10.6115 -4.30308
19606000 10.6746 -4.52519
19607000 10.699 -4.53384
19608000 10.6812 -4.53501
19609000 10.6937 -4.50087
19610000 10.7431 -4.61629
19611000 10.7317 -4.67647
19612000 10.6388 -4.41421
19613000 10.7093 -4.59606
19614000 10.74 -4.52232
19615000 10.7472 -4.59865
19616000 10.6673 -4.49364
19617000 10.66 -4.51563
19618000 10.7684 -4.77044
19619000 10.6848 -4.54085
19620000 10.6608 -4.56252
19621000 10.7421 -4.70266
19622000 10.6835 -4.52639
19623000 10.7417 -4.68695
19624000 10.7411 -4.64426
19625000 10.6474 -4.53794
19626000 10.632 -4.54627
19627000 10.6869 -4.61465
19628000 10.6544 -4.54192
19629000 10.677 -4.55937
19630000 10.6952 -4.63755
19631000 10.6746 -4.59632
19632000 10.7243 -4.71093
19633000 10.6647 -4.54636
19634000 10.6835 -4.63584
19635000 10.6699 -4.51
19636000 10.6853 -4.54151
19637000 10.6842 -4.54782
19638000 10.678 -4.54824
19639000 10.6868 -4.63124
19640000 10.7196 -4.6324
19641000 10.6241 -4.44055
19642000 10.6595 -4.4726
19643000 10.7636 -4.74577
19644000 10.6558 -4.44923
19645000 10.729 -4.56445
19646000 10.7172 -4.64923
19647000 10.6127 -4.37155
19648000 10.6969 -4.6055
19649000 10.7811 -4.72842
19650000 10.7868 -4.68012
19651000 10.7177 -4.52773
19652000 10.6627 -4.49155
19653000 10.7228 -4.66583
19654000 10.6809 -4.52917
19655000 10.676 -4.51585
19656000 10.6868 -4.61051
19657000 10.6688 -4.49492
19658000 10.6832 -4.58437
19659000 10.6975 -4.54273
19660000 10.7027 -4.56469
19661000 10.7084 -4.66382
19662000 10.7149 -4.58467
19663000 10.6295 -4.50418
19664000 10.719 -4.628
19665000 10.701 -4.53171
19666000 10.7421 -4.56468
19667000 10.7604 -4.78834
19668000 10.695 -4.54775
19669000 10.7096 -4.50149
19670000 10.5667 -4.30319
19671000 10.7428 -4.68233
19672000 10.7215 -4.70028
19673000 10.598 -4.44386
19674000 10.6862 -4.5317
19675000 10.6183 -4.40106
19676000 10.7074 -4.63544
19677000 10.6376 -4.37366
19678000 10.6238 -4.39685
19679000 10.6958 -4.61666
19680000 10.602 -4.39355
19681000 10.7235 -4.59817
19682000 10.6836 -4.44268
19683000 10.6894 -4.61674
19684000 10.6874 -4.6436
19685000 10.7172 -4.68597
19686000 10.6696 -4.48017
19687000 10.6819 -4.60366
19688000 10.7159 -4.56675
19689000 10.6266 -4.44396
19690000 10.6727 -4.4987
19691000 10.6952 -4.51206
19692000 10.6153 -4.42016
19693000 10.7409 -4.70588
19694000 10.7185 -4.60395
19695000 10.7027 -4.54935
19696000 10.7499 -4.67519
19697000 10.718 -4.67214
19698000 10.6829 -4.64416
19699000 10.7375 -4.7249
19700000 10.6513 -4.51192
19701000 10.691 -4.64358
19702000 10.6348 -4.46458
19703000 10.7188 -4.7518
19704000 10.7503 -4.77409
19705000 10.6898 -4.60328
19706000 10.6949 -4.67804
19707000 10.6428 -4.48325
19708000 10.7255 -4.6165
19709000 10.747 -4.66681
19710000 10.6856 -4.50249
19711000 10.7105 -4.64968
19712000 10.7229 -4.61206
19713000 10.7543 -4.73028
19714000 10.6509 -4.54277
19715000 10.6286 -4.42718
19716000 10.76 -4.72371
19717000 10.7315 -4.69257
19718000 10.6959 -4.58182
19719000 10.677 -4.43385
19720000 10.7487 -4.67574
19721000 10.6783 -4.62225
19722000 10.6456 -4.60187
19723000 10.6214 -4.45579
19724000 10.6943 -4.53627
19725000 10.6953 -4.62545
19726000 10.6527 -4.48914
19727000 10.6842 -4.50009
19728000 10.697 -4.51262
19729000 10.6651 -4.5153
19730000 10.7807 -4.73891
19731000 10.6588 -4.4474
19732000 10.6742 -4.49017
19733000 10.659 -4.52474
19734000 10.668 -4.40174
19735000 10.6899 -4.52514
19736000 10.7869 -4.7791
19737000 10.6872 -4.58701
19738000 10.7047 -4.5832
19739000 10.7456 -4.71638
19740000 10.7305 -4.70272
19741000 10.647 -4.53325
19742000 10.674 -4.59286
19743000 10.6517 -4.50085
19744000 10.6556 -4.49175
19745000 10.6753 -4.5379
19746000 10.724 -4.72961
19747000 10.693 -4.64364
19748000 10.8236 -4.76147
19749000 10.7142 -4.6476
19750000 10.6762 -4.38569
